--- Global Parameters ---
Code Length:			11
Min Codebook Edit Distance:	4

Max Run:			0
Min GC Content:			0
Max GC Content:			0

Using Generation Method: LinearCode (minHD=3)
Bias vector: [2, 1, 1, 2, 1, 3, 0, 2, 3, 2, 2]
Row permutation: [0, 6, 7, 5, 1, 3, 2, 4]
Column permutation: [8, 2, 0, 3, 7, 6, 4, 9, 1, 5, 10]

--- Results Summary ---
Number of Candidates:		65536
Number of Ones in Matrix:	9840106
Number of Code Words:		2711

--- Performance Metrics ---
Number of Threads:		32
Candidate Generation Time:	0.04	seconds
Fill Adjacency List Time:	10.79	seconds
Process Matrix Time:		7.79	seconds
Overall Execution Time:		18.64	seconds
=========================================== 
30000000002
33210000000
11000000033
33300003333
33330000302
23332000000
33333330332
30003330032
30000333333
33303333303
32233333000
23333320002
23331100022
33333100320
33303300000
33300200022
33301000011
23000000021
22320000022
20100000222
21130000020
32220000202
30003100020
23330130003
33302100033
02333310000
02333000023
32333300202
32133330033
31233300001
23333030021
22233300022
32133100021
22233010001
22230200000
22231000033
22030000223
30113300002
32023300003
20122000002
22322330000
31110000102
11111000022
11113300033
13333300233
13133000003
11003330003
11113220002
30332200002
33122200000
21132220000
33120330003
03320000013
00130000011
00132300000
02000000010
00021000000
03231000002
02111000001
01100000213
01301000003
32313030000
32311100003
22011300000
23003100003
11001200000
03013000020
22110000121
02001110000
03321110003
00131110001
00133100033
00133330021
02003330020
20303300023
20301000032
20303010000
02220010000
02222000032
03100100001
00312000033
00131200022
02220300023
02201000200
22100020001
21000002000
11220300000
20123320000
20121100020
30221100002
01211110002
01213330022
01212300003
12213330001
03321200020
03311000300
00311330003
03011220000
02331220003
13310300001
13311020003
13313110000
01131000100
31011010000
33121010001
31012200001
11111310001
33121300022
33211320002
32310220001
33111100302
30220220000
30223030001
31100220003
30120000300
33120020020
30310000203
31011300023
33020000103
13200030003
13202100000
11332100001
10320000030
12033110003
12033200020
10231000021
11223110001
11222000011
11110200011
11221020002
11222230003
30222310003
31102310000
01121220001
22231120002
23111120001
21021120000
21023300020
21023010003
21112000200
21113302000
03011300031
01121300030
00211000103
03110000110
03111110100
31100010011
02031000303
00101000302
10103110002
10102230000
21311210003
02003020003
00201220002
00201300033
00203310001
20212220003
10010030001
20120130001
30002130001
12032230001
10110000133
11120000331
11110320020
11111230030
11230000130
11233330100
21133330010
02230001003
11100021000
10130003000
11210030300
12231002000
12211100030
11110110032
32200110003
12120210003
32201300021
00200020031
02330020030
01120020032
02110200032
01110203000
01111003033
01111100310
20111113000
20211110033
20011000233
01121010013
11113010010
01110300323
01030300021
01111330302
00111300232
30111120022
00000300223
00000010200
00002000232
00000001301
00003200201
03330010100
00311020020
00111220203
00113310200
00102003003
01011202003
00022210001
00011110303
20001300303
00001100210
03011010012
00111010211
02331010011
30011100101
00111130220
32111300220
33011000210
33013300201
33311111001
23111230022
00122000130
03332000132
03333200101
01020000111
01111020321
31010020021
30000120033
30330030033
32200030032
02000310033
10330300100
13310010022
33010002022
11220010023
32310010013
30220010012
30010010111
30010101003
20013300222
33033120001
01303300012
31003300102
12033030032
10103030033
11002300022
11010300103
21310300013
21310010030
21101000333
22103200033
12300200013
23002300030
12223000301
10001000122
00001020221
00001330202
00001132003
11010010120
11333020022
11201000223
12020000132
12030010021
03010210021
01120210020
01300110013
12300110030
12300320022
31100130020
13000010223
00000022013
30012000123
11001110023
00200330012
12000030302
11300300302
01302210002
22001000130
13023220003
11003210032
01000020330
01001300332
10013310020
00123200103
00120010102
20000010332
00121100112
10000311003
11020003100
11323000102
01230100202
21132300031
30000230010
21020030010
22000030111
23220300012
03000030120
02200030221
02200200233
00001003133
03022000333
03230200031
00023010032
02300300321
02330210022
02300203002
33003000331
33002200302
23300020300
33000330301
01120330011
02330330013
03010330010
23003330011
00022330030
01302330033
03300020232
03301300230
31303000233
31302200200
31300020220
13300201000
10300012002
10110201002
13001020202
11130010222
00110210222
10011002200
01100122002
00100320300
02200320202
03000320103
02023002002
01103020200
02133200200
32132020002
31002020100
01302020010
00300230100
00301001010
30001001100
33010110200
03302030200
03300210220
03012110030
23010031000
33020011002
00310220013
03032300203
02103000120
03320310030
01320010203
01320032001
03020010301
03023200300
11230201001
13132320001
13110030202
32110020222
03210002033
31120002023
31101020030
01300002231
00000130231
11300010321
01100310230
01000313001
01003003013
01000210322
11000201102
00030330111
00031300130
00031220101
00033310102
00030111002
00031231000
00031010113
00313030012
30010300132
00030210120
01033110020
00030003220
00003110222
00000033112
03033330222
00003320230
03103320033
00021230012
10000002310
31000002321
11110002210
10120002012
13330002010
10300020211
03300330211
31300330203
10300210203
01110033012
30000032211
00110330213
10210300202
20010030212
21100030312
00100110312
03230110012
31000320111
03333030113
03133000322
00311210032
21103300322
01331303000
01320300220
13100002113
23300002102
00330302001
03130023001
00132220031
03322220033
00020023300
00010310330
00300310131
03002200111
00013330323
00010120322
00012220333
03310200333
01333100332
01333330320
12300002212
13000130212
11220130012
12030130010
01130320102
03112300101
00110012023
00200012222
31000031022
20000313030
33030310022
03303310202
11000032220
03333320130
03030122003
33012020203
13301200102
13300031012
11330310012
13303330101
33200100111
33311010102
33311300121
13211000120
03331330102
20032100012
20231300200
00311002222
03031200221
01012100220
03301130222
33001133002
33000103023
33110010312
33111020333
13011103001
01010230202
00002230220
00312230021
02222230020
30002220022
32000220200
33100312002
31310303002
13003110201
13003022001
33203030100
31003003200
32003030201
13003030230
03100032201
12310003200
32000033100
10000333201
10310333000
20100332003
03310320302
03012320022
30000321102
32300321000
33303220031
30200132000
30011020130
23010020101
23101300100
10001310101
13013330300
02013301001
00011203010
32020320010
33002030310
32023010020
13023010011
33212300011
02232300102
20023100102
22003010102
21200330023
32032200100
33032010033
23030200301
23030030313
23022000201
23201000231
23220010031
33120210032
32100200323
32103300301
32000001313
32031010101
21303100101
21103010301
02030320301
01210310031
11101130100
01001130320
33100011300
33113030301
03113330120
01211320010
03111303200
11112330012
31100033303
02100330110
02102030101
03102310012
00002310211
00210320101
13100200312
20131000131
20130030110
20130200102
20333000310
03313300311
01013300213
01333020303
10113330103
13010100323
11033100310
10132000313
30113220033
10113100111
02101300131
03111200123
01132100122
03100203303
10321030011
00323103003
00322030301
00320330310
11300130310
11301100331
13032000110
13301030110
31330300131
33130200121
01130110110
21130120011
30013200110
03301010213
00221110200
00221200223
00021310023
10212032000
00321220300
20113023003
12320300203
12030220033
21020320033
22230320031
21100320331
11000303331
11000223300
11300220333
11220220031
10002020131
10021020303
10232020032
10022023002
10020103010
11102200130
21322000303
11132002030
11130322003
21231003001
10310120300
10201103003
11001103302
13031301003
11303110303
31021100303
10201200301
10200013013
10022200331
01102220233
11110333301
10203330302
10233130022
21020110021
20010110223
10301010230
01113110322
20031003300
30001023302
30002203330
12333330303
01130002332
01110220312
00102020311
01100303111
21102100311
31121000211
00103033022
01203030112
01133010132
00333010233
30030203012
30301020331
30210030331
30100022301
10002302301
11302230301
20100022020
22000110120
22101010020
21200210012
02220220012
20210120012
10220020113
10330010123
03003011023
10002330112
10031300211
30203002011
31220001010
33103200211
33032002202
32222002001
33230202002
33331023002
32002300212
20003302100
20000032130
20001002111
20033001103
00033120110
02333120012
23023302001
30333003301
30033113000
30033010323
33333210303
33330120333
22021003003
22000121003
10101210013
11101010131
21000103103
13301103200
33100120230
20022220100
00222220230
00332210200
10322220010
03330220112
22330300112
22333200130
02130022012
33012100232
30211300322
32031300122
32323000332
03313010332
33130003230
33101030220
00321300331
00310033313
00101230310
00002333103
03021330303
03022333002
02022322000
00010221200
00210023203
12101200203
22000013203
20000112101
10200310311
33030001111
21300021011
21213000111
03330130131
03020130330
03201200322
32010100312
03200310332
02101010112
03031030233
13000312031
33310020123
33310202300
02000021122
02030002131
22330010131
00202002210
00120220110
02101220100
10002033210
12110020310
02221020021
30102030113
01132020113
00113003113
33312030111
11112001103
11110301112
11203010211
11200320221
31003010121
30300130321
21001020210
21001210202
21030201010
33302210010
20021200113
10232001100
10131002102
13002202010
11311200201
10011301102
13330320220
13332010202
03303222002
01231220200
11330012200
11303123000
12301230032
10122010200
01311220102
01312030103
01311300133
03111030131
03310110310
20311201001
31011220012
22011130012
20001130311
11211300313
10001120113
10333110101
12033320011
31113301011
11313002023
20002203011
10100022233
21301131001
30101201020
03010012220
12320010220
30201230200
31001230101
33131230100
33111330310
30221330010
20021301010
20020211000
31011130031
20111033031
03303012010
23221020010
13321002100
12200220130
01200130130
10232210020
33123310010
33130320110
03030303110
30320110100
10001112300
30202100230
03021020320
31333200113
31130023013
20012330203
30031230303
00013031201
00301033203
00200103330
01200203201
00300202313
30100210133
01003222100
01103301300
00130331100
00033332300
00030012321
01303001130
03333331031
03313323003
33002323003
00323333011
13003101300
12203110100
01023130100
00033230133
30033220331
31233220030
31222200102
12002001202
31220020122
01022001022
20120220022
20002022102
23202002020
03001121020
31200101200
23221210002
13222302002
13123011000
33133010120
33330011203
00001313110
00021321100
00101310321
00211310120
03001310122
01300133301
10100011130
11012111000
11221210010
13311210011
33011202011
12310210100
00112001321
03120102022
01122320023
01220320303
00102330332
03312330330
13100320323
32100320312
31301003120
31203020310
31230303300
31301130230
31301212000
31323130010
33021200130
22300130201
20101302022
10030122020
10032320202
30023302022
10030013110
10200230320
11030203023
11102030122
10032030221
11302032100
13302331003
01101033102
01210003322
30121200333
01230330210
02120230300
13011023030
11001023333
31200120332
32011203002
30123303033
33223300302
33233302020
13232023000
02210133000
20221000330
00303032330
02300031230
03121312000
23312022001
31312020301
31312100330
03012021100
03122003102
00122120101
10220210101
00032110131
00011102132
00013202123
10002210123
13122230101
11103231001
02010201023
02103310103
21000122031
21100301203
21100011220
21102330303
21101120302
21001001322
23130100232
20102300233
22002020123
22100001133
21010001232
11013200121
13123200120
13130001122
01300101112
11002101113
11000111121
11002331101
01313310101
10201110322
13301110121
10110111021
00112110233
11021010233
13112200233
30021130233
00321130323
00121021033
00102032120
00302102302
20100211302
12020011033
12201001031
10021001231
03010031132
00221030231
01222100323
01222210300
01223010333
12120003303
21020013302
20030203333
00002011333
10031012012
31001120122
32000122012
03200331200
33200111010
10210130210
03101011101
02001101101
23000101122
01201022300
10311303021
11311302032
11311110222
13111102010
13132110013
11021102011
11021022020
21222022000
31111110112
31112010130
31110230110
21120010133
32120300133
32121100100
32321010300
23212303000
23102030130
00212330133
01000332133
00233320333
00320210321
30320002322
13010133020
22101003301
13101310302
33112310303
31120110201
11320131003
11111013303
13110021303
00203013303
01002021203
01000321212
01020310132
01023201011
03222010120
03222021003
30233210100
30233100123
20130320133
30332110021
01133211003
11330021103
11331301101
02103121001
01131201031
03231310021
20211320021
13201220021
13111022021
00132102201
03112102300
33211023300
00013213022
00230113020
10033011301
20130110121
10030101332
12311010133
00233301201
00332330231
30210213002
32101230302
21012033002
20332033001
21113001302
22203100302
22203001201
11103202302
11101022322
21121020112
01112002112
11100222311
03020220313
22320120013
22113100103
31131133003
31113210103
11111112200
11111211102
12311130102
21111130211
11310201303
12321020201
11210021201
31213030203
12103012030
12000322101
11200332010
12100330231
11103320113
12003333031
31201320301
01021033200
11012023200
11122302100
21121210100
11002212200
11020222013
31300222021
13110222012
30021212003
13211211000
13211101023
13210110130
21101101230
23131012002
32113120200
20131101032
21011110332
20311111022
20011112011
20313331002
20331110331
20311130110
20302101100
30002211101
10332230103
20321003101
21210011021
21211101031
21011103013
21021230023
30321230102
23021100223
22321110032
20011032020
20011101330
30111101110
10211001332
20320001333
33002001233
20012012033
02120103031
02030110313
00103113013
01203331030
12133321000
11113321101
12110102101
22110211001
22111131003
01111132103
01021131033
23113130033
23231131000
23001131103
31011111103
31110211022
01110212101
21011131200
21110210213
01310210123
03110103233
11110221123
01101212011
11121023031
21101230321
11101221033
11312212001
11120133021
01113320330
31110012333
33311130133
30311110213
33310210131
33300231101
11111032231
11010113203
12011013100
11011330122
11301330323
12121330020
01223233000
11310230220
01213103300
11220113300
02032330333
21311001123
21221002013
11203102033
22121102001
23210033022
11212033013
13030330132
21300331032
22300033122
33110333032
13230303033
23111102203
23311200213
01330120321
00310201121
23310310203
23311302020
23323010101
23321101030
02231110103
30230120130
02332320021
00333220221
02310120220
03131013020
30310310220
30311320201
10110032320
01112230320
21312230010
23320030112
01313111030
10311101220
10310131201
10310301213
11030031211
11310103111
10333033200
03312103012
11103103220
11030302120
11031112102
11001122230
10111122330
12030102203
10313321200
10333021031
01330213010
30133032020
30131102023
30311023103
31111122301
30001122201
10211222001
10213302013
02131012033
22031110233
32003110230
31333110130
32003303130
00303303221
21013030320
00331332020
31033330230
31033210201
03203330321
31003211010
21003110213
23223110013
03111221011
03112220130
01101231303
03302223100
03332230120
23331201100
13330131300
13310113301
13310033330
13103023010
11133033101
01123003311
03120133101
01203110123
01210011113
00313011120
03213110220
01231302011
01010013131
00330013132
03132113002
30330213300
10330022330
00322110330
10112212300
11131121300
31121120220
13113320210
11331102210
11131210211
13312002230
11331320033
13333132001
33231002031
32333010221
13033202303
11133222021
02011210130
03302101330
03300321310
02311032010
30011032301
31011102222
12011120210
12011310202
10112203201
10121202021
02102111020
13111212033
00332020212
00113201312
00133021112
00100312113
30320320112
00201111113
03101131130
33312110120
33300311130
23011330130
23013200133
00020311121
00001233121
30013320121
30303320320
03001032312
03302110231
03212120201
00211202302
00223102012
00111211320
20011230221
01003123022
00300322322
03110322320
01022102301
00031113230
03120111303
00112311302
03012101131
03123010231
10123300231
03113302333
01311012330
02003302233
02200312011
00203332203
02131330203
01133323203
01133033220
01303033323
01313003212
02133030212
11031230332
10110133223
00113233101
00211230111
00111331311
02111123300
10131323002
30123223002
10111231023
10211121303
10130313023
10121101323
10120301310
10112321010
10121003110
10312330313
20113110313
30133333102
11103333232
11102133201
10013333332
30301330312
01313230130
02230310130
02303110320
20220303020
10023230310
00021133310
01221133011
03001133211
00131032210
00131213303
10012133301
10032331303
10001133232
21011213030
02211103021
10130132130
31131220310
10011113312
03011113331
30221203300
30022301300
30311331300
30032033023
10101203332
11021031301
10133133011
10103013321
13300133221
31020233020
10201333011
23100033223
10013023311
03201023011
23100012311
10103302212
12033002221
02001312201
12100133120
12101023130
10101021111
13211120111
30112031101
13131031103
31310132100
13113213100
20310311011
01113011221
01001122111
00031122313
00032202332
00033221032
30330023312
30331303310
01303102213
02330012223
02331102233
02331022202
02031202102
10030223102
10300203122
12030033333
00012232102
00230323032
00030233232
02202330230
02020332032
00113122032
03202233010
03210220210
03123323100
30010122311
33010021330
33031103330
23303200332
23100302332
21001033131
23301033033
13011320332
13120220133
01310332332
10132310330
10320133320
13130023320
13132203300
13320330333
13321300312
13023003330
03303023133
33331110312
13301023231
13000123133
13200103313
31311310331
10313102133
03133120313
13001201311
13120121011
13013113033
13323103020
01001311233
00332312033
00312322203
10013132203
00331230213
00331103122
01033101121
02311011302
00331321301
01333121200
01032012201
03021313011
02313330221
01013211301
30123210301
30102320130
30133202032
32330102032
32332112000
30303213030
31132130302
01112131202
03031322030
30030312100
30002332200
13002313102
32301320102
32230123001
31201313002
13321233002
10300231331
01013322011
31010222220
33210022202
33103022032
32110322030
30210202103
32112030210
33131203203
32313320023
01322332010
33323202030
30013022333
30331013333
33033131100
23033333020
23033103032
30131332031
21033031033
22003130133
31310223033
31000223232
01332220330
03132203021
30022032031
03132021202
20333230302
10100212221
30210001212
23112001111
30213023021
01002320321
31023110331
31021330311
10033323120
10113323222
13102333021
01210233330
01222330331
03012223301
23000133331
20010333110
03103133333
01033313331
03231033301
02332333300
21132033300
01032103313
01311333230
01121113330
02211333033
11013133210
32213201003
00212231030
03002231032
10031221330
03211201330
32120201030
10112332331
10202130331
03221300132
01320130232
02310310232
02320002330
00120112331
10313201231
01312202331
01232200213
03220330113
02233330123
03103311110
22113330111
32033310110
33313310113
33201301032
31331030122
32211101012
31311101211
31133310313
31013033331
31011123310
33303103311
31111033213
32210330102
31211330212
10211210212
31112332300
31032332002
33331333021
33332233003
13213031020
00201031122
01130131022
02101002323
02131003132
02211010313
01333210311
01130312311
01233333111
31133322100
02203031300
00220011311
02220033312
01211203311
01330202111
00020213312
30120230312
11131303123
11111331133
01113312123
03221311033
03000213213
33000222123
33001022110
32010022103
30201012023
01230112033
02001213302
01232110230
32101310333
31201233033
32020303302
30200031323
32300310123
30203131301
32303020113
32301023200
02001331113
10010331123
30133011332
30001311123
30133110231
30100313210
12003031223
13100331222
13220201302
13200213330
12100321330
31301031333
30020311332
03021210332
31301111302
31302103102
30130111310
30211111202
33021110113
23121110333
13111131313
13021133333
10201032133
00120323233
01020123210
33023330133
13112303110
13102210320
13211331031
11010323211
02100132311
02100113223
02000223323
00102231231
32230010311
10302011311
13020301113
30221301133
31022230333
20230202021
11023032012
20133032301
20033133303
12010023121
02201120231
02201310223
00320021223
31023001223
03302320223
03131301223
00320132111
00322012103
03323112200
11123101203
21021021103
01303022222
01031112223
01313122333
02023122033
32302211003
33201221003
13021211103
30121123013
31131022111
31102032230
30023103113
30031112133
30030232131
31003312333
00313123320
31221002332
30003222210
10332202310
00212022330
00022022233
00231012131
10333203212
13323020321
33321332033
03033021311
02020101310
00222103110
10221102310
13221122030
13032133200
12001223010
20112230311
10202122100
00021212210
00221213102
00222130213
00213313233
00022323311
01012323113
31103232203
31330123202
31023012102
01030121132
01213121102
02121001210
02313210210
03231021130
02021320211
02300212103
10130222113
03130132113
31030133110
03310312111
02310303113
10233201133
30303311203
31023311200
30223311101
33030302213
33300322233
33101322023
33311022311
31001132313
11301201213
11300212120
13010111222
11003221111
11021113110
10210211310
11130211313
01103221331
03202220331
31102023331
11022133103
11023103122
11003131132
31103133321
31233113301
11330213331
11132031333
21030112303
10301123120
31210130221
11331022221
31100332221
00021332221
00322133022
13031033222
10211033121
11303331210
10323001111
10303313111
10322313300
12331030312
13233203011
13210333203
13233110302
10320321130
03023331230
10311322113
10322331102
10302110212
10131131212
11113111113
10233111110
10123111311
03233201110
31232210011
21123110111
12311102311
12331110323
13331021310
13303221013
13333031322
01121311131
13310211113
13231001233
03232001123
32232000323
33232102013
33323110233
33201032303
03212031313
13220031310
01122031110
11201313130
10231331130
12011331330
12013321302
02311131333
02312113100
01303113312
11113313312
21233133002
02133331330
31331332330
32231020330
32023113303
33223113002
32320210333
03233111133
02203111331
11333311133
11333231102
11232220110
12203331013
10220231033
02110211133
30221011110
02201133110
22303133100
23113111101
20013111302
21210131010
22313313001
13221030212
12103113133
11211111233
20301011133
21331101333
21300133233
11233012330
13223012033
12033021133
12031201113
13033121023
11233131031
11312101312
12132101011
02321230110
12213001110
32213111020
02213120310
02203212033
03313211203
20311321030
20113122100
00133212230
22313010303
20003012123
10203131233
10023331213
10223120131
13231210313
31031011313
01323311310
01323133133
11232130133
01321021332
12312031030
12313120130
30033332113
23131020211
23031310311
13131333311
30313112010
13011311211
10321012213
10321302230
13102221203
11322211030
20213303310
23003303312
23030301202
23003032203
20303033312
20212033303
12121301103
12121011120
12210101132
12301111132
13031220122
11120122120
11322330111
11221201111
12121131111
11112231111
13022031131
33111132111
33301321111
33013111321
31312113011
10312213012
23123033011
32231330313
32132103303
31332120111
23333101111
22333110113
21333033110
31332003210
11332003322
21332001311
31233002213
01230021323
31302011320
31231302202
13331313131
33323011330
03032331320
13223301320
12303301121
23003011111
23031101231
23303113021
22310110321
33230112021
32130113331
30232331033
02321321002
30231231011
32111312011
03333312323
31333032321
31300323122
33000121221
30031221202
33021003221
33310112323
20001321231
31303233111
31133233012
30333233313
03032233113
02103333211
32333332011
12013332023
22313300320
33331122101
33332332100
20330331230
00321231201
00211112321
33313033233
00232332110
00323131210
02033111232
30333313322
31033023123
20023203200
20020133230
21303203203
21002131333
01203133231
21113310231
11302301231
13312301132
33120013323
33111210321
33111031232
32111103131
32101113022
30031131221
30011333223
30021013132
33333031210
33333222110
32031211030
03210113121
22001331021
33013133123
23111133320
23110333313
33103223103
33101233131
30312313133
33123021101
31232031102
12313310122
33112211200
03311111212
31130112123
11122011213
23311333103
23022303103
33313231032
13320323012
03223230131
33320333131
30321202311
30303121211
31210313112
03123113112
00312121112
30331211132
32313011132
32131313302
21130331131
20210111131
33122331130
02131313111
02013013202
32030210132
02313203131
02333023331
13031212331
22131330331
22133203002
22130113010
21330131312
02133123120
12033123300
21333020231
11333322230
30323322303
20331320323
20331302121
22031302023
11323013223
11322103233
20020102313
02011313213
20020230132
30201323132
32311323330
23001313320
03230102223
00232111223
20033231111
23030131210
21020131113
21202011100
33313302322
33213203320
23103311022
23110131112
20221013011
23323300122
11123332121
23101121013
23201301313
23201011330
23203313101
22203330310
33203320123
21333210223
03223003213
33233013113
31323031113
31323111122
32130331112
32130021131
32120111013
33113312131
30120331211
02021023113
02023033121
12113233021
12303133313
12302023303
13023313313
20230311313
03302211313
33021313202
33231312012
32333113102
32311131120
23131311300
32011301231
33213121110
33223102103
32122310101
31221130132
31213110232
31101213312
13122131023
13203231103
13133211123
21032200123
31032203132
31002210112
13202011112
13320112110
33101123112
20003132112
02332131101
12323302012
13231222100
30223001122
33132011022
33120121123
33212201112
31131211233
21131111120
33332220322
33112101223
30322210111
02322020111
10120213132
11312233133
20203231012
12323033103
01321112022
01322230223
20103321313
21333132013
21331331321
21230031200
11213231200
31212233100
21211230120
12311220121
01111222120
12330032120
01232223101
11321321021
03213223111
20023210121
20223300321
03233321121
20312320111
30211022112
02113321122
32102210311
31132311211
32112311310
32111021320
12312320103
11231332303
11132323130
11311231322
11232321013
12130312332
13332322023
11123021232
31123132032
33023321032
21230203032
12332130330
11302131223
21113120223
21111313122
21112133110
13221333110
23301323010
23132101301
33321213112
23311132032
12320132031
01023212330
12201302333
23010332302
23012111012
32011011212
32001213111
13201102211
03320022211
03321302213
03012332213
03123232012
02123332102
02123223010
21232103023
10132120322
22200101223
22200211200
22211010221
32100131232
32020131130
32111211332
31012221133
23301112112
22311310312
22301031310
30321112332
22202220300
23303102120
20330101222
21230012112
13303113232
21133113323
32131233333
20133333223
20320330222
20322030233
22022030331
23102021031
20010221332
23310021312
32331221300
23313231313
21331211310
23013221001
22331210102
21320112102
20332111210
30230133211
30233203221
31113203222
32301122303
23210121200
23213302102
33023112310
13302212302
03332132332
03331223230
13330221323
33233231330
33232133130
23333213312
13313223331
11013223233
32332023130
23112231103
21102231200
20132312303
20132002320
20012123103
21212311030
20023121030
20323212002
20203212300
20033212203
20203013231
03232013312
33322012012
02233112300
02233303220
22303320200
22010323300
32201013332
32002331331
32200213301
01212133321
30112133332
20123213310
33212333312
30233323210
20122333333
20222020323
33222330323
13202323333
30320232330
13211203231
12130221022
32202001132
32202311111
22102111112
22010311113
22103231110
23022133111
22133101210
22133331202
20032201130
12331311212
32201211133
31222111031
02223211100
02222011133
02223133330
32202303320
30220323323
30222113312
31232313332
22030331332
22021010322
21332231303
22332321003
20302213303
31221303210
32322030313
32302230131
30322133231
13013221212
31323023322
11232303211
11022232021
21103202111
21223330211
31213331321
31231121131
21223301332
21023123313
23122220303
23010212333
22010012211
21122230113
01130223221
02130201321
03112233211
20033022211
23013022310
03013122231
31101222231
33111222132
12313023213
13120233212
12122013331
22012003333
20312003231
32032013200
22031123130
02230120122
32223312030
32223330232
03022011232
31302221332
31223230123
32332330223
32123320120
12333221211
03332222311
03222211011
20303221102
32221313103
22123303113
22130302130
23302302113
32230311233
23023220210
32123002310
31201202110
12003212110
13230321231
32031123211
32203233312
12103221312
12113322133
22313032101
23230321022
12233333132
12230233110
03233032232
02230222330
30112302230
12232003121
32201021121
23321230121
12233231301
22333212301
12332220313
12332332131
13133232231
13131132220
23330222200
12303332222
02303322112
02201230212
02232033233
32120333230
02331233322
01323231321
12233210233
22333102322
13232312111
30332231121
31302312022
21113223121
11203233122
31103221122
32103321233
02103222303
22032220203
02203220220
02220122200
02321123203
10232333321
03322303332
00322321232
02011232332
02212123032
02332232203
10230232201
02120221201
20121023321
20211213331
02231213201
22131201201
12331231223
12312133203
12331213021
12032113321
12220023022
10220033232
10223103223
31220032313
12122303312
12221133032
10321132222
10233122213
11332122203
21313212200
21301023223
11123211220
12203211022
12210313322
12220320320
10022012121
10022131220
12012112032
20130122332
21310102212
32133022230
21130322210
22103002232
30103122323
23230032331
02323232313
21331022032
23032012132
22320133332
22321103313
20232021331
32003221321
30231213213
30223012203
03201322133
12221331233
23203121333
12002121233
33203313220
33102321322
33332321221
21221333102
21322120332
21222003132
22221100122
22023120321
11202311321
10312311221
13203112223
12322310231
12200022331
11220312231
12201323201
12203232330
33023223201
21002223130
21202203310
22210003112
22000232310
22001303232
23201230223
32210023211
31212120213
03102112213
13302123213
13012122102
11212113022
13322022113
33220231203
01222311203
01202230121
00222023121
00022221122
02221301121
33321201323
33012231323
30212011220
31022131211
11112132213
13221213121
31122021312
13222233132
21123201022
13223323122
21221213133
22220130103
11221123321
11222213311
02322112311
12220332111
23330123322
32110233122
12210032222
12211321123
22211311303
22230303323
22331033231
22303211330
32223211313
33123123332
12212123313
02211122113
12112312112
22201123033
21220211301
21310321121
02213132121
01222112112
02221012232
22210201313
22123013130
32222203130
33220012130
13200222213
33221120322
33221321213
33221223020
32232120312
32222121300
22211121311
32212210110
12022120120
23312212013
13322102122
13213122312
12223122110
12211312220
13232131222
23212130322
13212012320
13121123223
32211112333
03112212323
03223132323
02032221221
02012213231
02222213332
02022111322
12210202230
33132223210
30202223110
33132132323
13122312310
11223223330
31223213231
22203213011
31222013202
32123313223
33202033222
03222203220
01122203322
00222331322
01223321222
01223022120
22013201120
23131203122
21312131132
12121221132
22011321132
12201222302
12020122323
02021221312
03132122121
30212212131
32321212101
22021233011
22231231131
22022320312
22222201031
22230021113
20322122011
32213222311
32130212213
22123022013
21023321112
23120232111
23121302123
23120311210
23121231233
20322113132
23332221113
23320113213
23233323233
23112223332
01222231232
10122222032
32123221023
33232230232
13121222301
12123312201
12022212301
12222111201
22302221311
22120221333
22120123121
22310131213
20213131122
02122313022
22023113022
21223131320
22132233023
22221031012
22221111023
22223310131
21233311221
20223211233
22132131231
23331312232
20320213123
20232203112
22032023112
22103323332
22113123211
22213202012
22230223312
12222202112
20213112230
22323131123
22223021020
12222210323
32221030223
32222232013
31202222103
12202213210
21231121210
12332021222
22311021203
32020202201
32122033221
31222022321
31022202120
30302132122
31002123223
30232122333
33303212222
32331120222
22212200220
22212030232
22312020322
22330213220
22310011222
32120103222
20200123220
20102031322
23202231302
23021023122
32302203232
30001232222
33211232220
21221232001
32012312121
32232101220
32202202223
32022102210
23232022303
23322012333
23323122301
22212122010
31202321220
21002310220
23222023311
33222322112
20331221220
30312220223
02312122023
20321220232
22122012032
22120312023
23000312222
23300221231
21212302311
32212323200
30122121202
20022013222
22322013320
33120222221
31322222201
32322221233
22303223123
12301202221
32312132221
23321032320
23323333221
21120203233
12112232123
22112202303
23101213232
23102232331
31012232212
02222222211
02212211213
22022122113
22020212131
21322102130
12132222331
20313222330
32021322222
02213221232
32121222330
21122122310
01121232230
02220232223
21120132322
02111322231
02112302222
01122122222
21132202202
21112221313
20131212321
22223012323
23113012222
23103322321
21013332132
21012132101
22011022230
20112211223
20222232133
12313222322
30322223212
20222321201
22312323020
21202102232
23201222012
22311222112
02321222321
21322221210
23122121221
21132112221
20301222211
23322211022
21321332113
20021323212
22022002122
22101332210
20122032211
23332032213
20202322332
23132322032
22202032110
22202331212
22323312210
20232332022
23222312200
32203122221
33122312222
13212223222
20303232223
22002323221
20032222222
21302222323
22301122022
21031122322
23211122122
21201212220
22203222132
22232211122
21211032321
21023202213
21203322223
21312332223
21032233220
10223222323
12122322220
12122032203
23012333231
21122213201
22112112320
22221223202
22223003222
22231322203
22233232222
22321132230
22223132312
22222332321
