--- Global Parameters ---
Code Length:			11
Min Codebook Edit Distance:	5

Max Run:			3
Min GC Content:			0
Max GC Content:			0

Using Generation Method: LinearCode (minHD=4)
Bias vector: [0, 0, 1, 1, 2, 2, 2, 2, 3, 0, 2]
Row permutation: [5, 1, 4, 2, 3, 0]
Column permutation: [2, 1, 0, 6, 10, 5, 7, 3, 9, 8, 4]

--- Results Summary ---
Number of Candidates:		3704
Number of Ones in Matrix:	250676
Number of Code Words:		283

--- Performance Metrics ---
Number of Threads:		32
Candidate Generation Time:	0.01	seconds
Fill Adjacency List Time:	2.34	seconds
Process Matrix Time:		0.10	seconds
Overall Execution Time:		2.46	seconds
=========================================== 
32000111000
22203332232
01110010003
22001113322
22231131132
22311120002
11011133312
21000110032
13331100020
11300010222
11120003002
11101101202
10101113223
10003330023
22033310022
11313311322
11133302102
00223313222
12122330222
10033120222
00012221222
00321130022
33211101122
13122111022
22110031022
00031103302
00010001102
33301133032
30332333022
03001033222
00013331032
01311332202
00011200020
00230012322
00201121112
32223123022
30021112321
22210111221
02121112220
31201113120
02211133110
12111332000
22113301112
32211320322
31321213322
32133110302
02233301220
23003112202
01103122322
21123313121
31103331110
21133111330
31020301222
31112332223
30331312220
31131132210
31311121030
22112100030
03113130320
31113133301
11131311003
31013303000
30133222002
03221020002
20323011002
20203311200
22333003000
20023302020
13303303320
22323323302
30211303310
10221330302
13123310100
11232210002
11220310020
31212212020
12212000220
33202200022
02300300122
13230302022
12201010012
31033000322
22332202122
22022231202
22212213012
21011320120
02332330003
32223310203
33103312122
33112311211
32133323123
23311132023
21133033223
12110300303
23323331323
33312232132
22331223320
22313133103
22213012130
33233022120
23220120220
23111011300
03210113232
01331031120
20111213132
11131000331
13101233102
11012112110
11311013111
13312300013
33323010030
32310311101
33310012212
32303132112
31310320112
30133300111
11333130113
12321310210
12111210113
10212332120
23210330021
21130012021
11301333213
12130230200
11002232212
12101130211
02031313111
22021332113
12213323211
13133203023
11021032221
11203032100
11212320101
11133220011
13323122111
11332331031
12333210232
11230112231
20301301221
22100122101
23111222121
33113201001
01312120221
23322130201
23331231301
13320021200
02312200100
23321033110
12330002211
33101010311
03201110101
21223122010
10112103011
13021300121
21302210111
31322001301
10322003312
12312312032
02132102012
02220311012
02112032111
02123101321
01212001212
22323201211
00222321121
13232311123
03303211212
01130120100
00122110010
02232211030
00223002110
12332011310
20332221110
20233023112
32230300031
20330001230
03123031213
11222012213
10220220112
31020010110
13203011132
03230210110
13200203111
00303013020
00330133311
10320132300
03032031000
23013232100
30021321100
32021013200
20312000321
23002002012
13033322010
33030120001
33011022201
13000113013
31013221113
20132013101
00201003001
03023323001
10233230320
02200130223
00031021211
00323123123
00320020232
03032202221
13012013031
01313030031
32012133131
01200332011
02221032023
22001031231
13103131331
10100312301
10323202230
30100220220
23130202232
13021222032
01302033302
33302112230
32203220300
33033210131
01300102310
02331000133
01113320133
11031230030
23020230322
30101021302
02210023300
21300321103
32013101232
31001030203
30120310323
22120303330
23230033303
20300100303
30313002003
20311021123
20021000213
01321122003
30212111333
13310120333
12111023332
01210221132
22102220332
21032313332
21120210230
01102323200
22002301301
13122200310
31220222101
11223213331
12202113303
10112212323
12132223301
00102020113
20122333203
03020302203
00012303331
31233232333
30020231310
11002001033
00103221031
02000220321
22020222303
00201312333
02213231323
33221233230
32201122133
33023130233
21030300233
20030121033
21322113233
02303203233
12033021303
32321222331
32220020333
33320202013
23212201033
10002220233
20123223013
32030223312
23102232313
