--- Global Parameters ---
Code Length:			11
Min Codebook Edit Distance:	5

Max Run:			3
Min GC Content:			0.3
Max GC Content:			0.7

Using Generation Method: LinearCode (minHD=4)
Bias vector: [2, 0, 2, 1, 0, 1, 2, 0, 2, 1, 2]
Row permutation: [3, 4, 2, 1, 5, 0]
Column permutation: [8, 6, 0, 1, 7, 3, 9, 4, 2, 5, 10]

--- Results Summary ---
Number of Candidates:		2954
Number of Ones in Matrix:	166744
Number of Code Words:		253

--- Performance Metrics ---
Number of Threads:		32
Candidate Generation Time:	0.01	seconds
Fill Adjacency List Time:	2.18	seconds
Process Matrix Time:		0.07	seconds
Overall Execution Time:		2.28	seconds
=========================================== 
12311100022
20311103001
10111233311
20022230001
32211000332
20111200033
20222133033
33322120333
11123200333
11131130003
01113130332
00131101333
00122200121
11010020011
33211300011
33220010001
11202203003
21221000311
13311200301
22331000101
22203001011
21110001002
23300120002
33012230022
31102000321
22022010010
22202100303
01122100202
01200010013
10122001302
10002010002
00022002100
13222300103
31010002200
12000102300
01100111000
12100110031
22322111003
22000211102
12111013300
10221123000
23221220300
11223021200
11213230102
23022100023
31211200120
31232220200
31110120301
13211322200
32021112002
21332223002
13102122001
21333132000
12030313002
12020031101
13231211001
12302331000
10123100010
33102310100
20211021100
21031301300
00201131102
00133113100
30013211002
33320132100
21132200110
10311000113
33323301101
02032100012
00011020203
02001332001
11033210021
13002320020
02231030021
02212010301
00231210030
32122203102
03112211031
03213001020
00222301132
03222031110
13220102020
31312111020
03200110122
03011100131
03111302110
00332221010
01223220023
12230330110
31331001130
11212011330
01202002220
01130020222
22302022202
01332011103
00103302202
00320231200
02220003120
01011210310
11011121303
11322212303
01110233103
10110332003
13330022102
02210322012
32233121300
31030131001
11001013110
33210201303
31120011123
23113012012
30112022101
23331300222
32300301022
32303212103
23231102203
02213111013
22131233303
22120330032
21120130220
20223312201
12213310230
22311323010
22102321230
11102022130
23131003210
33231113330
22200232010
20220201320
23330011220
23232201032
22330221333
22230303232
23100223030
22231012230
33013011210
02300202130
02111002233
20130302310
11303220210
11330122033
13001233101
21233120331
13210033202
33113323001
32123302210
21123023301
32113233032
20100113012
23220131302
12202133021
32213332021
13133302221
10103313331
31103221113
10231011213
13122331320
01330213020
13201130133
21300020133
22003302023
21220031233
02000113233
03113310323
21010203023
23102111323
23011332030
22033113321
11003001323
31003113302
30031120320
10203002032
31013301031
23023001331
31200023331
31222312013
31321323033
03021311233
31233211322
21033313133
21002133313
23223232133
12233223031
10322302330
11023322232
33222002232
32023100231
11203302311
10003231230
32323131012
10232312022
12031322120
32132011231
13130321130
13012212233
33000220232
32201322231
32010122132
32011023220
31101233320
13233013122
01131331220
01333110211
23031121311
21313321321
02312212320
00121223230
01103212231
00303211120
31332232131
31032203312
33230122212
30313220221
13202023012
10132323201
20123323022
20032022332
33023200112
13301332112
20330321202
20132310123
10130121322
10312113032
10022203323
12331033223
33131012323
03232223223
12312203213
02120312223
02023323203
02033131130
30312321133
00123021313
30110310212
30320202122
30212013322
00202112213
33002112121
23302132231
03001032322
00300022121
02102233211
23010303112
02332321121
02132022113
30131132011
20332013111
30003323211
20001210321
20030220211
01002301212
01023123011
11323033131
