--- Global Parameters ---
Code Length:			11
Min Codebook Edit Distance:	4

Max Run:			4
Min GC Content:			0
Max GC Content:			0

Using Generation Method: LinearCode (minHD=3)
Bias vector: [0, 3, 0, 3, 0, 3, 2, 2, 2, 2, 3]
Row permutation: [0, 7, 3, 6, 5, 2, 4, 1]
Column permutation: [6, 1, 2, 7, 0, 10, 4, 3, 8, 5, 9]

--- Results Summary ---
Number of Candidates:		64130
Number of Ones in Matrix:	9582626
Number of Code Words:		2626

--- Performance Metrics ---
Number of Threads:		32
Candidate Generation Time:	0.05	seconds
Fill Adjacency List Time:	10.69	seconds
Process Matrix Time:		7.50	seconds
Overall Execution Time:		18.26	seconds
=========================================== 
11113330000
22220000222
20022002222
11112002222
13310000222
30030000222
00020220222
32232002222
22212332222
21111331222
23313333222
11101111222
10000110222
12202112222
11300012222
00012112222
03110012222
23011132222
03302002222
33031202222
31330102222
23332112222
20031111222
00331132222
20333310222
22233113222
30002332222
20010330222
01003302222
01132332222
21310232222
23300220222
21001120222
20003223222
33001122232
00111210222
01121221222
01113113222
31201132222
32221111222
12211001222
22201221222
22122201222
33211120222
13111103222
22131312222
02101202222
22121222202
22111102212
21211122232
02231331222
13213302222
10111122220
02111332202
11133223222
10103212222
33113321222
31110220222
32213223222
21110122122
31111302322
31113332223
11122322232
22302123222
22311030222
23110222232
20012322232
22111123223
23211222122
13111212223
13331221222
13303113222
13311122322
13011222202
10321122232
23321001222
23322022202
23231210222
11221112202
32331300222
10233321222
33233322202
32303032222
22333322212
22233222022
33331332221
22103020222
21111000022
20121300222
21210022223
21133002223
22031102223
22111320122
10330023222
13333032223
33330020202
31132022202
03332322232
33303323232
02203003222
02011013222
02332033222
33332032212
32322213222
33022311222
33322102232
13222122223
02233122223
03222023222
12020222232
02211022221
03213222212
02211121212
13302122212
11003222212
11002213222
13303222022
11112221322
10200022212
31033332212
10001022221
10001121212
02000112232
11322122122
33320002122
03330222122
32200222122
03322212212
02210002122
20313322122
30222010222
33302312202
33121013222
31222022221
22220223322
32223302223
33203002212
22223222213
33212032223
03221332122
03212122022
22323212232
02233323232
23022322322
23221022220
02200322220
21120322220
33112102220
12312303222
12222302212
22213121122
11220033222
10222212220
11222312322
10021112322
12211113122
13122130222
12223002022
21123332022
11133112022
11203310222
11112110122
11313101222
10112132022
30122022022
13120212202
30101122122
30311212212
30120211222
32101112202
30103022232
20121212122
03032131222
13003332220
02311232220
11211232212
11212132221
12122223122
00232322122
20233022221
21132102232
33230122322
13233112212
13133312221
13320312220
13330222200
33323222203
11021012220
12123112220
32331212122
31332222112
21332302122
13322111322
13331110022
13032102322
13020202022
12100022022
10201322022
22323220220
12333000220
22233330322
23332331322
21232132322
22133300232
22231101232
22133222230
22233312233
11232222302
12003232322
12221321232
12231302322
11133000322
11131122123
13222321122
33221021022
33322323022
23321330022
23111122002
11311332022
23221320202
12301121022
21123111122
11133331122
13331333122
31103221122
11113121112
12210122112
01113001122
31103002022
11100302122
30333323322
13303330322
10000333322
33002012322
13320320232
22330120022
31333030022
31312032122
00310022022
01031030222
01231102212
01233212220
31231212232
31222120022
30231232022
02312223212
22322333212
23222232203
22221031212
22201333122
22220331022
32200001022
02223031122
32231021202
02300301222
12203301122
02210333322
32200113322
12301033322
22311213322
22201110022
12213330221
01133303212
01333012322
02220322132
22101032232
32121302232
02122302322
30222233322
10212323322
11212030022
11211020220
11120113322
11110333221
03311003122
23113023122
31122000122
33022203122
32022220212
02223213212
31223222102
32001102022
12031012022
23101012022
03131102022
03330001022
03333011220
03322030122
23300111022
11332011022
00133012202
00213011222
00221012022
01121110022
02222113022
12222121312
32112111212
32001321122
32130132022
32112012221
21132221221
11322210202
11130200202
21120020202
32111313022
11231313022
33113010022
23313110322
11321010322
00012223022
20022333022
30002003022
20003331122
02000221322
03233211322
10022312202
00203122322
10032113022
10022223223
03322233223
01322302220
11122310220
11223100212
32213000322
01132003022
00213320022
10021000022
10012032212
00122132223
20221222032
23323322032
22020132212
22031123212
21303112221
12030312212
22000111221
22013002221
22212101221
22231112211
20221113232
22011112032
21312220232
23111200221
20312302221
22122122231
23230221212
22002110212
20022110122
00020111022
00222212102
30132111122
13013012122
00110221212
02102221202
12110223202
10102223212
11131222211
21111322201
13102233322
00122333232
03102312122
00200010122
00012000122
13000101122
10330131122
30313311022
20320311122
20003000322
00033110322
23300003322
21102001322
20012011322
12031231122
00332111202
30233111232
13113111232
30213312221
00223322211
03022012221
32022032220
02221103220
20120232221
03310120212
00030012220
31230312223
32133311223
32313111221
11033111221
00123311221
00131112112
01133211112
00330011112
02230212112
22322221112
21021222112
21001032122
23320122112
31101321232
33311122211
21003132232
23130032202
31030032221
31003012202
20031220022
33000222002
00231122002
22230022102
02311200232
03000132022
23001002202
20000200202
22003301202
21033123022
22132331202
01300132212
03012321212
23120010122
03122011022
23122221032
30212222132
03002211232
03003220202
01003033022
00101323322
23002310022
23002133122
23023111223
33003221223
30003111220
00031120223
00331020122
00333120232
03033100212
00322310022
00332220002
00333222210
00332213220
00311231322
20131233322
33311201202
00313330202
02313300122
31332233221
03113300002
03103230022
00003322032
03123330223
23203213022
03202320322
00232013322
20223013122
20222033221
02003313122
02030320122
00303022112
03000021112
02002322112
33033122112
00003013232
13003300232
30003303212
31223330202
02123000202
02020302202
20233100223
13020310322
30003200221
32103100212
01332200212
00032210112
10122211112
00003222121
00031222201
00001223112
00011131202
01002333212
10033213212
01331223232
31331133212
31211330122
31133013232
23211000212
00212020212
01222030223
01222332201
01222230002
00002031221
00200233022
10220103022
20021021202
02221022302
00021120012
22211020002
22211322020
22131230220
30133220220
20113110220
30111100202
00323010212
10231333232
13023110202
33323120221
13222000221
23132020212
30321200122
32321230202
03302120220
03301021202
03332212023
23033323221
03003233221
33013013221
33031310122
31031320202
23310310202
20330333202
21133202002
20233300002
23331200002
21112200102
21103122012
21122120112
22221300012
21313211202
21333033220
33331023220
23303101220
13301101232
20301130122
20331222120
02031311112
02222000112
22200302112
03122102112
03333132012
03331213112
33300212112
30002221312
32201122312
30211022012
30333232102
30322331202
30221302002
22031302002
22013313220
32203313202
31201311322
32230333221
32233033212
12202321221
23223231221
33222232121
33212232002
03222202032
00223000032
33232313232
11233231223
31232231212
31323103122
23220311232
32211231232
33332211312
33133312312
13133122302
21333222332
11330133223
11300323022
22003230223
30213230223
20021323220
20000122021
30000102102
30100001212
10011112201
11333323200
11323213220
10232322200
01032322002
10322322312
10332022211
13333220211
10221132012
11303300002
10003202002
21001222200
21321212002
21020030022
33013122200
11323020223
03013001223
03010002002
23012220002
03031223002
03101222032
30310132223
12301222230
22331212200
22301222021
23002222123
20033122203
00023222233
00033312213
02011122203
02001212002
00312122332
00022320132
12322023232
11000022332
10232122021
12331213221
02312112012
22322002012
20232000232
30302121232
02302022032
02330022312
30001212231
33230022231
01000222231
01113022203
33310222021
30330022121
12320022201
12322011220
23020112002
13321212231
33320223332
30021322332
32332122213
33322111211
32320212211
33323131112
23333121102
30232112210
33231330212
33220133220
13012323220
13032011212
13330302112
12332001112
13323120312
33321302312
33121230322
30022202321
32032023322
32102220223
02112000223
11002322203
23102231223
33310230232
32333020112
33133200012
32311221012
03331032302
33330311002
22331111012
01000023220
01000010002
00010100232
32010300220
13000012012
13300130202
11303031202
30120303122
01203230212
32011303202
01130121223
01011323221
11320301221
20000131002
01032311220
30133332120
30333132230
31320330220
03313332121
10313133221
13332021302
13321020002
23032212302
22033202312
22312013202
22113032200
22100332002
30310332002
30311000220
33102002102
30210101322
30232211002
00133323002
12213322032
22113221002
22102232312
21000332312
12133010212
02132022020
01130022210
11100112200
11330212120
31130332230
32133302200
33100310220
33123001232
33300002230
33303012032
22320010002
33032110002
33220100002
31322012200
33211112230
32200032200
02310100002
21030100002
13030010221
23000020211
23103322211
23220302211
03230313220
01032013202
10303312200
03320312102
32220312021
32201301212
00320222320
03033202230
02230002230
10203033220
10000302210
12002012200
12020210220
30101332200
12200100232
11303202201
00213002201
13002200223
23012020223
20100322123
23000322233
02100122213
30202303221
33332200021
32302100221
01230300221
03011330220
02001130221
22302300322
20302330002
32112330002
33123012211
33123302020
11113022121
11230322012
13131022012
13030220302
11032202032
11012012002
00313001002
33310300023
32300320002
03301310002
20301320200
20303030232
00320302032
02331321002
02301302200
00131302230
03133002332
03020233232
22301132210
13022132211
11301023212
11202103122
02200132102
03003111002
03000101200
00201133212
00101232102
00102302012
00103300200
00011322000
20102210221
00002300021
00203210002
10032300220
10332300032
20330300020
13210321202
12220202102
10022200102
12231120012
11223321002
12232312120
11220212032
13022210032
13322321201
30022030112
30121332112
10203001232
20201001220
20110011202
02300112020
30332012020
02333121020
10332220320
00112200020
32332220231
23322201302
33322202100
32322000020
02332232233
03220223200
00022020200
02232023002
02210212200
02202000200
00120203220
11312102200
22223200302
32212220200
03231202102
12231202231
11230022320
11113001200
12110112002
13112211002
10121010202
11312201012
10100002201
13200002020
13322030200
33222211200
33233200200
33202102203
33020032032
00331230200
03200012201
00003110201
00202311223
02223012203
00202322001
00210303002
02201210223
02032021223
02012002210
21332002210
22322301200
12203111200
11222233200
22232110200
23222110020
23202121200
22000312120
12231223200
12212211201
22203022320
22213102203
10221002203
10223032302
11020232302
01021012102
02022021012
12023322020
12033232201
22202231020
21203112102
10023012032
02202301302
31220203232
22202002023
22022302132
22321021032
11023021201
33022302201
03022212000
00102222300
30222121203
23022203200
23323000211
21121002211
20101002112
20221100211
33121000201
03212200201
12011021112
12011122121
22332032121
11233023211
22133032112
20201202121
23020000302
30001000203
30020201002
01023202023
30000223201
31032232203
02032232021
30302032302
03220032312
02223200231
03020000231
10121003221
02121033223
20301333223
20112003212
01021103322
13101033202
02223330020
32231310002
02011000201
32223320332
12232320132
01123102032
12130012203
12333033002
00333023201
00332003102
00033230211
32332100302
21121102302
23221102132
21123132203
20121112210
20022210210
00002230230
21021330212
03020221021
03202231102
00222201121
03211101002
02202222130
02201232332
02012220120
20232120120
21220321112
22210232132
22021202320
22010222100
30013212203
32100123232
21202202231
31120202210
31200011112
11200221102
21210001102
21210211220
12100130322
21010201212
20002300112
22110120201
20300222101
20302223132
23003321012
21302021012
20320210201
21321130221
21331000201
02330000203
22320202030
12122200203
23230122000
22332320000
23322120001
22323233203
23230110012
20332010012
22003112000
21130012021
21100223211
11302332112
12311002021
02331112001
22121113002
22021110201
12323100102
01022120302
01002210020
31200020020
31200232012
31010233122
30300020312
10102211200
13100122120
13112302132
10010202132
10002032023
12013010223
12333102023
12132103220
31032002320
31012022233
31030023112
21012332320
20012130200
33001220210
23203020021
23300102001
32303021201
03323230201
33332330230
23233320230
13120220210
13020231200
11320322100
13103322000
13232330020
23213323002
23133313200
33123330032
13203320102
21300033002
23122032230
22312230302
32133111002
30211321200
23332101201
23323311210
21123210020
00213313200
22212300230
01230231200
01220102121
10122012213
11212222010
01222022030
01210012012
23123222010
13132210120
32223020000
30120222000
12330312000
12320333200
12222333320
21222300320
13131321200
23121101200
32303222100
20122302233
30021230032
32032122001
32023212302
32013222123
31301213202
23011121201
13011231221
20110112231
20110232302
23013223020
23313032320
21313002000
21113012032
21311332233
13212202233
12102122332
02313323203
02131222100
30111231002
33032032000
31201230200
12013302302
12112012312
32320023102
22010123002
20013132012
20201330020
10012120112
20321320112
10011203200
00030100120
00031023210
20132112320
23112223201
31111223200
31111202231
11113102233
21113330211
31133000211
10113000021
21230232213
21233203020
21223022001
20223132000
20223030203
22202300001
22202203032
22223302101
12233122101
22332211021
02302210201
32223201210
22120200211
22220232011
22220033000
32132020121
32210233020
03322331020
03223010102
02222032100
22220210100
02221001023
21122112100
03203200132
01112110200
11122201000
03332201000
21221010210
13110100200
10222012001
01221120132
11222210121
02202201211
03213300210
11201232023
12210320023
21222021023
21332230023
20130220203
02302223023
20023020231
20302122030
21201122003
12310020032
10210223032
12030222003
10201020000
01020200032
10213200012
10200210021
21320000132
23001220132
30221223120
03221210120
22113202323
12202023203
13221023201
03303020231
11300020230
10303020120
02033001120
20230202100
20230032023
22130023120
32130010020
02110032032
20233003210
20230001201
23113000203
11110321032
12102210012
22123101012
30123103002
12212120001
03130321020
32230321032
30230212321
32120212320
32100221210
32103023020
31132113223
31131212020
31123132121
01122230210
01122223233
30211121021
30033223023
31211221302
20311312023
31102000230
32120000312
21101220233
31323212123
21311212121
11130023302
11130131002
10100323102
11132300112
10132320302
30323203201
33200323210
32320321120
33110033002
33130001302
33020001210
30220011211
33222030010
33101132012
12022111121
02022123211
10320001102
22200011203
22220201233
22221221130
32211311120
12221312010
22202212301
22002233201
21200030201
31002120201
31021101223
31002112213
31221013012
33120210021
20200122110
32030002110
21202221110
00200312100
21013120210
10122001230
20322102123
20331210132
30221211132
33032213210
23302213203
02001111210
22221311321
22220132323
33002133200
32023113200
33033113020
00213120203
00121111203
00101011002
00221310000
00113102100
03120022003
20012201000
21022320010
21222100101
21322313020
21022131102
21002321132
00123121302
33332223300
33133320300
32313122003
20313222031
23322103320
32313321302
30131302021
20212202011
21311020312
20302033210
10130123200
30301233012
30202131012
30330220010
03022100121
00311110021
00300100211
31300230021
31321120000
11301100020
20131101002
32102102000
33130212100
33113022030
33123121120
32321122323
23102123302
03113212302
33020222310
03210112123
32102332123
33201112001
32310220320
31312202001
00123200001
33132120023
13021200230
03002002030
13331122030
13213111020
30230230230
11321131200
10311313002
31213132210
33203301000
32333231000
30331320001
30031220300
00011010320
12101201020
02111121000
21221231000
23031021000
02121312120
02221313102
33122213302
31322131032
33112223123
33221323000
33200033021
32003330012
33013331002
33313110000
03323120030
20321312100
12331111203
33000011001
33212011102
31231112100
03311213200
03321133210
33321110320
03133123210
13312310210
01101213122
02312121230
02311312132
32012312230
32233331230
22023333102
22023320121
22013221321
22030111302
22300131232
22332311132
22232011123
02232213121
22032231032
21003021302
31001302230
00233230320
23123321023
33303331021
23333010123
23033130023
23033022323
23111131021
33303203120
31323312030
31202301120
11002001210
10013100211
21013230021
20032120011
31232223001
11100223000
11122233012
11322033302
11320003203
33220233112
31322203312
22022213312
10202213302
21022231230
10022211231
10323211121
03030312121
03332331211
32333301211
32323233121
32231133102
32230023010
12232201010
10212201320
11302211320
31030220213
01200201021
30023011021
02200101320
32200120100
32102321100
32023231023
30020330023
22022100003
32002230003
10011320032
33000322111
30102222111
31222322113
33112230100
33011022110
32011002300
32013102010
32003003102
33330100110
23301002010
03310000100
02211001100
22330001100
23110301000
22120021001
02322001001
02230031012
03312030001
30323000100
03232123100
02300020121
01323200121
12230012011
01300120001
00300030000
03000322300
12031130020
03233310001
00233321100
00233012010
10033000010
30233103021
13213222130
02323322110
01321313212
21003322110
10021121100
00001211100
10031011120
22033010320
21133101210
22132211110
32320103210
31132130102
12021301102
10333213000
10333020003
10323110023
10333312323
30303202323
03332300323
10213120121
31321301210
31211031020
31311330201
10333201213
10133121211
12112120213
12123020321
13230233210
13132323211
12332212310
11103312320
13220030320
32132123112
11021132132
11212113210
11230101112
31132102110
21032122310
31020110012
21002001001
00020012011
31122312003
11231011000
03231001203
03310322323
01301032203
12300032010
12313323121
12321331012
12333310011
22331100321
13333001001
12002100100
10323302011
03002023001
21322332011
12221220111
12111312321
12013331120
12033121110
12032101213
22012001203
22031233023
22301001121
22231000111
23231111320
10200313012
23031013012
10033331210
10023203120
00003133120
11000321120
01020011120
00002102110
30032021010
11332020110
11320021312
11133120030
11313200320
01302330120
13023303000
33302231030
03102233000
02103332230
20231322310
01003331000
11003010021
31023030001
32223331001
23102320003
11011113020
00110212030
31010312000
10001112030
00301221010
00202123010
02100020010
21200100010
22011210010
12112020300
22102200300
22002303010
30211100010
12111002110
00220101010
10210031000
22000021030
21000031100
21100133020
10331132100
12231331100
23013312001
20203231100
02223112310
01103011210
01320311000
01223013000
00322100300
02120102300
12302132300
11200110302
20222321300
32222011030
12220011300
02222312033
20203312332
02233100332
01203120023
21213222303
22223211031
12203202111
20202200130
23202302300
20222103030
20003023003
03232301230
03023220110
23022311100
30101003000
21212132030
31212100300
22023033230
02220013332
10203330032
10222130003
21322031203
21323011100
12130111230
01133112300
11220131021
12211130203
12223313023
11210313232
03220331100
20322001110
01110320120
21130300100
21133310302
20203100300
21302101300
01132212130
03112211320
31112320132
02111221332
03122221101
01112202321
01111230032
01313232010
20121333000
30223210101
02231210300
12330200300
13302012003
12302221011
13002211110
12201011110
32303111010
21030311110
21003010230
21020113210
21203101121
21110031012
21113111001
02113011012
02302201132
32012221101
30231002101
32332203110
22232223310
22332102330
33320031300
33220000111
33203100011
30301000011
30012210011
33021320011
30112301112
33011100112
03001103012
23233002013
22323022311
32333032301
20310112300
23003130100
23133201100
30331302110
32222303111
32212031312
30310320211
23101311230
22313031211
02130322111
03213102321
03310200321
33231103211
13330130321
03233013213
22303302130
22303331312
23233021332
22303023233
32003032030
32031300030
31033000132
33213323320
30333031203
20323101101
23331011110
23232003321
12300013021
32000031211
03100131221
33102011121
32330011321
32301011300
33102233211
10110111100
03120003032
01333221321
23230233001
03210213021
23021023121
30102310010
00013330010
30310213120
03010123120
03101302320
01331303120
11311033120
03011232023
03001302003
00010231032
02010211211
20201121132
01000122103
11010021023
21033012003
22131030001
22131011030
22103121101
11210302101
20012002301
20333002303
20033331001
20211023100
02211232103
22211331003
22210201310
02112222113
02331221111
03220100213
03200100101
33210320101
33213031201
12013200101
11231300001
31111331100
23332232311
23222131011
23232313110
20331311211
11300111211
21031213211
11020112231
11331121132
21333022113
11313302123
22303201103
22130210123
01321011230
23000112310
12000210132
31101010032
13101210302
13230002103
20211332101
20310311001
02110311021
02200212031
31230331102
23331332103
23131102111
33311002103
21331130010
21210303120
31210223110
32112033210
32112021003
31111020101
00211102111
01210231112
02103110100
22313130132
00233313112
31110101121
20023312111
32011331210
20311032110
03130310112
22213333110
20331102013
02211033112
10213023112
13201111012
20123123121
20133031010
21313303102
31313223132
01103131102
20111013010
01333131110
20213013001
02133133302
01132132003
02133330003
13333010332
02333113032
12232011332
13230312332
02012010003
12003211003
01100200003
21103301112
20331033032
23310230110
31313200213
13310301320
33122110110
13303210030
10023130030
13313220103
13313212111
01201302110
31123021011
03122200130
33222310123
02313020011
00113130112
20103320132
20102000103
10123032110
10231123110
21301123110
33312103121
02203020103
32110302213
33213203032
20212033302
21212013112
00101200110
30102231132
01012212101
01121121110
01211120011
31032312111
23303211011
23311210213
22101310011
33032301110
02133230110
30303321111
32231332113
32033110111
30001120111
12230231111
10212001101
00231201011
01221202311
03331130101
13221330110
23131331112
23301303112
21332201111
10122202131
20110220111
13011330102
13031321123
11213210100
10311101030
10322311130
12110300030
12113101320
12113032011
13110301211
11011100003
11313223001
03333223013
13332332013
22131333213
22032130130
10332130111
01132100011
20032213101
11032211011
13210110111
11030020101
21030330121
13020032101
13101311021
11121011023
11132203121
13300031121
13200132231
13301030213
13302301312
13303322131
13003311101
13022020111
12123320013
12100220113
11202000111
12030303121
13010003110
20032221113
20020003211
20320031011
20203030111
20223333011
20303200311
12022000301
13202031001
11001332001
02020131201
00200033203
12301020301
10000200013
32311303010
22000330031
12033103001
22211033021
22112313001
32211113011
20001113011
22023311013
10021233021
02320231321
10133032321
33021111302
32000313032
22201101311
02102010111
03202112111
32220021131
12320200131
12331100130
32131011312
22310101301
23111030302
21213300301
32312212131
12211321311
01321032111
03221231111
03212022131
13310021213
33330002313
32121102013
23210003230
23230031130
20112030030
11220330030
12123333030
21203123030
21211113300
21233131300
31223121310
23112331101
01112331010
01210331001
33111011011
33103313001
01203332011
02202130011
03102032011
01232133021
23121310312
23110100011
22310202113
33103000310
33300201131
11100201111
11120102011
13230211301
23210311311
03201221300
03300210013
13211203302
13201100321
03320221233
33200221013
33002330101
33000331132
33100321312
33023220301
12302330231
22233323301
22131122301
21133122131
21013012311
32133012031
30232312031
21201223101
32121033032
32113133201
32210210301
10131021101
30131021032
30130201110
20020330301
20322330310
13223231030
13201022323
32012330321
32031231011
11101230121
13131300231
30211300231
32102300131
33023333231
33000130123
31100110023
32200013231
22010023111
23100303121
22100012131
21122313111
31221000031
22220100331
11222301301
31232111321
11322313231
11323333132
13123330101
23113300131
01333003011
03033000301
23003003231
10013231011
20313310130
21312311213
00122231031
00330221031
31230011031
22320310330
00220301231
20112130123
00112010302
00132200332
10032230031
31132210031
11123210231
31100122031
13110122311
33111212310
33123113132
10112233120
31130310321
31100013010
30100113112
13100013101
33133033011
13223303131
22133130311
32113200311
03122000311
03112320301
00110233001
20211223321
03130302301
20130301321
30033013100
03100310031
11310130011
11330012301
33300310311
33303300113
01100121300
10001201321
30103302301
00203021311
10223311311
10021100131
32010101231
00010001111
00020321101
21001131111
31021311101
31112112301
31312111310
31101111311
11001310110
31213331111
32101323111
10113113111
31023232130
32122131130
33012201311
10121311300
03301211321
23201211131
00322211301
20302010131
20020121213
23321230131
20030021131
30031311321
20013113023
00131100301
01110302031
01120130321
30011201023
31112210323
21112120031
21311110103
01131110213
33131102233
30131101320
11021220013
13312110031
12011211031
31031112031
11102311302
11300132130
31100231320
21023110031
01233301310
02031302131
00331012130
32021013110
30110010310
13133110310
13011103101
33301101301
30301113121
02303113111
31330113111
13330311131
33231031310
23231102303
33011333111
32020332311
30123003111
00021131321
30123313320
00123003300
30132032310
00021102103
03312011030
23010130030
23330313030
13031303032
13031312301
10030110301
13132010301
01313120131
11013311312
30013112131
20101232031
13231332031
03311323011
01211222033
10101312132
11030012113
11130011310
13111313100
31101310300
11101120310
03301230310
02001332310
01010220310
02111232311
31012033100
10220333101
02000232301
01300303101
11300223131
11313331301
00210133121
31103323321
01101133011
03113132231
00011032231
01131133132
03030333110
00302333011
20101211310
10202231213
10100221301
12200330311
01030032030
01231131030
01300101030
03010111132
31101212103
30011312113
11011321213
01013331231
10102310123
01032110231
10133221123
00130232123
32003211130
30000310130
23002101130
30022231103
10012321103
13013021300
13102130130
30001331003
13020113023
21011001131
31021130311
31221331231
22312113311
23020323311
32202213213
11221200323
11220010103
13021211103
30111121233
13002132103
11023133101
01122013310
20102303311
12132301311
12130100103
01230000113
01300311312
31120031213
21112001113
22111031123
23022032113
11110032323
11112133203
21013203203
02013030300
10001331130
13001032311
11133103311
20132023301
11110210013
20310031132
20210331123
30230001123
10203113132
20231033311
30230323300
30220032130
23010300113
23201003103
31210323003
20222002313
20212313231
02130010231
03031011231
32032031131
13223001113
13130211113
13303233311
21330233300
01311332300
11311212330
10131223030
10330232330
10333320331
10322223031
01031310311
10311223213
20311103131
31311003311
11321113311
01301223311
00132213311
01322130013
10103102013
01030101301
10302031311
00103233131
00300202233
01011022323
00100321130
00002331113
00203232113
30033330113
13033113113
20123331113
21223233113
30113201103
20121131131
30300110103
21013131123
10231310113
20223212133
20323113312
20023112330
10211133301
00112121323
00100111013
30102213023
00102103003
20101130013
00222013113
02121211113
02332100113
02310301013
02100300123
00020023123
10030031223
00320003130
00320011323
00022210323
00123103213
02022003103
31221031103
33210301130
10311001123
10002300303
20223001331
02123011131
02001230113
01212031130
03113331130
33003321330
20122031323
02301202313
03310303312
03033033123
33303033003
13303033130
22203033013
12100333023
10321003310
23232030103
12312230113
33131230113
03133312103
01303332332
00032333320
00230330132
11210330113
12211030310
01020331013
30130301003
03230030233
01333020330
02230221330
02332203301
00230020303
01233223312
11203233010
02120303311
12132033031
11310333310
33112133312
12130313301
32133023103
02131003310
32231000233
30023200133
32221202133
32132110330
21113033003
01131223303
21111303230
31021333010
31220123301
01200313321
32100203301
00030030331
00200300313
12103003312
30313323030
12313123300
30033123311
22310323031
20211123013
02321323123
30232233113
30122111313
31333011013
31331003003
30130113031
30310013301
31330210303
30323012313
32231301331
31132302331
31202333132
31033033310
11033203300
11000303031
00013002330
30122102330
30221321323
33022110233
21020100233
33321011003
30320213003
30220200303
00120120233
01211000303
11203002303
01203301233
01303003132
11230203130
31203013103
31301330030
31322220033
32200200033
30002202033
00321023233
10320023013
31001203113
01332000033
21232303031
02303030323
22123303123
21131000330
12003200330
10002023310
01210202330
32201220330
13203122033
11202210233
01211323310
23120133310
23010022330
31001333302
30010033312
32011210332
20211100332
22311100033
22021210133
03112020033
10301022033
32212323233
22321133332
21213321330
23212220133
21223033332
01103033301
01022230133
00112300133
13123031003
00133030313
22123030033
00033020133
00303223103
00313313123
20031310233
00033133003
00322332133
03201230033
03311300330
32110132330
22111023330
10121302323
20210032331
23120002331
13121323321
12030122331
11032130312
10221013130
12100233130
12022021330
11031132303
11233103103
03102123231
01031231233
30331102331
33130233131
33203232331
33312322331
30113312033
10113210303
31303031331
33031333203
33032013031
33021012331
33122310331
33223003330
03203131332
12331313332
13311333230
23031133300
23231310331
03220133031
13221233123
33201133030
02221121331
01021220331
30020210331
21031023332
03022321331
01110210331
11211002331
22332113003
33213113203
33013312323
01002123130
01312123113
03101313013
01120322313
00111012313
02210312313
03021331133
03023232303
03020132330
00220233330
03222333013
02122330330
03132130331
03333033331
20312223303
00212333103
20132333130
10033231303
00331323330
20301233330
20202131330
20100330330
02003301331
31102223330
00302310330
03200210330
02302130332
03231223133
03211211233
02111313233
02011301303
32001121303
31011231330
22011131313
22201132133
01011133103
03303112330
01202003313
12301233103
12011323130
00201303331
20010313103
02102313303
32211033303
03021112033
03323313033
33003000033
33211010033
02320133303
12303333213
03310233103
03320113113
22102211033
02132301033
23032321033
22331312313
20230210313
33312020313
33312033330
23322003233
03122033133
13311201331
32232200313
32233233033
31332201233
20312001033
33012233303
33111131303
12111133131
22011233331
23101223331
20003323331
22300223313
03000333033
20023233033
21321203331
20123220333
02010103330
22010100323
22010301332
13013233332
10213010330
13110013330
03121101333
23101121313
33101001323
13100133213
21110231233
21300012033
22230003133
21302313332
23213030313
23110313213
12030330303
21321101313
31013320313
21203310033
10233211033
32033303313
21313103323
31323303303
23123233323
30002130313
00221213033
12220223133
21220211303
02120113033
12311301233
23132111233
22120321333
22100131303
21102020313
21202233303
12122133313
21322213133
11332131330
10121330331
20012033233
21101113323
32132233323
30300331313
30111013332
31101033313
30103333233
12221123303
11221133233
13111033033
11123003033
10131010033
10210132033
20131032333
23200303333
32110030133
30311231133
31313132133
23300133133
32330312133
31311213033
11331230133
33331123333
31231320333
13232321313
12203313331
33220111331
03332121133
03303011303
13103211331
23030213331
11001110331
10102013331
23000011323
20003201333
02003223333
00200211133
23110021133
32302020133
30202112333
13001113233
10011033323
30000123133
31003101332
32000110333
32302311333
13121020133
23011110333
20110213333
23022123333
13032213323
13011200313
23013323133
20330131333
13210123333
12200032333
10101003133
13010010133
11100011233
01310201133
31201221133
11212012133
12323121133
11201010313
33122232333
33130020333
30012000333
13302230333
00311030333
02231133313
10302113313
11123221303
12121110333
13222211333
00321111332
10333133133
33103013333
21030303303
01000213303
31022031333
11033031133
30133011133
31113001333
01100313133
11131303333
12331002333
10030302333
00231011333
01332112333
11301331333
02213331333
23313311333
