--- Global Parameters ---
Code Length:			12
Min Codebook Edit Distance:	4

Max Run:			3
Min GC Content:			0.3
Max GC Content:			0.7

Using Generation Method: LinearCode (minHD=3)
Bias vector: [1, 3, 0, 3, 2, 1, 3, 3, 3, 3, 1, 0]
Row permutation: [7, 2, 6, 8, 5, 4, 0, 3, 1]
Column permutation: [3, 7, 2, 1, 6, 5, 11, 9, 0, 10, 8, 4]

--- Results Summary ---
Number of Candidates:		207154
Number of Ones in Matrix:	36865092
Number of Code Words:		7228

--- Performance Metrics ---
Number of Threads:		32
Candidate Generation Time:	0.18	seconds
Fill Adjacency List Time:	89.75	seconds
Process Matrix Time:		34.58	seconds
Overall Execution Time:		124.53	seconds
=========================================== 
111211133300
112220001011
211120001012
111222000333
122211100033
202223000333
211133000333
000111300013
003330011122
330300011122
300030011121
222000112220
220300011133
222333011131
322033311133
022100011131
211133311100
310033311101
112233311103
122200311133
223330011100
110300011100
011200011101
322230011101
332233311121
222323331110
223133311132
031133311122
331113311101
221133300030
001133300012
331133300021
101113100033
111333110022
111333113330
121133311311
111222313331
112111313331
112233313332
112200011321
211100011322
233100033322
222100022322
222000322232
122200122233
111200111233
113330011133
111330001112
311130011131
110003011133
011103011132
120030011103
210333011103
130033311123
210030011130
220003011100
122000101112
111203001113
312203011131
212000211102
131000211122
132333211122
133313311103
033311311122
011333221112
223330221112
220003221112
233000331112
333033131113
331333031112
313003311132
320033301112
330011311121
330012111222
023300311132
003330131113
313313311121
333133310111
333101311133
000320001112
333122211123
231200011123
323030311102
030002011102
020001311122
001003331112
000100031122
010020011122
000103311123
200033311332
102230011123
103030311120
123332331112
310313331113
110002231112
010303311131
023003311101
000332011101
200113311131
002313311133
122213311331
100012011123
000333121103
110011311103
111003331103
122103311100
212103311133
222130311103
101110011103
021130011102
201130011120
022203011102
221100311130
211000311232
112130311130
111333031130
101330331110
211133231131
012133011101
111033313111
010113131112
013013331110
323310331110
300030131110
100331311130
303331011131
000133101130
303331131100
213311311100
330131311100
001323311100
331323311133
331331011103
203031311133
311233011102
110133211102
233002311103
311322211103
323322211131
332332311130
312333211100
111332211000
012022211100
020022211132
000201011100
033100311120
332320011100
002002011130
020033311310
330032211131
120023131112
110010131122
110033112122
200333111002
100133311003
101133321101
002133111000
002130311121
213233211101
203233311000
020333111020
000333231120
001333201133
100233111333
100023211103
002233311330
032223211132
003202311133
011012211133
011330211130
020233211130
133233311033
132232211133
321311211133
231333011033
121313111333
331033311031
113133310133
313332311333
112032111333
313303111313
202333211333
113233111231
022233111201
131332011131
021332011120
111223011332
130333201103
212333121113
122133101113
221333112113
111331221133
110233221113
221033311202
223331001133
012331011123
113231131113
133222331113
211333101121
223233111313
323330111323
232133131112
332113331133
333103331122
333111031112
332110011132
231130001133
332330101133
033233211123
231132211130
331113121113
130111331113
130313331131
031001011133
201331211132
210333131132
213033311012
131303331120
211000121113
113021311130
111020231113
101330211121
211002331110
311000331131
201032211101
231133111213
010033011013
100130031113
010230001113
020331011333
000322211333
310001311333
110332301133
110033321333
120322201113
100300201133
003020011131
023111311130
021010011123
002000111223
013300011320
101000111330
221002111333
003300112133
030300121133
112002221133
010330131100
300332231133
030332311313
030003231123
013323111330
301302011133
300102311130
320003111323
200031101113
023003121113
233310211130
122000211313
333000121130
233300011302
003001131130
303300101132
003100011332
300200011331
200100311333
333130111331
011310111332
313130001110
313332001132
323322101112
313300231130
110330111312
100330011031
002003311031
001103111033
001003101100
300300121100
003113301113
333223001113
001112131113
021101331113
323001031113
001110111231
011331113133
011133110130
011333130103
113323131122
010333210133
000331102133
011233311232
103213311132
103113111313
103330113130
230023211130
011301301133
111011031133
011010001130
111213113133
313311021113
213312201113
133001101113
133000111031
130003101130
133030011332
130101011132
310001001132
110010011331
113110211333
133100021133
033132001113
012012001113
113103101112
113331310111
113331001100
201120101113
311021101113
321000201113
211131101103
111311311010
331131110133
301131101112
001131112113
203331112111
233201011131
131113110131
101133111220
102033311222
110233301122
202233111223
202231011130
202003031113
202331001112
033300101101
202320211131
102031211131
100332113113
100013311311
102013301112
003332200113
033323231103
030113211103
033031211101
331113001122
330001110103
033301110100
332010001110
332033101100
320111201113
220312311103
011231331110
110003133111
013300013111
013000210133
003031110103
301030101103
330301231103
101301011101
301313111311
023331113101
201101211100
011000113110
012013011120
011003311200
010003110100
111023111003
113013311031
201300011003
203303111031
133303111002
331103111000
131100111301
133013111322
333213211100
303312111303
302330111213
301330011301
021320001133
032130011333
321120111333
111320111030
011120111300
131233011120
131331101122
313310111222
031300111213
333000311211
113300112122
113130111202
011100101121
111001121100
112300121110
122331101131
111331132131
111002113131
112300311231
111301110123
111313210113
101310110133
111231311031
120031311331
130003211331
113301211331
110302111031
111003101333
332303111332
011013111301
123130211101
131332131100
011000112033
132002211101
110003221121
100130111211
011130311201
011300311011
003303311211
030333011212
010332111222
010100011012
101300311222
103003011213
100303311302
332200011212
033030111222
003301021110
013332221100
133020211100
313301011000
333022111033
003002101112
001002111311
001332211011
133031311011
330331100113
133322110111
103323111321
023322112113
313322110133
011122011013
113322311012
113332113011
010322121113
013331211211
131320121113
023133112111
113331122110
211333211320
012333113110
032333121131
333233321132
103330321131
001332331131
003311301131
033203311331
130333113311
030331113112
033313213111
003132221112
101333133133
100101121110
001213201112
001133130111
033113311011
003311011003
300011011000
023330211013
103331103103
300303110110
333131101120
233113111231
323313301132
120313001133
122001110113
100203010113
001330310112
001333113012
112333132112
103001321112
130331221112
111000132112
111032131123
031331311233
330031011232
000323111232
020023111033
000313133113
003331233110
001131031103
021131001131
100031031102
100313321122
001300021102
111013221130
120332121132
330330110120
033313211320
332311211120
330332221120
331311121131
333231131131
321311101110
011311100111
231011131110
333001133110
330332133110
320300111310
303323311010
311313301100
011031121131
321012211100
001000133131
310111331131
100311131121
300101113113
203201121113
233220221113
233230211333
023312131133
133033213133
130321101133
113003113123
200321211123
113032121102
001213111202
301230311122
303012311122
303001313111
332000110111
333201112111
110020110111
000121110111
310131110112
333230311001
130320111011
200023111011
200103111212
301103211121
002013111312
002223111013
002023221112
300221131112
002103131110
001211011333
230231011102
130030113100
110031011210
130103111221
000131121121
210003312111
120003311230
100022111220
100021121131
100102111023
110001110212
023000111020
100310311233
130312111332
131302111323
133302101120
103300130110
103110001122
130311310112
113311013110
120331110122
103331211022
000131311022
100333101200
303331221123
310231311123
110311201123
133032111203
120323211120
130032301110
100312101103
300311101313
230301101110
012321101110
110002122110
123332211210
113130321123
110203111202
310030111020
111303011020
123103111232
233301121122
223233321123
100031110010
200331011311
102231311311
002310111321
000312311030
100313110102
101333010123
003233110121
032300011032
203230111212
022130111232
103313012112
103313011200
102311121100
003211121101
230001131101
010002101101
210023131121
200032131131
010022111231
200010021112
000100321101
001110321110
230033010112
230030331121
100033301021
300111311332
300112111031
200110111010
130111211033
132102111233
113322121333
020311121123
310301112133
103001112121
030011011211
103000101311
003101000111
003313110011
001310013113
201001110133
102101131131
110210111000
102103110112
120131131123
102021131110
120021113110
101011130111
102201211103
213002111301
103112331110
103103311030
101210101123
121311133113
123030113113
102303011033
132330011003
102330311300
130200031110
100200021103
230100011030
133101031100
101121101100
103012110112
122301231113
122331212133
103222111330
200012311213
131112101130
100011331033
133011131333
333011100133
331012001133
030303201132
320001221133
100212321133
030021112133
032011121132
303002110100
002210211102
312003112112
010031110001
110013101011
100101001121
100103331331
100131333110
200111331120
203110131133
221110113133
210111311323
103011311223
000111011220
000113113120
110012113120
312011101120
031013313110
303110113110
010021121120
020012121110
010102111210
013111011233
031310121122
100010110313
013012111202
013132111001
031123111201
032113113112
333102111012
003022111000
003102111203
023031311000
202003111300
210001211001
030220311100
103023313113
130203311000
301203131113
012211131133
302221121133
023101113133
023120111223
010220111213
011220121133
031220111232
001201101122
013220131112
003032313112
030223112111
031231221113
030231101123
033022211303
013031011303
000221122113
022132221133
022002101133
002030011302
013001113102
010313113132
022031112131
001203311303
300021113132
000332131312
010003112331
111030112331
113033013331
300011133311
020001122111
000333122211
003133121013
002331112221
022333212112
022030021112
200301031132
232331131130
112101113103
201011121103
202011101131
020110111301
010112311311
000100113011
030023133110
000233133132
100033132103
313022121110
332102121110
330222111210
330023311313
331002113113
331301113120
032001113123
221301113131
230010111203
230002101123
030020021110
331002321112
030111001100
123110111030
033110113123
033311313313
331101011313
311011311322
311031131333
311030121122
311131311303
113113131332
332121101131
313010311330
300130121132
230002211322
331100310113
233100110110
310012121123
300123311233
300110301123
300233311220
103101211323
332221131120
332003311220
311101331120
133120113112
313120111210
313310112130
131010011310
131200121132
133100211212
100020012112
133230112133
112033211010
322201331110
021203111010
121010110110
011101110213
102301110130
102200111002
132230001130
022123111303
022313111002
013003012110
111300101211
123200111201
123213111003
122302111003
233132111023
133132211313
101320011313
131300013132
131300133103
023233311022
222330101122
003220111022
331220211102
031222131110
131323110103
112230110101
032210111310
001222001132
001230011030
002230110110
203230031110
033303131210
131301312110
133101113300
133103133133
101101113332
002101112120
321101112100
011011130100
031130113101
210103131100
231000112100
231110131101
231131011011
031311011031
022110101102
202110101120
230211121130
130310012111
031011210111
322021011103
032111010113
030131010131
130210311313
332120111013
301201112123
330231112122
132031112120
133123121123
332221011333
322312113113
130311122113
333101120113
132010111020
101303112100
113131211030
120120111003
312220111303
012220101101
012112131100
120001211032
001023112122
101031121213
331001311203
131020112123
331333112102
323100112112
221003101122
213200113112
133201311310
332131013111
101021113313
001122110120
001232111323
330332012113
133022122113
113000122133
132011211303
001032301120
033121121102
331213111320
331120131130
332112112133
312130112113
130122111300
233110311310
101110131310
110003131320
000201131313
012000131313
212300011010
011130001000
131110311022
103111013102
311120101102
031112311003
033111331000
020111331102
213310131121
223000121121
230122331110
130220101122
232100121131
333200213133
030320011323
033211011301
030331112031
033311121203
133311212102
333210011203
302210321113
300210331132
330200311032
311220011033
311230331103
320303311013
312133311231
312233112120
122231113100
122233131102
020231121102
033200112102
032200231113
013301123113
113313112013
120331112313
101311101201
102113311021
313311101211
303310132111
033123211312
013113321132
012203312113
301312331112
301311131033
311133101033
011231101013
030110131013
030012211330
331001121033
312013121131
311223101131
310232111331
100012131330
100120311310
200323313110
222303113112
222030131133
223303311233
210033211233
220033113123
222031121100
220330111230
223101121130
223300113123
231321121100
223220111000
233133211300
210102121133
210103011313
213100311013
233101101333
233322101103
332212121103
032103121103
002212121130
302331211312
030031123103
233020111230
330132113123
130100313131
133003312131
131002311231
233211101102
233010011022
232221113103
210221131103
202212113133
212113113130
230020013113
130221110123
110211210133
102322131123
112220311032
010022031133
132301211023
323121110131
121021311013
100023103133
230333101233
303232111233
313223111223
313230113123
013122313113
011102310110
012123101132
021122311310
220123221133
222310321133
020230131131
132213101120
113212110100
322113121100
221130211233
321233121120
321230111231
312223311000
303101011230
310101011223
110110121233
230123111020
220331331122
322032131112
221321331133
331321331122
303311310123
030333130122
031321110122
033202131132
331133133103
310013133103
320032311303
323013331123
223003031132
221330313111
322203311232
322103112123
320302131123
223023211123
322023111210
203021112102
203112112103
230102113112
320332113131
320313111221
320211311311
330113113331
303013011023
001213321123
312213101102
312231010113
030020100113
032003130113
022021313113
022201113313
000223213113
003213211311
300323101121
300032112120
220001031333
222000113303
222300311202
232032011132
001031331013
021332301103
022211311023
131330113013
233303213103
003111323111
132231011012
331211010110
332331110310
330013211010
311013211213
310313211033
310303011201
110331212101
001312112101
300113212111
000112021131
302313131101
232223131101
232223011312
220323110111
220110310113
311323110121
310221110101
301233113101
301211311003
201121110003
021222110103
320123113133
320031031120
202033011003
000113112003
111013012103
321331110303
121301211303
122133211203
212302110113
212321011313
222021110130
021012110131
110211100110
000301001211
210313311210
002320131102
000312122112
000202212111
001020121121
000220221122
220020112131
203121211033
211103211203
003211313100
000231113210
003311132013
003211231122
303131112003
000221311302
212213311302
212131311032
011131131002
002131131011
003311221011
022131331120
002321311210
003332112210
021033321121
001000302111
101003122111
003120312111
010103212112
030003121011
011003121212
031100012103
001010101213
131013100113
011033100112
000233302112
102233102111
002233001131
002023301123
021023310111
023201310111
022303001120
320301211211
232001312113
202001131311
230201113121
323021101121
230200211211
022000121211
022313321101
033321330111
033031331312
003010031312
000330321311
000321303111
120330331313
120233312110
102203311210
130021131211
210301131211
133010121211
130301113210
022231130111
132311301101
332231101211
012033312121
010233112212
003123112212
331233211211
321033212111
220003132110
321331321101
121033133110
111233101210
122330112210
320100131101
303202131101
302100113101
002202113121
302002121121
002001211322
303320113122
203220311313
222010001101
222013113101
003003113201
223003112211
003003203111
022000231101
321000110102
323300131011
310333031311
311130131011
122130011011
132121011001
223200331100
310001121321
322001121313
312300110132
312333100111
022121011010
003312101010
030101110010
102213110010
300013110012
320031110032
230001010013
100200100100
102003101013
012031210112
002032110132
102022101132
001021011032
011010311002
000101101031
121113011002
313110011002
202300113013
100302130133
033000130122
121130110313
030201311021
000222031121
100222011000
002202031103
311210110120
221110201103
102231120113
001301112303
313330210103
311333121000
133301010010
311020112101
310231121313
312201321103
031133121312
000230101012
300210211012
320011211202
031030021101
303103201100
300303322111
103030001012
110030001001
230011101012
121100010101
211010113102
002033100101
313032113101
200301113001
332302211011
301122211000
201222113100
332133110001
110113110001
120313311001
130211131001
332011131003
330113110023
132013310133
120031120133
310031100130
332031310131
311201130111
303221113311
220011121033
300033210123
302322211223
301312210111
223031110121
213013010111
112303110011
112100100111
113110102113
120100212113
220100321123
120200011020
120231211000
312102111300
120023301100
213230301112
300221301100
300032201122
310331301010
233031130100
233303101311
203132101121
003131021211
103233221100
010201113012
333210221122
023312011231
011312011203
233130011221
331231001121
331330002111
203330100131
203300123111
232220100111
303302312110
000302110012
001320110013
000321131001
000322100100
000322213102
003323130101
010331313310
311230211310
310002113310
311100113330
301110211323
331122113310
312121133110
031212112130
102030113310
110321133112
220321132113
110320313133
120121100113
223312100111
311032211332
311001112202
310200112211
330011121200
330121112313
000300223110
200031210102
203131010100
321130311010
331003100101
313003310011
221012311010
330011003111
313011132112
302011121010
310230133111
301230122111
301100221103
110202211303
110303331010
120033210101
103221001101
110322210132
111233210132
003223001120
003212201100
020032010110
321132210113
322131110213
321321313110
203033213100
203013321121
203303321132
020133011200
022311011200
301130110002
011302101012
231120110132
331013010132
313103010101
333110101001
303012001101
331130100100
130300100131
302013331013
202331310103
022333103103
223311010102
003110101032
100330133102
213310013103
201331101333
013310100103
010311012120
301101001033
321103010133
331112010123
331102101211
031213101211
333012130111
323031012133
230303312132
221023113132
233012112132
330101101002
230130112130
020130100112
232213110132
202311130112
022231131032
003123113331
002203103112
200202011310
203002011200
212030311310
202220110102
230302011012
220010011302
202123110131
210222100113
201233301130
210233310130
231313310130
221220101130
110123301131
110110001313
310010101310
010023101313
300011223110
000120211200
013320001010
001330120100
001003213130
023010001013
020001001010
202013310100
120133113303
102133013103
322133011310
310330123133
302321013133
002320010101
002221012103
020201103110
020320110123
222313310123
023101201103
300320130131
310332330111
120313123111
202033133130
230003113230
223001013130
313100103133
223113011330
021030311230
223031112310
033100121310
031331121330
021321131313
020331133311
233112021100
221120011001
223223001102
222120113100
030121213100
003012133103
002112113310
013101212131
123301112231
023301131002
103302031102
101132213110
110332223111
100132132112
333112313100
300311331301
000211331212
003011103121
303301110022
333110100122
000331332121
030033102120
300321312103
300322113010
003313320112
033231000112
032010010102
333221210122
133103010123
203100100103
002100102113
021131121233
003030102123
000301312213
333210131010
333211121023
033322133100
333213331313
233032333111
203030133101
220320121101
222333132121
200310010131
201300301131
230203301131
001300103120
213001311220
000130012013
023300120112
300231101001
320131100101
231121100101
322310011031
313123121101
331312113011
331302310131
310311121001
303111212132
301012221132
300130312101
303033312311
333031112301
030330103121
100203303111
003331312331
102331013121
020030201121
331313211230
313131132133
330233132133
213313331333
133200013313
330320311231
333212031121
330222321131
310222313110
130212331120
333122103113
323331331031
123303010131
223323013133
223330132110
303310010311
320332201101
101332232111
323330031312
302300012131
133011013311
133311102121
113312333111
313302103111
011312133112
031330133132
133203330111
113210301131
102210310131
132113300111
301303001011
002130003111
021303213113
023303031311
030020331311
330233301011
330203113011
303133013011
320313030111
333011333011
220130013112
032332131013
320100013123
301001133122
021000103103
013001030112
013121031101
010311010311
003101310310
303123101031
203120110011
300310110021
202100010121
222011010011
001020001001
200121001102
300123000111
233131121001
233312311001
233121113010
123023112101
323023311300
230212110120
230310001001
323210111302
330100113200
230232331103
222101110333
230222011033
202201110310
213201101310
312012011311
313001212311
313000201121
202211001311
211101001311
333201110320
213320113311
210010123111
211313113313
112311331311
132303313101
103233131301
213133131311
131230101311
110031132311
101303321311
021301313311
111231000131
110032333131
211330010011
313310030112
323300010012
313200300111
323220301133
031200103111
121311010012
013331333011
013230331013
002301131023
010021311023
000213120110
330023120111
110021020113
300310200113
203210100110
300031122013
310033312213
133311210333
333112002111
233021102111
330220010131
201100112313
201102011021
022033011021
032030001311
033230013011
033223010101
020202011001
200200110031
020323121311
003032121331
103110121331
103311033131
031021311331
303002112331
303202013123
030321001310
302221003111
312110330111
321113100011
321113330112
321110303111
103113031011
131120101031
110120101010
101202110102
031001301001
232001001000
221300101000
011001331211
000200310211
300023301211
130013130100
132310310100
133131300110
010210130113
311123133311
113323133313
332321123111
030002131200
033012231120
030212123111
030332121210
003222131211
033322013131
020020311221
023323210110
003332321001
133313001031
033213110313
033201211200
013200311230
132100301103
113020301103
133231210130
332113101030
133222101010
231110010013
231010310103
231013110311
313131303113
323313131213
023313313010
311013103110
313110131300
200131110321
131311203111
231102000111
110002003113
111023030111
230113132111
331030323111
331132312110
231231213110
032312001130
112201313011
103131313211
201131313123
201103313311
013131001012
010310121012
233313012121
233321131212
031331001301
010221101002
211130110231
201000100011
210003001331
210001330113
203231333113
230210133110
201311323113
220031223111
002302333111
201220133111
222100333111
102213033111
111220103110
222131133313
220113113013
021022133111
113221333110
111012233110
132203131211
322331301311
032233133100
313023133130
223222133113
321333130130
310201213100
022113133311
020221113331
002311023112
012231313131
132211313130
112001333133
031011333101
120001333101
120200133113
123001311302
031032310101
031013231132
031213332111
233013332113
133213132112
133313312211
332233122112
322330231131
033131032110
230132131011
303231310102
233301313301
223313113321
333131333121
023231331211
201233131211
223131330111
232333112011
202332110311
033112131212
133112110210
110130130131
110011233121
100112313313
100132300113
111322300110
123203231133
011310323111
321331031211
301331313031
233033113021
213331133102
313113331003
131331333123
132231133121
122331333130
322133301000
011333010310
013233011321
033230302111
012332211331
202233323111
230133003111
200112303111
230330132103
322301321132
112033103131
111321103101
301232100113
311133210311
303303130211
301103331001
123310303113
110311030103
110011123013
130001231013
312321110013
313311330013
111001000103
100211230112
320011103010
313001100012
033320110312
320001012011
022231012311
022230231311
011231021311
311031013311
310110113012
300011012312
000212013311
100222133311
300020103101
321020101311
321101321311
300022121012
030002132112
330021330112
300233001312
320013313102
310230012112
133003002112
313022000113
033301200123
303132000112
233030121010
233301233112
300100021013
130303012313
113300032113
133300312013
330130010211
300103130123
301011210122
313001210120
300231331231
302023311321
310132231121
332023221121
130132311201
113131331001
123302313100
113301331300
102033310301
013011313003
002131301003
031001131320
203011131300
303201103130
013321131321
003213331231
122230103133
302031131320
100231131322
130031101302
110021100122
213321100121
011121100123
303321331332
003320331012
313212311312
021313131030
332001100122
330010012001
132201112003
310331131220
203331031323
313133110020
313033101212
230333021313
223033301001
210333130011
001230131001
231333222111
330301122101
333030103211
313210023111
301301103311
303022101313
010302221311
223022201110
232022210110
300233230110
333233203110
100022030110
033002200110
331010211021
330310213121
311010131212
101200131212
331130331213
301330131221
030110013031
010210012131
301022110211
000221000131
210032110211
210333012211
220033321211
213003331231
321333011022
313330100213
322013302111
021033112221
021100113212
222002130111
223221210133
233211213132
133111233103
303111332103
233311201321
333100013021
133010230133
133301301332
110333001032
111323313102
122033113033
133003313012
131033112012
311033113002
110233133123
123033312333
311300013001
011133113222
221203311321
212123011331
112130001331
001223010133
100223001033
320221101213
020211010013
230300203113
322212100110
003000231213
333001221213
013001202113
011003231013
333230230113
330310021213
303302233113
100330222113
010330221123
001030203113
003201032113
002001332110
320203130100
022211233110
033133222113
131133102121
301331123132
131103123112
031102110312
012200110312
023020021103
020003103132
010031030121
020021130101
010300031021
113100131021
313013112321
301133121321
313031121203
033302312123
330301312331
330011312233
033001310321
330001031322
331000301321
321003313331
333231011322
033133301321
333220112212
333011212012
233231112213
333132130130
133311330120
112310113010
113233113000
132311133011
233311033013
012103113211
330322213313
323010013313
021110313313
323031013010
123303133121
123012231131
023021032111
123021300111
033320032112
020010213131
020013012133
020102211331
322010211301
332103131301
312003113031
212003013121
210110131031
110110310120
100132010130
103013101002
133023011021
121032001101
113032001311
313320012011
311330112003
133011010003
100301102013
003001012031
330300132132
331211132132
103211023113
102111021013
101113020113
100221021311
101110303133
212210201133
122210201100
122112331313
102130331333
132121301311
122000331011
000202331010
200022023111
020010100311
021330200111
023310033011
012103031011
012111331021
032211331331
022301331330
002300312310
012300212211
031100222111
310020122112
222113331300
023212311321
033212101021
013111301210
022131103121
012131110331
311231110332
312311133122
312231133103
331030113321
331013133211
321310113312
323321133123
311310213100
330131312212
303331132212
333111322110
033311312230
333010320112
303030321312
232301031011
232210311021
323311032121
323330201211
121323303111
200233021011
200223011231
212232311001
012330310010
213203120111
223311220110
320101123121
332111230121
233212133311
332010233111
332001331231
023013031031
333011023123
323010222111
323031221011
330032210012
230332110010
320321110312
303021010001
201211333131
133221133312
033221113233
033231313332
310012231011
130201020111
132030100011
320023331001
312032313011
112232130110
312221331011
321110012011
002110301211
000112101233
000110001302
200112011303
210312131013
020011320112
001113123133
010111200112
011102000133
001121003112
001110030101
323111013031
331101303101
330310103102
112111001032
100130110332
100212110331
302232310133
323232122113
223301022113
120121210130
223111031321
223101313313
221101301012
321211031012
221123103110
221130101210
223212031130
002121100130
031113130010
031133000311
203111310031
201113033112
113011103312
003111033310
001301323101
011023221101
213002201011
003330132201
233131310312
233313131020
223331313012
223303310310
233113030101
233203031120
202330131332
231213133121
223033131320
233020031310
201232311012
101122013011
302000213011
100023212211
100113221213
233000213312
223012133121
220012113331
032031013331
031031030011
300131013301
303213112333
013010300011
212310100011
130122201101
131112333131
323122233111
331212213101
330212011002
032321221101
332120031311
212010131301
023301010001
223301100313
222311100120
232331303131
222310203111
323320123110
323113112310
131113112300
330112100010
332321000101
033132310013
031312330113
021311030133
011123312133
011103131230
211011333123
010101121232
030011221312
330211213312
303211013012
112110133132
301100131302
101130313312
301320212112
313002221312
331113231312
332112321011
303211302112
332131131022
331031331020
331013301210
020101130120
331210001000
333211000313
023311100032
133311103002
132221100102
121213100101
101223200111
001122321011
122110003110
120001100310
212113201100
223011101332
023011013122
301131331322
030311333012
233311320011
212031133011
310031333012
220023313311
220132113310
322311313301
323232313311
313132331211
322323312101
331311231221
311311201031
311301233131
333112122213
333123112221
330321010213
320300110233
321011301331
330111301230
311130301330
313130231102
333130201312
333131021333
131113321333
301121132131
002221132132
021211102133
321113212130
131131122130
231330212133
330121321013
120113102110
320113010122
320021001033
220103000110
220033031010
220033112000
213321331010
013332131032
023133113032
023030131203
323003131200
333000231220
312033131201
103310330011
321031312313
320330133213
333031203132
323033110322
331031103312
321031002112
320131333132
123131201132
300113102132
303113001332
313113213312
333123113302
013122311322
013120331333
003112231333
003123031313
010113010333
000101021333
003111321320
001212213132
200123331312
310103033112
030321233133
203111233130
203001210313
020002110213
200021133013
223011330130
200031330311
001201210311
200212331331
301133002113
302130013313
311120213132
333201201331
331310301332
332332001331
321332003113
302011001021
302101101303
301130112233
300122013103
300222331033
323311201003
323332301013
332311210003
002112110002
002103010331
003012010331
031011103331
030011010332
030213011322
133111312322
030120113332
020212211233
013120100131
230001300121
330022131332
302012110333
300232010313
302003013312
322101303112
302113110322
232113310313
102110110023
121101120103
112131010003
022010110003
023131010033
122011001003
300131221033
321013110033
323111300033
301110103313
323112103311
320030210311
111301033311
123120133311
202300033311
230010030311
230013231313
333113012033
032113112031
032231110021
003123110023
322213110301
031011100023
222131301021
220103001033
220113033133
322210313132
122010131332
312000313332
322310131000
312200331312
022103331312
022023331333
130202131312
231302331311
123233213121
232323313122
220131002113
231122013133
020002201313
231132101331
203133201313
300101033211
121100131231
201001113221
230001132213
232110113213
202121303113
220102131213
202232331313
200132001211
200011321231
312011021333
120011013213
132001013033
000113201001
000113321303
020311313033
020331301023
000213230133
130012001312
130020121333
302001203133
302133212133
301112120101
230132010103
223113300103
333121300102
203103303112
223133233110
201333231301
223133123133
121131331033
111332331213
101121333101
313111230100
110111013000
321011303100
300111003120
301211000103
301012010003
310012001003
211211003133
113211001303
310111023101
310102100131
120110133100
121300113300
103020113301
103110313330
020110031330
321101031332
201121031333
131100031330
112003313300
231313121332
330121031303
033102103130
033302122131
331121231031
331311233010
321102313102
323302110301
133102310311
223332110003
221112130103
122331213010
233220010311
331132313033
232112013011
103211100012
031113303132
001133010302
020113310030
002130001320
033211130031
033111333231
132012131031
112012210103
000102220113
032121110032
322311003011
333121010030
031022201011
022123203111
222323101013
021113201313
120102230111
223102201131
303100233131
310100231313
311100200110
000110230011
233110231012
330111220011
201112021310
133111001320
331110200031
131110002131
133130003121
131101101223
110100110203
010011021223
131001110322
123001121023
021013101021
220133101221
201001201211
301101121220
302131122101
202331121301
320013122211
320103101210
321001101230
323301120010
220111012001
022312101031
321112201033
311121110230
113321110232
113301102333
301122101023
231021110210
103332013332
110011002101
100110102011
101302020111
112011012031
100011100231
033011201231
330210031231
100013000122
121003110021
102011200011
131021021011
231110300121
213130213121
112030013122
112330331012
211332321011
221330122131
301113301221
301110330013
100213101221
231332120112
333101003012
331130021012
033130210122
033111210221
330211102212
033311002213
311303020113
030311020101
133231102011
223321110201
322320110211
303010102100
302331020110
000330201231
023010312100
333010112220
133013112030
133131220121
303120221121
303113122011
302101102011
300030220101
301302010010
331203122121
333110021030
303300210210
023303110203
333231222133
233233221311
302313221211
230133120101
103103120101
133032031010
031013312033
133112200011
133011220100
333102030011
331223010011
331200033011
100102031012
122011123130
112011133210
130011033010
300213013031
110020033101
030022000311
030130230110
031232020111
210130233113
210100210311
330103120130
200120220111
003001220121
300112201321
300100213321
003002331322
300110012030
002011010300
101031001000
111310010301
113111033301
303132121000
300110222133
100111320132
313011012210
310113312010
301033132011
010331120010
010011330010
003011210210
002311210030
022111201330
332331321221
010001013323
210101113320
010010031210
213221113300
233233013310
212201133132
020113313322
010302012011
002020103011
323321013330
200133010210
020010101232
330203202111
333202121221
330021022211
033001002311
120030012211
033003021321
013013212011
230122021311
100230312011
331102021331
300111230331
033032132121
221030032111
110200232111
110003012221
110210033311
311210031301
311203113212
330120211322
330121202112
303010212123
330101103233
331011202211
311313222110
010132302111
020113231211
030111232311
033021132010
010021231012
201131231010
201313221120
313313123120
333133312320
211311130010
113310120311
313113332311
333211122331
333112233313
310112220110
001021222110
131121030110
230010201331
223211003101
123211301000
123102101310
121020131210
123320031211
223200212110
223110210001
123330003311
323331102331
313332233311
031332110231
100010203311
301031203011
300331203102
301331001223
301333020311
313320221311
303313021301
313313232131
301013121300
001302121300
301332031310
301333103210
330330322121
302113030131
313233122311
313332122122
101131302131
331210123311
301220112331
330210112330
301120233113
123103201211
121110332311
220310333101
323101333010
023302212311
003130320011
112332312311
312110103211
231310112331
003320023311
101003000311
131321300011
103321221313
023321001303
003112000313
001112301323
011030013213
001023032113
301132013330
011310033310
011131132310
011300232110
011132333130
023133321300
321323331330
333212113230
313232131303
121213331303
301333213233
330021213231
302213313211
101313313300
101212311302
101313003101
201011310301
320101310330
301013310231
011003002131
012013300131
012101013013
011000201031
030102312211
022101312011
222313120131
331102212213
030102231310
000122233131
021103313000
033101012000
001312031000
003322231301
003321200311
011312301331
023120201311
023122011021
013112210102
033112010300
302312001012
030231210310
031231130102
312311303130
323020031301
230032313301
231031313330
023031313231
220103121331
221010331001
302310213331
301230231331
302333233132
332132331321
332031232113
011202110331
010122103311
013310210031
011121021031
022320101312
222100101332
221100121033
220220013101
013220013130
220211023311
320130032110
332000322110
300103221310
331013222133
022010321310
320010032131
132011332131
100203132131
213203313211
233222113201
132022203111
100033220311
133013201301
132003033311
232103033131
112013031001
110001030001
010131020103
010110212310
012101300100
001101221001
201210113001
231013113003
130031213001
000111222120
230321110303
201231113302
120013031300
123031101200
130331010201
120020101021
023320010213
000322331213
010002333011
020013303211
020013223113
223102321011
323300302311
223003030011
112211030011
221223301011
131112020311
033312033312
303220333112
300132103312
322003103311
322000130130
222031001313
320221333121
010110023112
000101023102
200310131201
300010231203
203111003211
100300032011
303300022211
133000323121
033200031221
020103033121
303220100121
300220310010
330003130221
133010310231
113211310021
032312310121
302313300121
032313303311
032330323112
032333232133
033033123213
030133323211
232302232111
200222312311
002322202111
203103131002
201103121201
133121331302
013121110320
223110021312
223210132131
133122131001
033302230101
322023201011
300201230011
322021130011
312011213001
330113030012
320200210101
012000301301
033202303311
013023233311
130123213121
310003021210
013303021213
213232112130
112113021310
001211220131
303211221231
302212012011
001112012012
003122212313
103222110213
103321012013
102211012310
031323221211
003331002312
003320100210
103210112210
001321102211
012311122130
033310223133
003332322313
331101223130
303312200130
303121120012
020312200110
021332221310
331131202103
331303221010
323032021130
001311232100
011321122103
011301221231
011311210201
032111013201
130330121231
133033020011
113010200101
131333120010
121333100031
311002120011
321032112010
011323100010
331313102010
031332112000
011332310033
031132221031
021312121003
213321211203
113321201001
032111221200
002111231302
030030221233
313131012231
113100012031
232311001231
130323310013
101333220131
131133212231
120302212131
223330012212
321003121221
222003121001
001200112021
001133222121
100133123331
101113213031
101131132301
130100233011
223100223311
120120321011
133020332110
021333123313
302332133211
313322113221
313010123331
011323211223
032012113321
021011123310
110121323311
010200213331
013002001231
012102211030
201200121010
002200221011
010203130311
112331203112
011331200313
010301100233
111321100213
101220311021
101031231321
102002110321
133202110021
313203211021
132103210211
130010212221
030300230211
133110301221
133131130231
133031233211
333023332211
133003232011
331103322211
333013313222
333123031231
333223313210
230331233121
011233123011
011121330131
111313101320
111331303000
331231313000
131123131320
033120131020
033223130130
033222310333
033221323112
031021122213
021323322113
013023122211
301112313201
331123332121
013110313321
101113103321
331211221203
330133021201
313023302110
312303313210
312002213130
212301313102
332013110202
301101310200
311301310030
012001310033
101300231031
132100131000
323012113000
312000121000
233111303330
213031103331
213321023131
332131303310
211200210131
021101103330
021202100011
013232121010
012233101030
121030101030
131203110033
123002110033
232211010330
222111312330
121011331230
313301133200
233321130331
123331220311
023031120313
131000210001
011011220123
211011023011
232012312311
232312113231
203022313011
203102231103
103320313031
113330012221
113302132311
131031133031
100021313021
100110212301
310001232101
101102121030
231003233133
233012031033
130113310203
313010310213
213223131031
013223331300
013031301320
023232303113
033213031023
021233013122
202121013312
222110133010
232320113330
222333013300
223302133310
322201210331
222320131031
203110013000
201202101001
003203013021
003121013200
131210113032
113102110002
121101000132
012320110333
012200113000
232200112010
232131112300
213330121300
303230132130
032001203100
133312012310
313312013033
213331010330
210310110030
220310100132
110011000330
113312100033
113010031030
121331310210
120103130010
211130320110
201033031031
111032010031
021300010231
022110210331
020331220131
121323012011
310020310331
200320112221
221013303121
132131330103
321210212103
313021321031
310213203113
313012103013
213220101013
321122010012
331120013003
333222010003
032120210133
332202031130
322202133133
201022133133
200102213211
231110223131
233122231331
331120012120
331321212310
332330212313
232312201310
322110201010
200221201010
213301200010
232232113210
203213131322
030231333122
012031333102
100323131020
123003331020
123000132120
222003001212
322001313021
312323131030
331230131032
323133213213
323211213210
211323131210
311312313213
313111313223
313332310210
301311132321
233212223110
033212210030
332320130103
332221302113
332002013001
321210021130
302220012110
323120100013
012122200110
223122210100
133301221030
133003122210
303011320310
113022110201
101322113231
023121103312
123123100130
023123120011
132330302110
013211102010
013201010030
130201210012
003201321000
011212311020
100132221001
000133212201
000101212300
311130221301
000321013023
231301013030
212001110302
122131310300
000211100323
000121201322
120311100303
000102010323
000320310321
030032110322
300120110320
001001310020
330312001020
323301001320
013221003103
331011030301
313122013001
331301032123
331222003112
110300130012
033211223211
003221212231
103201222131
212030121031
033313020211
300311213323
200112133321
002110131203
200213113303
211031113023
303112223211
031302133211
231030010301
212111010020
223131103300
220331100231
220013330331
200113002311
021120023113
213133303310
211323301313
221302001313
201130300313
113031033013
210033210310
123013300010
322033121030
022233321031
322233210103
323113201021
323323110002
323203110023
222323211030
002333221010
032331021000
003031321032
020031333021
323131001203
232310013033
323300012223
123331013233
333100133232
203310321330
203123311320
203122133312
021231113320
010201033310
302201013330
332032112330
330311323210
010101003301
323131313322
131233131222
023110133320
230221333130
230312211220
203223112120
003212112320
103201131200
133210331230
232031333120
321312131201
321110131223
321001332130
222310112233
321313233313
313133322130
331200110223
311100031203
311011002013
300111002003
321103303313
231103130331
231310321031
031310310320
321100103010
322110113202
321313000102
231213300112
131110003012
331131033032
331132003010
021020030110
201020031100
321010003001
300120203011
130113003310
031003201312
031001013302
031132013303
022100013300
222001331002
220112331021
313010003122
211302011300
211022113330
201010013330
221033001330
213002031330
022232211300
032210321120
220020110300
200320113302
200022213321
200031212333
023231212132
023031122122
230300112320
032103313320
000213310320
200021010330
203031312221
233022131221
230322122110
222332312100
023233001332
012203001333
002200301313
002302101332
022001131222
022303121333
012032013103
002033212313
312021231102
012033232110
001233023110
021303211322
221130333122
231113331202
231133031000
231233310333
231203331300
332012331300
231100333013
312133001303
312202001013
333202001210
331232201333
032320001213
012333201213
003330221203
003302013212
003322121322
023223321313
303321213201
033012312021
033213321222
013213312102
333001130202
203011300102
203011220133
220331330001
300330212230
310312112220
323312121220
003321031220
013032023110
320122211203
320222131231
322312201123
322321100333
132233113203
322231000100
021331330331
213313103001
213113233011
203101033031
222103013001
332310031323
333123321303
313033021332
311300221333
332203101023
311330321212
133133031223
110313300313
312310310033
322120301313
303312032313
303302122013
300302021031
302100031032
220011310320
230011102300
210011221330
200011201200
200310012300
100311303213
110313132130
200313213213
103010012303
330101213032
113322001213
100321321201
301010203130
331201213303
312121013303
312013231330
332213130013
322203313003
322102023113
310232201130
313132020133
103320002131
122332013313
303121003331
130022103331
133322031330
131103003301
312123323113
311122003313
312322231313
311102132313
323121203133
232321213013
301000120312
230221103211
232003213010
320311130020
312113131220
123213031210
323212010310
122321011320
122030001300
121320100100
101200010300
002233121322
322131202110
332021201312
332021033313
222020333130
332011133232
330222033101
330022012100
032122120101
032200310001
132301100301
130120010021
331201100032
322201103000
320201031003
320231300013
022213100012
320010033012
200311003301
200010330012
133321003301
122332010001
220302033131
213022331132
321302331033
313212230133
131000331002
111202131000
310102331000
101032113000
131002001030
331000220100
210001020130
120002010303
331202130010
331123330310
130111330030
301121130300
001211130330
021233130310
011221301330
001021130031
001131200301
212132110030
222100210010
220002000101
221322130131
031121130333
110121201333
100101120033
200111020313
200011203031
303131320331
020131320311
023331322212
331201330313
313112203103
213112130313
213112131230
321222103013
221200031013
333222130301
233102301030
123313210030
223323300131
020021300331
233131000331
133213300331
100231300031
322130100331
221310300311
211231130031
232332100031
203232301033
120132100311
110101100321
013301000321
101330100312
203201003313
013303103231
322102100012
210003313032
310101303031
310103321033
310211133030
010101231033
111012313303
010012013030
010121130312
130123100301
201123301301
132211003331
320110333231
022211000301
300113332213
321011132213
312013003331
020222001331
222020100103
222022231103
221223131003
012122113003
322122113030
321221301303
301221101232
331222312103
330232231013
302102221213
002311330001
003111030002
301011330002
013030312001
032002121330
030310112223
011010121323
223011021303
030132213213
133323213213
123300021303
123000220110
110123010213
133123001003
123120013013
312313033013
221211010323
023311210322
221333030313
211313030121
111313330211
311310330001
011133033031
111310130330
011101323331
211213103331
113200100331
113220031331
131332303101
313321230310
110312230311
110112103102
011013200310
013032210301
013133103021
003121303001
033132230311
113313203331
103131003010
011133202011
001133220310
111033003310
012130102311
031322123121
123133010321
310133130321
310302000311
310332210031
112133033211
101212001321
103121201231
113121131233
123112131203
212012030131
230112230112
133023131232
112023131213
211202313130
112020100130
112001213231
120012330011
112231101233
120010312013
112001021012
110201132010
220012033211
102302123311
103100323110
102012313132
210130313033
211000313003
113103213033
113101123001
323131230001
233021330001
130001120002
232202013331
123312113223
133102313003
133302331023
131032211023
133013033122
322010331221
321130313221
121010030121
122320230111
121002331301
110323110300
203322110300
201002313300
110303213301
011032031300
211131330301
211013313201
221000221301
210133033301
133133033012
313320133012
311303330312
111300330102
121331230112
121313321012
110323200101
233313221003
120333221033
112112321033
312230313300
001223133301
233231033301
233130132013
231021320131
231303033312
231303110302
231302103132
201021101320
310211301302
213113313020
113313321020
133113103020
231311330303
201310333120
133133323031
131311032313
332313312303
332310201002
033231120301
313331200021
333020221001
311202210001
311233300331
332333220011
302332221003
112333221001
333232210231
233203200011
311301000231
313231020011
301223121001
302301120031
323231030331
332213221331
332233231001
310233213001
313233310201
032333002121
300132330012
301232330101
100122100012
233121200012
113033302013
130133301232
113131330122
133122130122
111312030132
132323301333
132223313031
133323330312
332231212031
331310222011
033222120012
131232233112
103131123312
200113123312
101301223011
012301201021
012321213031
013130132031
113130200031
030012331032
101011223331
133210212331
312210303121
312231013201
333203133201
333232332120
311001033201
312001133020
121300030310
310231000310
113000310023
110010303123
131001032211
303130100201
102130103001
132111203001
110100033120
311300302101
301321202121
312333023101
022321200112
032322100132
012331300132
322322010102
321302211002
213023110030
111021300301
211001010032
211023100100
100210013003
001022210030
233031010020
312303001002
332331030012
331001000212
301210301212
320121131202
103121030211
132310122101
211200330011
112130230311
132122100313
212033200113
311203323311
311300132331
313122132331
201300133021
133223323311
231123123313
133321123330
111311123233
113211233031
023201233101
021202331120
112023301310
302112331002
021210033103
332300233102
032131233301
333101232301
123311231320
113023212313
131301231233
013131312323
010311132333
002301132331
113133312302
002201312301
002203331002
203303201012
103003302211
110013023211
100011332321
110003303321
110101330333
101003310332
301003323121
113103332121
213303132120
203310113220
210330331320
312032231033
303202221033
003120122103
001210312213
303100122120
100100222121
010002210332
033022101320
301223310312
001102330313
032011233013
331011323303
311131230033
310011322201
030011302031
330012320313
033312320310
033213032331
031213213330
020213113230
121321321331
102112132130
102102103100
102302001000
303102021303
212200121330
213200110200
213302231000
020021221001
121310232131
030030132231
001101222313
002010122311
021021210313
000201303312
002013031323
032013023101
202011330333
012113000312
313313002123
013221000211
023222100033
023212230011
321220310031
220203110312
020103113223
021201301231
100120231321
120212003131
310220331330
113023330331
010023213010
012223010031
013230100122
102012001231
130220103313
111221031323
132132223131
133322200310
333132302313
011021321303
011022123013
311021212333
031301023313
031110102312
031120002011
030112030001
301102202311
221122030311
001130021021
001102100210
201112100020
031223310321
030233312323
123023321132
000220012333
031323012333
131232121033
133002221003
100010321000
132303233130
132332321031
223221021331
333232100212
123232110332
032233010332
113222010312
122312310312
122301312321
322011030312
222023303112
112223201130
131222321310
132200102121
132202000112
032202101212
021220010301
100302300121
120312301210
121011213030
211312213030
133213302100
132130113230
020021012301
020211133003
020321330013
023002303121
031012303123
030123002131
231113102102
031123201000
031233033321
003011330221
001101132221
011030130021
011203100120
111000130323
103010130321
303201330321
330201303321
103001320031
120321120031
110200120121
113303000122
130030200102
100310120120
101201120120
103122000100
313303031322
312300030321
100301212030
103003221201
103221312321
311022130321
112332000103
120332001321
311332300102
112321003013
122100030133
112320300311
121113013233
221113003031
120211031233
312320103001
310123101022
010032001020
032032101002
210333010020
201333001020
211310002110
211033012120
311030001220
312300201210
320302010120
312210010210
120111000210
321110010220
211120310330
211100303312
011100331022
110033323102
130011323122
123001230301
123230133031
122331023331
112313123301
120310113022
323310213023
013102130123
013100321221
103311321232
313312221032
213113121203
213123103211
113120313201
110110313232
131120331201
331220333120
212001033312
020002033312
022310003331
022330012033
320300112002
300313312002
020100312003
121100300033
002010230103
001020313302
331022333102
210120031332
210123231213
010131330213
113331230213
011313002211
021013332103
013130221033
301301333212
101113332123
101233122123
312310122123
101030301323
101103301233
202200211332
200210121332
202001303310
232300210331
123200321031
020310013201
032023310231
320323300311
323032330121
321002300010
321032200131
322000300211
302000103210
320010320010
100100301020
311003010320
011033210020
101010230010
131003303122
101022312133
323310102210
220010010221
002001210201
030220121221
032230211221
303001232221
113311132220
000311320020
101112030120
100111203300
010311223100
303311122300
200110323100
231011223120
330013022310
301001302102
200101302103
300201312033
323013021233
032021021231
123003021330
131120211230
223310001230
311021213210
311022303130
311100323100
311033323010
321030221330
330033321022
321102003121
001012231221
012013133231
032011312323
012331133323
300221133323
301210130323
000210030321
000230023121
130230013231
013023313320
113323303210
113121223130
101102001332
010003032122
312331230123
012303013302
331332210323
301311300320
113132132010
213311233300
021331103302
001031103230
032331103200
032033112232
032031222311
131231322311
130133132310
101332312120
110210321321
110131002120
001131030020
123310301322
123101300312
212300301033
012333032331
101233313230
102333033312
121332031332
312331003332
121031030333
233210030132
103230330121
232231003312
132310313212
121033013212
121102033313
122323031331
211030330132
121003033031
121233323131
321033103233
212223330113
312030103012
301322310303
310322301303
301032001032
101231210231
031033220103
030010122010
030001212220
031201321210
231003312312
021013211220
031011021020
000110310202
001103320102
031110332122
301113222102
123113232101
211331123210
122102300101
122102013012
322200201003
322200031233
132221020133
013123132100
231133321023
231023301003
220023310003
211213332133
211022321331
033013012302
023012213221
102333203211
102133303120
123331300320
112233310020
110231110220
121322311020
121032233011
120223113201
112013112233
010013312230
010211312303
011313122331
211303122101
113133122201
113012132213
113312213302
111330122102
112303112220
131223330133
122122313301
303212333013
301112233012
330112333023
031112003033
103202103013
033122033013
013101333023
231322033011
011122133302
101222333132
111312323312
020312112302
003113132302
003310312032
311212133001
310321333001
031112233021
310301322212
033001232212
021001202121
210001102221
100331122321
100131212220
100033222120
102133221231
100333021320
100231221210
111230132120
100221331223
231012101201
231010120333
011101203122
011013323122
112010312312
311103123021
311123012312
113330223310
110202333103
311210321233
311123220131
001303302122
030131221222
001113120221
301201320211
300121330210
033313102322
000313012332
030013323321
113030103233
213232033133
111031103221
302110123321
113000233122
201311321322
223311132302
122311321302
130131033302
302013101223
303311123223
033133132203
031333103223
332031313223
331021133023
310022330013
211022031312
210230031012
231022001102
011202201102
011223202113
011232303121
021220132101
013111220213
231130003302
231333013202
130010103230
133001102201
211012010321
200120300031
220012110023
230311300023
011130120003
010202310003
012123210301
023111232031
231010232121
021230101300
021310100020
021120100321
311000100222
321200010322
221230013332
221110203332
332230031302
321100023312
211103100212
133201003102
030201001220
120101031220
323301231223
333012300321
332210210321
320010200021
233232310321
032232312331
322231231213
333032312002
233223331233
203233001201
031130112022
032302110020
203231212001
022312213001
303232113002
033312202001
012322131201
031020010020
032102301300
222301130300
232121231300
221121313002
020112132331
022020012313
231020211323
212010013323
003100220130
003203222110
230133231332
023013323001
220133210012
201232230011
201110230321
102120300121
132203010303
103201010203
101100100320
103211021322
100321030301
010321030132
133211030212
323210031222
313211031020
003210010020
022210131220
302221001320
023132101230
313200131202
313002301323
030003312022
130303301022
122211021030
113300201302
023001102210
011001102000
302200231120
300200132012
121002210120
022321030100
012313330120
101233233310
230223001000
200322300013
200332021000
200331223310
203312221201
200031020001
213331222331
331033122331
331103323332
332203102331
321001022331
213113001323
211231301322
212230101002
012200031200
012200032112
002000201200
022210012012
033200200132
033000221022
031000310222
001010021222
023110221201
023310320013
001001000221
300100100232
230002021221
030331202321
103021023121
013011003020
011311330230
032031130230
022200100210
122233300211
301222303211
013210112023
021323113200
032311323300
103223103310
103311323003
102103033013
120030302101
101201313002
010122330100
033100120233
021020113233
203200013231
233220301300
023202031300
000200122210
001222310210
030221300010
302220130310
102220331231
231122133231
331020120031
032220300331
101221130210
113322120210
011322201210
112323021100
020322130310
231131132332
231131013220
200101132333
103031130022
300313001222
303110321222
303100312023
303130023122
213131031220
301003031222
311021331232
203003001322
300102001220
230003203120
233033323122
300301013222
003011023332
010310231302
310311231022
011023130332
000101330322
000202102132
031121220132
330312313232
332012100231
013131233320
000123130233
001202131233
302102131230
032110312332
032310213302
332311212232
302001321222
002212310332
122200313302
121200100303
111230133003
132110333003
103132201300
123110030300
230022200131
100123033031
001220331322
113110023332
113111200332
113111320303
113113220010
101302213122
012301321323
012001122301
013033322310
001013132210
001130331220
113113010220
031113223012
030331322201
102113001220
010012301222
103123013221
203330331222
020030031022
200332331023
301332323013
211233031023
211122331020
013323322121
310323120132
102312113202
301312103002
311311030322
202131100122
001311000232
211331001232
010331002210
203130001232
331331303022
133233120102
003233200102
000312230122
030312130221
233322021132
100330012323
003133002221
200330002121
200331010232
330331020122
310031023213
012002112323
231320012210
010130032123
032113321002
132031321002
031212321012
010123200013
012120012100
121200101220
110020112320
212120101233
002220001222
021001030213
111021010233
110201301023
303021133233
013021103323
030211032130
001121312230
002123121220
302133101202
233103001202
301332201302
013320230121
323321220121
323011120221
332311332021
323231112020
032013332001
103101332000
213021132123
213033313223
310303133223
103132033123
313321000302
110321300030
201332300331
202131333000
232313330102
223330301032
233321301022
233300302122
322332333102
313331323302
030123312330
030112323330
300211323330
311211332330
310323233312
020323231332
300321232132
001323233122
312133233120
013202101322
011320220011
303033232102
001031333222
023221133030
201212133010
203221130122
011320131222
021320313012
021002312132
313320010220
021012321333
013202213312
013212013213
013300130232
101020101222
122122001002
113230310322
313130310232
333131102232
133311020230
333113223320
133313120032
331110032212
332112203122
103331023201
211233110202
221233103012
213310130002
233101102021
233033202121
312021001223
131332130023
311331210222
111330231322
201330110223
200231000123
111031023123
113330133222
110131123032
111303132303
110331021023
131331020303
213133010203
112330213303
113132303303
311213231002
120132331002
113321033000
132201031320
133301132032
120112321332
121131021323
311131120323
311312123023
211310231032
103312123122
101312013023
013312122232
121310233012
101331033220
103312232133
101130232133
211313320013
211323223113
230031323010
011310203213
012102332131
012203230131
201101103203
203131133223
201313303231
103301122203
332211323031
032021103302
021121031022
011213300021
002021320011
002321120321
102311002001
002213222101
303311002220
101011012200
102101013220
111010102001
131010300032
020131030332
111032300012
131023231012
120100020112
210100212120
111302123120
110100203132
110102133322
310002033321
110032213322
113031202122
130310302132
110303102310
113033130230
121303312213
120300310320
112330103320
030121333020
203210331203
103210033302
003212203331
102030033321
002030010221
022332031221
031212031302
012232033312
321203331022
321313312023
331313023231
121221330012
321321123231
122311203231
130301033221
120011133222
131101333222
131001030020
131303213320
101101323320
221303133213
130322133320
130031330322
122001030122
102201100221
332031000221
231332000123
232131201213
203211201023
223031200013
223032312013
012112012001
211121012000
013213122001
112131220100
023213301203
023110012323
010132301203
111203120001
131110120002
012010102221
010210301200
332121210302
322101133322
121113133202
121113303210
212101103210
312130031230
121310121200
302110312210
313213303332
112313233322
111023321322
312110021322
221100231323
202110331023
221200110232
221131033201
000212221023
112102312010
323101103220
321103130320
232010101222
213100120122
231102120120
203311212020
213110201020
321110223120
321310321020
321310030213
221010102123
230110330201
211003202311
021100321302
220303101302
223101003003
221000300120
223010200310
323101020321
023100210320
230020133122
012012310320
323112210020
323122000211
223311300212
223121302011
232311230211
232101300211
232303010210
220321302101
210210213010
101022120310
120331203120
210322201120
311322100330
231101200030
321133200120
223300200121
233013100221
113013231222
233000103220
031100303221
311302031221
231100210221
230310002313
231311210223
013102010221
213313210221
213300020031
323200120001
031312022123
031112122303
331112133200
033113000222
032110003323
030113020123
032100201231
332100023301
232300020101
230233030121
203213010321
300321002031
311331022001
100133002001
313330023021
321330020123
021333002132
331323003321
033112303302
033132120332
002313230312
011123001202
201213001223
300221223211
300221220103
103210201030
102021220101
321011220001
312112000301
332111002302
311213120231
230110100302
223011102020
023113020130
122133020110
222123000132
032133023120
212133102010
121131102000
100023102010
232210003100
223322003100
210311103200
331121000322
121121300330
211013003000
121123033010
022133003010
102212332311
330132320001
131322210002
130321330002
330321301202
321311102202
301301022312
203321002122
210002131222
220102012312
120123312321
110122002011
210111002012
210211200331
213021300033
233113320033
311211020033
311212300123
311301232012
111023201020
301113220333
301112122330
212331330033
210012100303
210332310303
210022121003
110021210323
213332100323
213322133033
111301200322
221030110022
011231210002
313231213022
123121310022
131113200221
312330130022
312020013021
103112330033
101112320012
201112332312
002112323120
332212313320
100103330212
013113202122
011331320322
021311202310
221311002021
212011003201
203332123010
103322021010
201323030010
110212303010
100211003030
133021203031
130211302301
103022132100
132010030201
102321021021
130312320130
333213020120
132102201210
203213221210
102312033100
102122031303
210201002110
231222100310
213122201303
021311322321
311313220321
201113322321
213120012321
213120132310
213101013232
210210103122
223130113222
210131012322
200031103322
200123100332
210312300122
120110300022
112110303302
112310032102
002120032121
310212103321
300121210221
010210133201
102131320001
202131022011
100233323001
321233120003
332122012321
332220313221
033211303220
032101210230
022012303130
022111033220
020011203320
013103003322
201011000322
203100210302
013013103222
130333032021
010231132021
000213122321
033131203203
002132333210
002032323101
210213132310
002232133031
002022233310
002221302120
113232333021
102113233221
131132203321
211322312301
101032201212
010232210122
000233012020
023301302120
120100332122
101023012301
110100323012
130010022100
101120030312
001121230212
001132231022
101132103022
031301330022
011123231032
021110123032
033110323020
031133233233
021131232102
300213133222
030033213202
230023021122
230210013212
230021120312
313210332100
321323100201
021030002010
021300223131
031001220331
133001020332
030100020321
031200023120
003101002320
031023023310
012131030300
311231030303
321213303033
322110030030
221103033300
332212003303
020113000231
202013000301
202210010201
221213030001
310312031230
103130302301
201321303330
211303003320
231330023331
111333202321
121333212332
213031020321
203310032001
131130302333
311332223330
121113223330
303120223310
312122333031
011200133032
011320303332
212122313332
233200123031
031201203010
233002123013
011020212231
111010332231
213110032231
111303303232
120003123231
010331233230
110332013230
210032033310
232232030311
011232013231
022120313231
001312033231
001123023321
003233323221
213031333232
312131333233
122101333231
101100023221
210100333210
011000322130
221310013020
223100300210
233133100200
120031003032
100102200301
030202201301
210300123102
301012303332
130311002033
131102012033
112100021003
111212021300
113312022100
112100022311
203310203312
201120103322
211221333000
122212133303
132230233313
202221103332
201323113222
201211213233
022012133033
221211302313
231103300323
231211320321
101121213203
102121123303
010122212033
111222310023
132100012323
102201333030
023022313033
032223100123
031221330003
032111300203
032332301223
002132213221
011213221200
011131222000
021130302100
011311022200
313100020210
210311023320
231310203320
011103012220
103110120212
200211012022
230311132022
210320130120
220311203012
020311232212
000112333232
002011132322
321311332032
203213303323
320320331032
230222131002
303032223103
311012322103
032211213020
023222103321
133223033001
213321333221
223300033221
203300232100
200221321021
230122100021
020332100021
231033210002
221333203102
201330033322
313300123322
133201232122
223001223122
311220133322
313120033323
213302003332
211220113203
123312033030
311032333023
301032313220
310002323120
110001323330
200230131220
032020113220
320211123201
003222013322
231221013322
223022113302
230203013323
120202113320
222032113020
200231313030
201200233313
203023013332
220331213322
202303310002
213210310032
233320233211
233120022131
033122202211
033222001233
330210320331
331210312002
302001320301
000212302211
103213232211
033223222011
002032033122
020003332221
312100132221
332101033223
332101320003
031101123200
203213130201
021211330201
332103302001
331211300200
031200213201
233200313023
231230112201
233201302133
332201120333
101210332001
003012302301
003022320131
000203201230
000223021330
000322102331
010312210230
031222300130
121222303100
110031220012
110310020021
100303123212
200030112232
121100222100
021003221000
230203221100
112022123100
221012123100
100202123130
100301332332
120323103332
101232221330
121200213210
122200123310
203020213213
022030333211
022001303332
010333023322
001210123322
022130033032
031030332012
011322030012
113320102212
331103203212
020223133320
002333133202
023321313222
021321303021
021012201302
101002221302
003110332223
102111332233
122120330331
121100220331
102002201330
122032210331
131203203031
112033020121
112032321321
123012000333
132001303323
320211232123
123033003322
100032312300
300223112300
320222133000
132232333000
132203300013
320020013320
220022131323
110112332300
012031213200
002312130213
003312210223
200312110222
300312302120
122121321003
011321233003
121232210003
112323101202
012212331230
022021233122
120201233321
222023133322
102000133022
220210033322
223120003122
132102033122
323221003021
123201213020
020232113022
102320033001
202012131220
012120133230
032122233103
031122213202
132122210330
022232103330
010232103302
300322033021
222021033031
222021031200
221001233012
020101303002
221203232113
011032322213
011033020301
210103300302
100103020231
011203210230
011120323210
211100223010
211001223332
211202233101
122232233101
222033023311
121003320211
322231123332
011332233201
011221133220
112113103223
112102003001
111221032031
131022132132
210221303102
121231303213
222123313203
222113332012
210113021022
221123330123
022122330132
231323100032
321223200133
012130330023
021130303023
021033203321
001102020330
021110002213
001222003303
202122103301
230220033031
202200100323
002201003201
002211203033
002211032231
032203203211
322213032101
322233103323
222303033123
321320303301
321021033300
321320133020
302211332010
302100320310
312120003330
312133120300
221200203321
102210120301
012221033001
012321023310
110113032201
002212233322
302122313323
020222123313
102032303313
321222023311
021132323301
322132120102
302322330331
330113320302
302211102002
121223313022
102233103032
102131203322
110223103212
103223331022
010323133022
113322233212
103302203321
002223033213
202220031323
103022303120
100012303002
031223000213
031130032320
032323031320
103232313222
003302133223
323332133230
000202333221
232233100020
201122003120
001100233203
101102233000
121133230021
312103330020
212211332001
001002203012
011312220332
021303332332
131302203313
001002032301
300021202301
003221102303
301021232312
300022310032
032130300322
032233130212
022312333212
023102313230
132312213323
030323332212
302223330102
302230331223
130110033223
221001003222
121120001203
022233031230
312203301221
110123130222
012123330221
121230310201
110203033002
133320010202
122030312031
220313010303
221303012301
213320030301
210200012301
220302112201
201302112220
201322101202
202032312123
201301231022
210110012203
102120132031
310132122210
203332003021
020303223011
020330122310
011201230221
121200333221
211103332213
011133322202
011330332302
212113033232
212330033002
312322313002
313223031212
320213023112
120213010032
130231000332
122013100322
112301130222
132300030212
102321330212
202320330132
132130201022
132130030002
232133010222
030120033212
002120323312
032230332102
022031320130
001220021210
022033301220
022133312223
010333212302
010213330032
012223303033
021233300302
011222330320
201100030220
221133302201
212221310320
212203112333
122123130032
210302330031
112231023300
112131302033
100221102032
110221002133
002101322132
002100210032
002020021033
001303221023
001331222012
020133223132
101331203232
113133003202
121310003222
113300322312
231331032221
122333120330
230020301210
230121302331
332201230132
112231330302
312233030231
332231330320
112322033302
202132301302
112211320032
113222130323
112200010202
111202013022
110020202121
110223021012
333220030012
032010300212
000213000212
002033020312
112000200332
102213201332
022213213323
230213330323
132210300122
002223201303
322232033321
023332233322
302231033002
202203303001
032022303001
020232030301
302123303201
221203312033
220213003300
022302303301
102231230021
223001300201
320101000202
302221230033
022203302100
000220130200
000222030002
021022011200
031102202100
021000212330
023003123322
012200323321
002221223301
330032023312
211032120313
221001120323
210112203323
032111220323
002213220330
032201223133
022212323103
023021323100
020223223121
231320130323
210323020311
220301232311
220233012331
202110023231
311133023233
111030202130
113012302310
131123010232
101130002212
002130123213
110113202031
213121002130
302113200210
321233000210
302123013000
101123003200
321130233210
002112203000
002112202123
303002200123
011030223132
301030023212
310033002012
110301233023
011003233222
010002100022
100010032220
112000321220
122012033123
003013233220
022313203210
223312330321
020313332323
021013023221
121302130221
322013220311
312223120313
212310020313
212110002333
302210032333
301221023123
322300332031
001312323303
220013020312
120133203013
212230023131
102003332313
010320332313
101310322310
111320033230
133200012230
322031332321
110102013202
220310212102
330223332301
201203032311
230213212301
213102023301
212213230301
330132033221
110222033210
113201203300
110022013223
210023303213
200030202211
212032103300
212231203001
001122202001
101223030321
113203300032
112103302132
111200032332
210303202131
212310330221
202021233100
202020132211
223120231210
320301332201
323100323201
232330123001
023300123200
023300232122
320310232310
323013102001
200301320123
102220213120
101020023133
120121023103
103123302103
101322030003
010021233223
120110220013
110112020003
112112030022
101023303023
111002203003
111002033233
110202330211
112202032133
010202232130
210103223130
200103323213
202133123221
002133202331
001332020213
013302323210
023131222301
323023123301
222321312302
223230123100
111302002123
122100200212
122203033212
302103233233
212100202101
012100230102
012302233010
202020223311
202020221120
210022232110
330102223010
110102223123
110322331202
101223112030
232232320110
020101221020
002103302210
032213312210
333021312200
313100212300
321100332303
331221033203
130102333213
121021233213
210012333003
100133233203
100303233231
001032223231
301232212301
001221323213
012210230333
112202203331
131310332030
101002132033
121013232013
130221320313
010222302013
020222120001
122112020031
010122021000
123321212300
102013221123
212003221213
102003213023
211201320133
213001122031
021302320130
101130120230
002113022320
302230102301
131320230013
133023301220
130023321212
133013320213
122013210210
110021332210
110023001203
112002300021
200132312031
203131221302
233131123230
203112033233
203132331200
203020020331
101112202303
021122310233
120112030323
021001323033
013231323033
021203201033
021301002033
131110230203
132002331203
102001123233
022011330022
100213020333
100012223033
311012203233
301001223323
321112032333
302023123013
000103122332
003132223323
331112223223
313112033222
031231223322
103232233213
101123232331
011230320333
011210332323
032121203212
012011320302
002000322123
022013122123
221131200323
221133222103
012211302322
012201020132
321231020132
321132102301
321132330300
201331332300
320133123020
122030122132
002231020003
032232003013
003210223013
031320021003
012113120232
021230212031
021302202112
002132020121
120210023120
101002302312
000132202010
100132220122
030121102000
030222020100
020221320120
202311221230
320123320100
010220203001
010121223201
011313232203
013132323000
002211323002
000211023222
220001323212
300013203232
002133320020
002123310200
030210212000
012231230030
021221231203
021212132000
112030132030
311030232031
311102223302
320311220330
332110220330
233111222000
233120102100
103110002230
300322320310
011102002302
011120032201
312030022011
231123002310
131333002210
111300022201
113103022013
131003220310
130032221030
130030322213
113131020232
100101002233
102132002013
322230012213
323213003213
322321022311
000321222330
103013022321
123121002321
133020023010
123122203010
023123233102
033232030021
133303200231
133302021222
123030321221
131312000233
111012000210
123222000301
023022000120
103002231232
100312212232
101121022332
100122021233
020022331230
010100223320
300102232120
213021223310
103323323320
021020323330
023302023331
310203231231
213300212030
213232320131
211331232023
021310212232
003102322321
031321032322
133321232321
312312102132
003100223222
013122231202
030222331222
002200132320
032210032300
020201212323
030231020213
010002020013
020103202101
130102022131
131302322132
132132300212
130112012022
131213231020
102133223000
120113212200
111011322020
130113122202
100123322313
021021022312
123011322012
123113122033
323332223031
322323230301
221132123030
032323321030
103102220333
112332230333
112030300213
112020330033
311020030032
021100030202
120231330330
221032130033
100032120032
100232332333
131322330300
022323303002
113302220103
031022033323
020220332011
033023202133
023001212233
232011321203
030301223203
013002122003
113202121203
102320321213
013012032303
010010320023
012110323223
013213233232
001123332003
203113212002
022011212000
012013302300
012012232031
101122300231
020033123200
201010132000
031320332001
033321023002
201012030300
322011200300
132232100300
131320003020
110320002300
130202012120
110232121230
010021232300
010032232102
010230122103
012033002102
113033300222
123022100212
013020200312
030203100232
101301300223
212102300310
210123230330
220130130320
201012112233
213213200130
201332132003
200321020012
203010002010
322301030210
232323003010
210100020303
122311030202
120230030102
301020302310
301302220331
203302210231
201310020033
020111022233
123021222133
120221132333
022231302001
201231203103
101230030032
010123032012
311223332013
231302023103
121321202103
213010022213
203101321223
310300022313
310120302211
123223133233
023121023323
320312023321
130031023320
223111322323
023330102233
013123300323
033123330022
012022210023
012231310223
022032121023
231231102323
331233102213
330232312221
302031223201
123102330330
220102303303
221120013230
213210003030
001012002030
001213032303
001212020323
220210201323
121010320102
221032300021
231012333022
133102233032
133322323033
133310322233
112103222103
112333222313
212133022312
123313022213
103211102223
112212002313
112230032301
112220123033
223313322301
222333223130
223013123330
123012233300
130102103201
202101233303
201130223303
201123221003
301130322003
010210222301
232201333003
032220132003
120332310221
203321312232
233110122232
111200202013
011000202323
111022022313
111001232320
120002300231
101000200230
120013202333
100012132022
132001223312
132232213302
123010020322
121012012032
133010002023
323032212321
010003322323
030002223230
313011223230
330021332323
130121232231
131211332203
113101232232
312230122231
311201220310
130021012023
131321012203
130231231203
223312331202
203011223221
013003223021
013312230020
023331200230
013322020033
010012220221
010010202332
310010022033
123322010323
310132000323
013132202330
201320002312
120310322331
101032032330
200302312330
023212310202
322133302312
201311202332
131210202310
101200302330
210312223132
011011302232
201102302132
013102302033
113302300201
113330302020
110230333220
103120333220
310313102302
310123102330
313223200010
101221300020
102230300023
122103310023
113213332023
222132100023
202310230013
202303000312
200203123123
122300133223
102330233233
210320133232
010230231232
100200023332
100202003323
310013223302
320021123322
200023203312
301022322301
203222331302
210202321312
222013321322
022230313222
020130102323
012331302303
002301303022
001321023030
203221223031
221322013303
223220030330
322313102330
202231302132
132112002330
120322321300
232031022131
202002102130
202000120132
202021312012
220211332033
222313000233
133130232323
220023003001
123030032001
200312322001
220230102011
201032102321
231232302131
102202302131
103221230303
230312330332
231002300332
133222330030
310223300320
230122330033
011223200322
033102332332
030022123032
030001023022
313001023002
310201023221
330221003032
232020003132
320120003302
300120320332
301212030030
112111230230
102121002300
302330322331
310232030332
131213232332
201231323201
000231322230
230231302100
331303132230
313013322333
113231300200
213323001200
233230022211
133130120020
130230223110
110232002331
112023223332
112012023021
332022230031
012020123212
312122023012
212302030211
032002230012
132103020312
022030213002
003023021002
003121222002
013101022032
031330220312
013021022102
302310103203
201121032021
013323030222
023323020102
013210030223
020012003023
001220332030
103001200222
103122003212
110212223203
311123222300
301222132320
212102012320
111321022320
311231202120
212200313220
312313200020
311102302210
203111230222
223113302332
223103023012
203133323002
233130220310
123130022310
123300210232
113220201323
132032231322
131022303221
233122003221
113002023030
213203230310
113323222031
113332203032
122202020311
110323322301
212311322310
311322023102
201303023032
302103123032
303330120232
303023112032
302020110232
303321020323
312331120233
310032012021
013332012022
233310022012
203300122032
323320003212
200200032102
323303103202
323130132002
133320220301
123332020012
130102020300
110130220330
110302202211
312002023211
110120022333
231202321333
331200320320
133030221320
130302120213
033031022023
030110222322
130120221223
323330322132
313303322231
012300023231
110200230320
310130022321
230001222321
230201320330
203201233210
101202322103
032130223332
220321012033
103231032033
323231320312
323212132332
323122231320
230321200320
233012032321
230203223331
210213222333
231232220331
121032122333
111332022033
121331120202
213133220211
213233021002
232321333200
120330020213
310302123032
213212020333
223123203330
120132023210
110103123200
203100332320
231103221320
201031222320
233103232231
212000332330
213332022210
222133032210
222130230100
231113022200
232123103230
131230332322
132033012322
312132013232
132332033223
123032132312
130320323101
332003232321
331032132302
233132032300
132331232330
132130032233
223303002231
123203003023
132032002133
131033200200
031032232210
230321323003
221023323031
230122213023
231212312023
231023132212
133123232212
122230211230
121330302230
111203122230
120203102103
121031323220
210010312020
123002033201
211300320300
200131032030
233323032031
233203320313
232002201303
211223003032
221202303123
312030332123
313323332323
221332330212
202032232112
323022132122
303023320122
210233120122
201220303012
220020202112
210323210212
212332303212
200303302212
200301200221
100032000221
201303332023
311003302023
000230103223
120030222312
211321323022
211103023202
211323012022
220332303002
022033132302
220330323013
221123022331
321223032132
322323001230
021232312322
311323323221
021213233022
232113003022
323102303032
023222330312
313203332302
013222323231
032322023211
320223002121
003232021222
032322212320
333122023300
313222021330
331220021332
301322002333
302122003033
302312123030
202122020133
220122120333
233012202333
230121223332
331222122333
330232122100
332221221230
310102212232
220031302330
021222030023
013232232012
032301233222
321333223201
021232232313
021121202233
120013322302
110222323322
032131002230
031332322230
032230020310
332231020030
312122102100
232122030120
232203231030
220223101232
230200100022
030021200230
320022110230
321023010221
231112200232
210322032331
222322323312
202301023322
332322203332
313220232312
030122010222
030102230233
122022302311
202202230133
300112320233
300222021323
310223223330
310020233230
310020230122
202302301221
230232101222
202311012203
220110122330
023322201222
202122332321
211230233222
211220030213
221221323320
221203123102
231223323132
001232322132
302020323132
023222023132
232103321232
012321332032
012313021202
032313302232
220222323133
200232323321
220012323323
200113230023
310011200223
310022020303
200020232031
000232232001
002023223323
021032213203
320022030132
102220103230
130222312233
313022231022
331022213022
302223103020
200323003022
300130232021
300333223220
022322232123
311233221223
312332112202
012233212032
012223221233
012323312023
212323030003
112303320003
102323120033
202223230012
122233012003
030223322103
201230212102
123233210233
223322312333
122303330232
022332323033
022311223023
323312232000
123203122313
213100232003
321323023033
231322203003
203032320301
210032030002
111223223000
113201322030
333202312030
333032123200
130132122323
133212232013
133223320003
232233023303
322031023003
313201002003
112021032303
112332123002
223211233002
223310123303
313202323303
202023023103
202320023130
230002332001
131102132002
223121132003
212323112203
212110123003
222121023013
222102231033
221302230333
211301022303
223010323033
023013200233
112010122300
230310123023
210231021203
010233203203
210223033203
220223212103
312021312003
310220212013
331122321200
302212221200
322332213200
113210220023
121023020013
321102230003
130211222003
201122230002
210212312002
200212213202
201211022302
112320223123
112200223102
122002123332
223203133032
321101320232
021110232023
112320132023
111213200202
111212330200
312312332302
112123233023
113022320302
100332320302
130123212002
030112320022
131023232300
133010232302
021122232300
123112223233
103122123223
312201032323
133222023123
031122020231
302223020121
221122320001
310131032203
301310232002
210132332323
021022301223
213132233203
113230122323
012330122322
310312322323
313103222322
010103020002
000131002202
103320120002
311321220002
313012330202
303222001022
303110203022
003010203202
030101320220
303132230322
032320231023
203220232121
220303330322
202302133002
302230212322
200220210322
000123220032
002011222032
200211220201
201321220231
301320023201
221312203201
220131230221
031232212223
022322122100
332322320100
012332022120
222011223200
032123222102
333130322302
133231022202
012230221302
112113022002
111233022022
001231002022
013120020322
021213002002
021023002303
211031200203
123031020203
113021120223
122020112203
123102212203
313221220332
030322323302
130301323020
113030022230
103020032213
123010332203
130323122230
300212230302
030201232302
002202202312
330003223223
212301123223
222332123213
232303132323
222330332333
302120332300
121233032302
332012023330
232031020300
202332030320
203230201320
232332330201
232022330303
332102230323
323021210203
331132232030
032132323203
321230032003
202123030322
222120032103
223220321012
222030010203
231202201213
123031212202
102100312202
103112332202
001203003222
303203120322
130330312202
101303032202
202313032212
332112032231
303112302030
131330202002
333103020022
231031232000
131230212020
032030312020
003031202200
001302230200
102230221020
121330220030
010023022030
313122303200
313332232232
331133220232
211031032202
101013322232
111323232232
302233132232
213220212233
010332323223
322302231212
322023030213
322232323120
022330223320
223302220312
233202330102
223320021320
312213022330
200313022233
231313000220
123133302022
123232032132
323322330023
203321230032
113230002203
123002203213
123021303203
312303232213
120023223300
231230323003
213133302233
213013302030
211132302003
001132002233
203112200200
211301212200
301130202032
302202100302
330202330322
211122020302
211022202103
312102320231
201332221223
210133200223
201123300222
221203000221
201212300201
231202031201
201302032122
101102002020
112120200020
311220300022
101321232020
031223230201
120131222030
101323210200
000323202103
302323031202
020232321201
223111202203
023310202302
331120220303
322101222333
201002000213
201010221002
301021122002
201213120002
212013020102
202022203122
103202210322
100233200322
100132302322
202132223102
211322001030
313120202030
312120310223
133210020221
330223210323
320213210212
320223120321
310123020021
322132232132
201223210020
302203110220
332022123122
332012212201
110030230203
210332233020
330220130233
201330200022
021320230002
123220210302
000302203232
100030210222
131231200222
131313222023
112130120223
122130303203
220133023203
220213231032
220010220100
210333221222
200023323232
210023222123
210033022200
200230223032
220223330030
122022130023
212230212000
312133232003
312220320101
132202230100
210320220103
301210220300
301100220020
031300200202
323202021102
323302033022
320230003022
031020303022
320302303122
320132303223
320113223222
323113030223
323230023323
121230123232
130203232323
330302321223
320202313233
122201302303
212220223303
302202330023
123020233023
302203200021
300203213203
322102332013
321322322011
322002032103
012120222330
132212201203
103221122000
012323002000
301202002130
130120300220
102332100220
122332300022
222332230122
102213323023
112223030223
301213023022
132130323222
301223232221
020122323023
201020030023
212022013000
323201220100
333012223002
333022201232
301322120022
201201220032
233120212032
223313323222
211212032032
301122332232
200122030221
203322320021
200223221223
320002022122
200020123020
200033120203
200032132223
211030212223
222030221223
002031120223
022232102213
002123000223
102232030233
102132232223
010222132223
032202021223
232010210233
222002303033
132300202031
122322332033
132302220033
132300323032
232103202333
121022200032
120102123002
032120020030
021200122013
321200220112
322120223331
123120223001
112301220201
102313020221
200131320222
200331302020
202031323022
012032223222
022202003122
312231303222
102021303222
012102103222
012002202122
022132010220
322112300220
020202300323
020303010022
222312010022
322302000323
232002031022
213000303022
220220300321
223021230322
123002201022
032020201032
322122320330
221120220130
211300200220
111032220201
001222120202
331121120202
203122012022
003122020203
030211200202
020023200022
312200210022
322210230122
200102102022
300021032020
000103232022
230111032202
200101222023
302201221002
330002122023
030221220021
233210200213
032332220002
232332211202
230303233202
033202223320
232000223123
001202223021
022012223010
020200202310
300310202322
303002323022
303123210202
331212020201
231013203202
200202132300
230232330020
201020203232
222020210031
120202203030
220001202033
223201202301
322132002031
212233220031
232232200121
232133222001
313032202001
202013232300
202030022333
320222012330
221030320303
322103203023
020210002033
322001002030
202103021020
002212000200
200122203030
231222021020
232122200201
332212120020
131123223201
023212000221
233221122033
001233022033
300233122031
201333122030
231210102020
022030020031
332013320032
322300020332
322203002012
122320312022
023020212021
312031202212
201012202210
200310220210
220302201021
012320200201
202030100200
220101332020
210102310220
201221002030
202111320200
222100330203
121123202030
210332120200
201032020030
220313222031
322003212033
223000232032
223033220331
221103322022
222303202103
222301223031
022100223021
022103023233
222103220123
202230230210
220003302102
122003303202
122203200330
020221030230
122103002320
321022003322
320022201221
220300223201
102030320010
210303032032
230033220322
102032220303
200320322322
201203322332
212203203322
012200203023
101223202320
101220232302
023203212300
231200223300
220210323210
220021213220
022021000222
020022022323
320022322231
201020322013
211203223023
212030230020
203203023302
321203023230
132120312030
130023032032
110032022302
223003202323
121020302332
123223223032
121323220323
123202220132
132323220112
332120320122
332020102010
312023020133
023232220103
022022203233
122020201201
230231220033
233231203020
330231203200
220221123230
230123033220
230133232020
232130212023
232123020002
223130202322
002121020232
122120022032
212002002031
211003320222
023120200232
200202010233
200213202203
202023210203
100120230202
200202220003
202220200030
202010203023
200232203023
202021232023
120222022013
330202020123
313000202233
130012230223
312020220321
333021002332
223221100223
333020222313
313322030231
131220302102
100202232212
212322103020
321032320322
302323201032
322333200212
123223302213
302033200231
023220122031
032300132022
233020320032
322020232012
232201022103
232310223203
222321003202
223212200332
222312220030
222322200213
222023300200
221132000202
322131030222
222010230212
220203030232
213020310222
220023231222
322003023102
321200302021
210212002021
202230120233
223020221232
322301202122
213032220022
100322000232
022303122021
012230012220
221302000230
223230230231
221020230221
210300230233
200100232232
230202232221
230302302010
111202220233
212122230233
210222330232
220220130222
020221202102
231022120232
212201300232
021122233223
222332002301
232300022330
300200221232
331200202302
231200302212
123202301202
231210022233
331003022032
332001022233
323203322133
320323222333
310333202233
320312102233
220012202231
022002022032
220303022130
220102221230
213022212300
210302021202
201012321200
023023222330
022312022312
002332122203
202221332203
001221032202
023323332201
020323312233
210023132233
020231232233
213232322300
203232012302
122302202332
020313102220
002032202320
113203220221
020032220320
102232203200
112322323230
210230322232
231320223230
213202223213
333222303223
213221323203
222322031322
133120203202
233220223322
133323022322
233123222323
032223022323
203223322310
203322202330
212022302322
022202232102
210202200200
031203220020
132201322322
021203322201
010223230220
100322230220
203022230223
101022002223
020231002221
032302200221
230322002212
220002230220
120300230200
203003230120
223302012020
022332202030
223332200020
223300203233
202003203221
223322122230
232212332322
132202312300
232223220332
222021322313
222013032231
122023002210
220230332221
120303322200
312010320200
322021220210
132203222120
112002220010
102330122000
121220322301
330221122302
320202120022
032021212202
332123122232
330233222332
220233221302
332223323203
133221223220
332323022103
310202221020
110302200020
120011220220
120231020020
332022310222
221022333220
232132233222
322322132213
300223322130
223321032223
120332232203
123330232220
021330032223
022300201223
021233220222
322133220221
320100222012
032013022022
313211322022
332010122322
323223212232
132322232201
132212033202
132012220202
132022322003
013302032201
231300232201
120230322023
121031202223
232322302123
133120322023
221320320023
023203020123
220220220310
233223210230
332220233210
132220321000
110220221200
012020232203
331302122203
332313122200
332103012200
001200202220
323323322003
331233022000
323302322300
230330222302
122032020232
223332320233
201323202233
030322202032
233003220200
303201023232
133202202233
331320202232
220202022303
203000322302
020003022202
120320302221
132220200221
003320022232
002200222303
320221022203
230122022003
320120120203
310200322203
312023332230
120023132200
110002232200
321000202201
331010020223
330030120202
220100202200
100223232000
203202032030
320032002210
320020132232
322003102232
323203200222
232110202202
322313022032
203023222021
323313220202
233021022120
202021002213
202322232010
202232023232
323322023203
232333200203
023230320032
323223332021
222303032000
223302302003
221301322000
223201032202
022110022003
230321032230
302123222020
223233033220
231030302220
322103322202
222020023220
132000232020
222023220320
232012122030
022123032020
321123232202
310323312200
310122322022
122021332000
112213132200
122023233230
132221332230
220323321020
132220030322
123220332320
210223320201
201323322202
202223122200
222312302230
123323232022
233233302032
023020102002
223222012001
201230022001
020332022003
012212022010
020233022012
323020322212
223203220030
212123220200
222320222033
313000322020
312002332022
322033233222
232203120203
310002203222
302022133202
321012023232
020212022200
323022012220
320330222020
320211002020
322030032220
322001232200
320200332210
303022022030
323230022200
323212302320
302322022210
230232023022
323222030200
321312220210
333132220220
332232302022
321022120223
331320320210
322202223223
222002220201
032220222020
232320322201
132120122200
321230202233
311232002223
312220202123
212221002023
233202022023
213223302220
023223203220
021012032220
013203202020
013220220230
030322032020
022320332230
032312232230
033210232210
332002132220
333220202320
302120022323
221210232200
231222332200
232213202320
223032232200
322233102200
221002202002
212202022002
213220332202
230020222022
132002022201
221220020200
213220020010
121322002022
203222102002
232321102220
322212022023
332210022102
332220002230
332032203230
320232020230
321012020120
302202022231
102102020223
132003202002
220322020220
230200022000
020220023000
302322102003
010220322002
102200202000
120323022002
102020002022
101220002201
300022002002
100202002200
310023202220
301222012200
103022012202
100301022022
033232202202
320222302202
002320302202
133112202220
310230220220
100232020212
000320120222
302220220222
130232203232
120232300203
130200200203
332301220223
223200020222
132023020222
132223002020
333223002201
303221320233
