--- Global Parameters ---
Code Length:			12
Min Codebook Edit Distance:	5

Max Run:			3
Min GC Content:			0.3
Max GC Content:			0.7

Using Generation Method: LinearCode (minHD=4)
Bias vector: [2, 1, 0, 2, 1, 0, 1, 0, 3, 1, 2, 0]
Row permutation: [5, 3, 1, 6, 0, 4, 2]
Column permutation: [4, 7, 8, 1, 0, 9, 11, 2, 10, 3, 5, 6]

--- Results Summary ---
Number of Candidates:		12935
Number of Ones in Matrix:	1298416
Number of Code Words:		724

--- Performance Metrics ---
Number of Threads:		32
Candidate Generation Time:	0.02	seconds
Fill Adjacency List Time:	3.62	seconds
Process Matrix Time:		0.63	seconds
Overall Execution Time:		4.28	seconds
=========================================== 
133300031110
333222333001
000301110002
300011131110
300111200222
000110333222
100223330022
321112223331
222333001100
222001300010
000101122122
000333202322
300100011122
300012212211
200011222331
330003322022
100011300200
110201000300
211100033000
220001311211
001011100111
331113300011
330021120111
000102111201
331102111311
103113111011
203331113111
200321211011
110033110111
120003331101
100231112001
301133111221
033001110021
003332311122
033202111222
003220112211
002200011011
021000212111
002301211221
110001112213
233302221211
100302000111
310003301311
030020013111
011130012211
032211001211
113222001011
201100101211
313300133111
333230031011
133023311311
133032100011
333031222011
333223112121
333133131131
330303331212
332233111202
013310211211
233210102111
320100032211
330010321121
100020331221
033222021121
033303231021
302223200111
230200200011
111002202011
311003212221
012233220011
200023130011
020033232221
032303322111
000230210311
001103223211
001022033311
211323332111
113330322311
203130300111
310111022011
330002023131
133120223311
121020321011
110002231112
211000222301
032000222031
200110022101
222002023311
003002202231
003110121131
023111203311
030333123211
003301302311
002033110331
003233031321
030032311101
110232303111
111013013311
330332010211
031232230111
010001321001
300231323311
130201333011
221133131311
000303132210
123200122011
021331000311
301300010101
332030110001
333010013201
331221001101
320122310311
310011003301
203332000201
122210001301
322210230011
312302312211
311202001221
212203031211
221200011321
102200132221
202223323321
010201313121
031311312221
212020100311
112022120001
102030120211
220330103011
233301332101
203200333231
023033100101
022021311021
030301121113
233311222312
313312231101
113323201221
011322322321
132231132311
122212333131
222330322201
123332211021
230030212021
033020321231
230301000221
100330002213
100303221031
102232220101
030211220001
002012201112
203203220121
302322000321
122020013331
110330010031
020120330001
310330221321
200332212112
200030133112
102300113131
220302211331
223233303331
222321133101
111332231331
221300030031
323332020331
223310221001
230103300131
330103223301
002130022331
022123002101
323032033101
122330030321
210113233011
201011331201
221032331121
223332333110
022331332031
320031212131
200313103331
100132012121
021332113001
201223011001
302122032201
003121320101
013322103131
111320133321
112313332201
332300123321
323331133021
323200313301
332211313331
021113310331
220111300321
220223001231
200322302301
323211102001
022212210301
111211313001
011122310201
013113330021
013211011021
133210210031
121001110201
120110233321
302323221201
131122330331
312132300221
233132233221
323112002121
011132200012
020302020021
321030120121
131103101121
331220220021
133003221012
330102122212
033232221310
303330021210
233133012301
222010111310
302010301231
021102101031
122013120131
330202221000
310222102021
332230002112
003222300012
003010020212
012030221212
130123002321
101323322231
133101222110
230222002122
230122131321
030111233231
030100332113
330022203210
331112231113
000220010120
300112003110
101010202201
303120213101
101012130031
130120111031
213231230001
233020030112
223002130221
123022232031
020001000132
012202101012
002102210022
203000221322
132001000312
213120032131
130030020132
330120200312
023330120012
233323220010
022310103221
322330111013
100331013322
302221012312
003320013132
123100011212
113001010122
131320110012
322031113312
322201101322
312133121301
311320302031
022010030022
223320321122
120322033112
312032321131
113303331122
011311331112
222313301212
113213320012
113332130112
020223310112
021013211012
001101031012
000211101132
230231121012
213031322112
103133021312
123012332112
033310232122
311310202112
312333033212
303322033222
303313232212
330012133322
303031103122
103111303212
233013103312
230321130122
132023322212
133200300222
211200330212
101232032212
331333202232
333013020122
203302100322
210021020012
021302013122
202132001222
221023000212
212333110022
211131002021
002211320322
031130031122
201003113222
000200310232
013030332322
212033023221
232101333122
110011312022
123233131222
220203131132
120022020322
310002000202
020112102312
133131112022
133320331202
033311013002
331233223122
332232330322
110313033022
031313100022
331331130002
011330100302
133322003032
131303133001
111033123012
111222300232
212330003332
212210032312
111303110332
112011133232
213310100132
211012000322
110113001102
002011312202
233113122002
333131323332
232200101232
320011322232
322020302012
320013010002
322313222022
320322202202
120103230222
012200233222
112323232322
013231121322
032023201022
233032022120
033322120202
300230022202
130321222002
022232320002
010012322102
031221233012
010133132002
111220032002
311223310002
120200330302
303220320302
013022030332
302213300032
331020332132
300022312332
313001221232
333032211332
332111220132
122112200332
330201022332
301000123302
311010211322
000213233302
212122333202
231123323302
213303023002
212030010102
221221300102
201333120102
132101021002
323100220102
223133230132
211331200110
213111313132
201312311312
232202233002
213223012022
131020103222
231300212202
232231220231
333231100113
113022113102
021021103332
220201203302
312202213132
212003313313
113002333223
023213002322
212031231022
322001223220
011030113132
310103110010
122033010232
103311331332
301110132232
102322311002
012002223110
203222131302
102031221302
120102221313
211132031302
102110031202
323012103202
211302103301
202021023031
022000230213
302100230332
332200212013
002123021232
203321233313
002132120110
012103213331
311330022233
310331120232
131003310220
322200030220
311311023032
021323222332
210013332332
110100122032
110133221223
120213213232
131021202331
031022002200
032200020100
103103231213
023013320220
102313200010
132132202220
113302200020
211002320120
311103003120
132302210210
110030233210
331110023310
111301132120
210230033223
031102033220
213003200223
223323002223
223032200313
221002001013
222012303113
212301322331
110231100223
130312001220
022031031223
203231012232
103331031020
020332230120
100321333120
301113331100
111031101200
110301021010
032033121220
120202312110
103203302010
120330021120
102130331110
200103331020
202030002320
102020320020
002002001323
312000323233
212001021123
233100231123
110312022113
322303022213
021202202223
210221302110
120020002130
302021330210
020023032010
220320303220
133223033213
330313011010
030001012310
001113023020
021100123223
010111210102
011002111230
111200212323
022110221323
313113212110
022011101120
020100110320
000203113100
200200231100
213103301100
023103331310
221223322310
202111332213
021213133110
031231113210
232113321110
013221321113
323202211120
300233221130
330020131020
123033213320
122011022310
101233103310
103212323301
002220231330
333122110220
201121100010
221031012220
120130013000
210032213100
220003213030
023302122310
021320021000
022102003300
003221103320
001012303223
113133033130
312323313010
113321303000
112012330100
132220113000
212230332000
330200113230
133011233020
322112321000
332313230200
021011233200
100112232200
312120232220
213321011120
323313021130
023001022230
230202302230
311023032100
311012233130
301020223010
111210302130
121120130310
231230103020
200232123220
322312313120
223022310100
223331220200
232310200320
223210030300
233122033010
333121003130
021230030130
133211201100
031121130200
233031131230
232311021200
312230211230
313011101030
012121301220
302131321320
032112331320
021333102130
221222103230
201210312210
002312102300
303221211200
020221332300
213203312330
222320122030
131331011330
121000101330
303103120130
201301122200
201012012100
012303011200
320220201300
220211123100
022231123330
222011210203
212201133030
312013320330
122332132100
130210312300
123113222300
321131110300
311212201010
111232020030
023233222003
001211222013
100221312230
131022121030
020121321130
012013112223
001222311213
032102221133
013112201123
312221120103
312002011003
323312110032
021311220030
013312313030
201330323230
312031002230
332212030030
022003323103
332201033133
303011323203
310213133000
010313320203
122120322003
012221232023
013123000113
201232320332
031332101223
220332121203
223031313003
313210232003
332320223033
313132023300
231032203330
102102023230
101120323032
231331223223
321033323213
321100231303
113100020303
101220100213
123331012313
123210202213
213233212213
023222033303
113122302203
103202003103
121232301103
323222321223
002233232233
323122332013
100311233003
203132322303
322232202133
211032220003
001123123103
202002230033
010002122333
110333213303
031132133303
321320213113
011303203113
001322330103
303100113213
133111332303
112110103013
230110133023
221130332023
212112123303
121131201023
322111312323
311313121213
232121113203
321221013323
010122113313
010231023013
220213331303
200212013123
001210003133
111221023133
031110211203
223110103103
230220100303
011201110033
201120201103
320023200103
301132020323
320202003233
232130302103
231100010333
320101103313
023201130323
223000112033
103101103023
130013313103
311123133223
121023122323
000330121023
003021011233
102111020333
110012031323
331201301213
112003001233
301023210333
323031230233
310122201233
330222311303
311312300333
332112103233
131013200033
132310032233
133312213133
211310111333
233022132333
322321300313
303321310123
023323233133
123323310303
120331320033
001313131133
102323300133
223121302133
123222110133
112220130333
203201202333
223112231333
232230311333
