--- Global Parameters ---
Code Length:			12
Min Codebook Edit Distance:	5

Max Run:			0
Min GC Content:			0
Max GC Content:			0

Using Generation Method: LinearCode (minHD=4)
Bias vector: [1, 1, 0, 1, 0, 2, 3, 1, 2, 1, 2, 3]
Row permutation: [4, 3, 0, 6, 1, 2, 5]
Column permutation: [11, 3, 4, 8, 10, 7, 2, 1, 0, 6, 9, 5]

--- Results Summary ---
Number of Candidates:		16384
Number of Ones in Matrix:	1848950
Number of Code Words:		826

--- Performance Metrics ---
Number of Threads:		32
Candidate Generation Time:	0.01	seconds
Fill Adjacency List Time:	4.39	seconds
Process Matrix Time:		0.96	seconds
Overall Execution Time:		5.38	seconds
=========================================== 
002230000000
000333300033
330011100000
111102200000
111000001001
011333000001
110200000022
223323300000
221220000033
233022000002
333210000011
331000000102
030000030003
033331000023
112300100003
300330000223
333333000210
000020000113
001031100011
013232200003
033202330000
321013300003
132110000103
312110001000
322002010000
301112000012
213120100001
201222201000
220122200011
212220200012
222222220200
101200300010
200120001022
111213000111
023310020002
331003211000
313030320000
221300222000
130100102000
103111310000
221000003200
333101200100
031032202000
021211220000
000100200300
200302120000
000321112000
103101002002
000122210002
100221020003
003011222003
123201100020
002222212033
001320300100
303203010002
132123020000
221103120002
011130302003
001110022001
310112300020
332112200033
333321230003
333331122001
222233210001
102320220001
131020223000
303302000101
120120222002
032110222020
331100310022
323113200022
321111101002
133312110001
113332332000
100022322001
113002300021
113220221003
111122323003
011122110030
312211102003
311322130002
332221032000
032221110022
110322300200
300131220030
303221000300
313100210031
323122331000
221123003001
201111000303
022131202001
222110330030
203012333000
330223333020
302333023000
232212230020
020022223300
302312222200
300232223002
332130223001
222213333002
232132110003
222331011000
233321003030
221133311003
012003330002
302222330011
320212001003
020230100013
220310000301
023130001011
202330010021
220023201002
213332210022
211301020020
323322200320
030033001010
003003030030
000232301020
200102000230
010310220023
330031023003
001132001033
300311201023
322331222033
202201220033
013111320032
000111221011
210111333001
221311230021
330113301001
033021111001
003022213010
000121001100
220001200210
021000330031
002200231001
230230012003
222230001103
222100022032
211103000221
221102202201
232010232001
201020203021
300012202011
333022233031
131320002200
033302002300
333220231010
123230031002
312330020013
333000201113
322200030201
322201312002
332310202012
113300030300
230210131000
230010022100
203033110020
033311123020
223302101200
223003020023
220301030100
220112031010
223212130012
032332303002
230313030022
220221203023
130333031003
223120020222
212021002021
012012300203
210120220203
331302312003
313302212010
233300231100
133222013300
332000313030
221032310010
200332311001
013333210100
023321100130
002223103100
132302301030
113213210010
011022200110
013220012030
013322220301
001233102030
102203202020
212123203020
211223302022
101000220220
010002231030
000000123110
330130022010
321030023012
321223000322
212230112010
322333300222
330233021022
333030003222
013030202022
313031002203
113022223022
113322002222
102222003220
122321203200
112221000233
003210002210
030322201101
323232202202
132220023032
023222001112
022020111010
303300111020
330000112021
133310001120
133332000332
131302003012
133013013002
121310012020
110031000320
111033030012
231333001102
121332020102
013123011002
232301001220
031023210021
133122232100
002020201102
022102222102
232202122022
020210023010
202003222012
210003202222
203111232022
000031003022
312312003021
320122033022
320020232023
121021320022
130020320033
330020002312
310003020301
323000020332
312102220303
101030000331
331330010303
311331000232
330001230222
320132303200
301202100120
303120130033
332001020323
100020211300
200211300310
120311200120
232330130202
322303113003
213131130200
212030032220
202200102230
230021102032
023322311032
310200311033
100211211002
122122101202
102100201012
212031310023
210212330033
231310333003
321320101300
321001112030
330101120302
022000010233
300022011230
311113103030
320021110220
213310233010
320302012031
020300012202
120000022211
100010013031
103000012101
103030232010
130001103013
130010100122
130120003223
010212003202
122113030220
122010113022
000001210203
301010210103
133211011023
223320111102
200230101110
120002111110
202000011330
322000123301
222320021201
221330002111
212210031013
112110310011
203200010313
332200222310
120223221030
312022002330
310022203321
310020312200
320200202120
101232002310
122300013110
122221131100
310001102110
131001011130
121022102210
122220202213
213122022210
001201222110
311032021020
021001021102
032300023122
212002303210
211000123023
013000022133
130200310130
121210302100
110203222210
111030221110
100222202231
031002022111
020220212011
221002121011
302220221130
322323021110
232222010131
220220121220
321212120210
112122021021
120022010333
313011121200
110220101201
210222110122
303022320122
030002121122
011000210212
220011103302
332022312222
332322100312
331120200311
231130303100
311001001123
322101100132
133130002313
100100011113
313310011133
320010012132
111110030213
122210033212
021012100222
221012233013
201022312100
202021210130
122212100113
201130210013
332120120113
023001220113
131200213103
032120002131
122030021131
331220021111
221110023102
211231101101
311030130101
323301101111
312301111031
322221220111
330022131013
301222010213
302322013201
330121003301
322021300321
310321200313
323012210121
331012221201
333212111130
333202203132
103012200132
100012120330
000032212120
211112021130
231111120120
211101111300
011212122011
311111012111
310111111122
320111020211
330012311102
330220111212
323321011222
011111121023
331110013130
233110003332
303210120232
111201203032
011102011213
111123010310
330323001320
333001123310
301330103210
321011222212
331101032221
012000103320
002030120230
001101003310
010311102220
013110031101
110112022301
202011003311
222201130121
232211021122
210231002132
313201302122
312231030110
111101022232
021112223032
331211123203
032311002233
230111010223
202211110211
312021231012
310102021312
332212021233
030220033230
031020032213
031211001221
012210302222
310331103201
322213111121
311213311100
331030202233
310113022223
301103012033
311110321202
003001112221
032220232221
331322213220
302032102223
323102230223
032213221012
023311302201
333100133213
010000313221
010021130201
323001313021
032201033021
003100102322
031103001322
031331201032
001103121101
202111320101
233211122111
220110120131
213133012011
310123220112
202103110312
030011011312
213001011321
200300031121
200003032113
200130313020
021302033020
033203012203
001100312223
031113302230
033330322220
013233122200
133031012210
023100212230
323131201230
022112103230
120103110103
111131220103
231230122300
321321223103
232312102320
221211102321
231122122203
020132221222
201212012221
223211312220
201113122112
220312122110
223110222113
203221222223
031231122222
233301102213
332321322120
312223222123
212010111223
203011111232
003111101213
102111202123
023212203223
022222131211
223232020321
322223313210
020203113220
220102310322
103023302220
000330122201
030131222231
010130223210
130312212023
200213222101
100102122212
130111132201
122111121301
021101331022
100110330221
033132302021
133320212301
330100231231
301022121133
121111232233
131112231220
011332322202
111132013221
311102122321
131103223201
313313222211
303123312201
301300332211
000223302111
013122300131
012102331011
033232110111
030303011211
021331020213
031132121210
213112213211
302110213111
300122301310
300112112131
002322102113
230223111103
323111311103
221013111210
102303112100
113003011112
012031023212
113330210211
110302223203
102130012233
001330021232
023013032120
120303021223
110123102233
112002221232
132003220213
220031031211
231031302113
313131321013
331031131120
012303111202
210010332012
200301302232
302211323222
002231322203
203203201211
102110131230
002311111320
003031310110
010331012113
021131111133
011310310320
132301123202
231323320230
213210123130
113301312103
111013131231
121120303211
031133203013
031233011123
102223321023
133202112123
113212132213
212323310120
223013310201
021202323100
123301232320
201310202330
100302013132
300030212313
320032013320
112100031323
120031113233
223010132033
203213102303
220313211203
101332312230
222120132301
223032133221
221331313022
232133232200
032103321120
322003332203
120101032312
101303210122
211302231122
103001321212
131330332022
213230033203
111233110222
211120332320
112033310210
130013322310
200333033202
230332202112
231033213032
120132030031
230103213300
300210233300
203133222320
203330120322
233323121221
333233332110
233003232132
202022032302
011200303312
100331022121
101331121112
030311230112
111112103112
110221232112
011321203122
113132203320
110313231222
101321233110
200020333322
100321330123
111023333100
121113301132
110021303232
132120213322
213121211132
223122113123
020123211023
300201221321
013332123213
201002213323
002013230111
002332223221
230033332221
303303322302
312203323300
221322223212
200220213112
201121231302
001311213302
123332221113
210012223133
012212231123
000212211313
212231221303
022132013103
213221030332
121222033130
223201033112
212233303112
210123013121
302232011323
203332002133
220333301130
320201131233
302130330112
222102111333
222312332011
023303132012
001323133222
233331333212
033120132232
233201212333
213202302233
131013221323
010011332130
230123321213
221232221330
003222322330
031021323320
013021223333
113312222333
112303322231
023300301330
012121021330
022310123031
010210112323
211311323132
021201101332
002012112312
023213112310
322311332300
322113321231
022211133132
230213313232
132001313112
310121313213
312131211310
231203113313
111310123313
131333123120
312313312112
312213031302
333330211312
300113230332
213013203312
221230312031
132311220310
120113220321
132322233123
133213122322
310323311232
122023122031
112223111312
222232123312
222323230303
132331321133
133033121111
123033300330
222330322313
120212332232
021333113112
213322131310
110201311111
111232223131
332202333231
212222333313
210223223231
131122011331
001222123321
120332101311
210002113311
220322313111
233102233121
031111231131
313321102331
113223012321
202302312321
130202232321
123002231312
123123313302
032013310332
003213231132
112213320313
132032333011
303202323311
012322323332
311033303223
222033321321
201231331230
031220103133
002312333112
201123313113
302031331101
030010333111
300033030121
331333232131
311333111313
303333131123
303131133102
203331213031
233230301131
103221333131
132313302101
131131103321
112131133031
110323033113
112330302332
332113133320
330213131311
311211233311
311003123332
011133131321
012323032201
300331333130
000133213133
032023121333
023333321233
223130323330
333112330330
313312133322
110120313331
230312303331
302310333321
331320331031
332312331313
102301030311
200121332331
000311310331
321121303333
333132213333
220332023333
232321133333
121223311333
130303233332
123200233333
003302133033
003233330311
030203301331
010313013301
101002331301
102311333203
102103032330
100132302303
020332332322
021231330333
021132333301
210133323303
000201303303
001023303132
011330233323
013313333103
023033133303
103103131303
301203233233
