--- Global Parameters ---
Code Length:			12
Min Codebook Edit Distance:	5

Max Run:			0
Min GC Content:			0.3
Max GC Content:			0.7

Using Generation Method: LinearCode (minHD=4)
Bias vector: [1, 1, 1, 3, 0, 0, 0, 2, 2, 1, 3, 2]
Row permutation: [0, 4, 3, 2, 1, 5, 6]
Column permutation: [7, 9, 1, 0, 11, 8, 2, 10, 4, 6, 5, 3]

--- Results Summary ---
Number of Candidates:		14160
Number of Ones in Matrix:	1492036
Number of Code Words:		760

--- Performance Metrics ---
Number of Threads:		32
Candidate Generation Time:	0.02	seconds
Fill Adjacency List Time:	3.96	seconds
Process Matrix Time:		0.73	seconds
Overall Execution Time:		4.73	seconds
=========================================== 
111112232333
022222223333
000111220333
000000021022
000022200332
202200000001
222222013000
200022030001
221112200002
233322001003
103120000002
111111000033
031110001000
111100130002
122201200003
111220022000
132002001000
112022110000
012203100000
230122000300
120222000331
113222200020
332202300002
100000122001
220003220002
210031100003
110331002000
222303300032
013021000032
020331200002
203022100033
223221000011
003021102000
023213220000
333311222003
222223300100
220323332000
200232301000
230232000021
232303202000
231223320003
031222220031
332122212000
303322203001
333222233300
023222002022
322222110023
311022221003
010302221000
312222232203
311123220022
201022220012
312220313003
212102200023
111122320010
302112030000
231101330000
213111022000
321311000010
322100100020
220133003001
010022333002
110322030030
312103002003
132213000300
322202202030
331000232002
001120223000
230202123000
320200020010
311230000100
221230210001
100231200010
001023320020
320122030013
113323222200
012122330200
001112202020
111310201003
111021223030
131332212002
121133111000
111233010030
133321100013
101301233000
111221331100
112112333003
112211330010
032311330002
032221113001
010112110001
202010331000
122011131002
130311113000
020011312000
230012212001
311302333001
122203333300
011133313002
003111321003
001013203001
000222323100
102222131200
003222222230
030320232001
123232330033
133231031003
030011210032
200221333030
322011330033
331112201013
231111101032
323301111003
231010100013
201112003011
121310100022
313010120002
310112200110
100112111010
211011010100
220213111003
222311033001
222210032020
112121013020
202110000320
021101033003
211200003303
211203231003
221003030011
212003230300
222100032301
203100002100
201321200200
223112120023
222200203012
231222002201
333322102020
303312320020
133122220223
130322233023
121132202100
221021232100
320100203200
300012002100
200001121010
322002310100
022230121002
202223111010
220222310220
202331122001
212031220022
322131322002
221113130303
321113002022
230110010022
022103001030
101100032030
221220021033
122120001101
210222020103
212233222010
122233221023
322322202102
300232202023
002332120032
220220200322
200120232022
200112230203
231002233020
120302023002
122333102200
111030330200
220101022021
331102030021
102002300021
120020002303
121220323021
120021320101
000220210203
012030320010
000203322013
012232322022
231322321022
002110230013
100013110031
100003302202
211120103202
230002000232
233213100202
113312000222
200032222232
233332230031
323332200322
113132200301
321222003210
311203332020
210133302020
223233333022
221023301203
020010030202
112231001202
320223100303
301222231101
202230123020
322001122200
022121220320
002321123300
203232200330
221310202030
122000022232
101220120032
112320212010
323022223202
022203222220
112203020222
302300220201
303222120222
320132222220
113210202201
322230200211
103223020210
333121222210
002210022101
000202000211
013120001013
103203311002
100032120220
300301222022
103112021022
002122211033
121032110021
131023122022
103021022222
100221031022
130202221012
202201322203
110010220303
110011102101
110032001013
330111223300
322211201302
121001201300
212321220303
323212223011
321121012300
312122020311
131113301021
203110221031
213313020032
223302211022
220002110303
223330201300
122013021100
220000031103
221000221110
301100221102
001202202301
012000203031
021220211300
012020111022
220011130230
212213101301
212022223310
313002222333
222110203333
020221300310
020223233013
020200330101
021221133102
101022130103
232020130201
223333010201
331130032200
213000212013
220331001033
222232201233
221303222103
121033220320
102322223321
012110332021
030031102021
020132103033
332210033031
132220320323
122031223011
230033201011
233012322033
110302322023
111002320122
111103321103
132120111030
232220001130
130120200313
011132023303
031102332033
111001131023
121102310223
123130032023
311312102033
301032112003
102311120103
021321221023
013332232013
030213200103
010321330011
100131023200
212011132031
122123233201
212123230232
221011320223
302011133020
001111022223
133112332100
232111023103
331310220220
032101022202
013311300203
033013201200
221301311200
231300131030
023110200212
233120020230
223110001223
121110023210
131000002331
011210021203
002102120221
032102210102
021110120233
230100202211
021000020121
211133112033
101113012103
202103020213
200203100223
002133302203
102333322012
132033200223
111133233220
302021021303
333101130203
310310210021
213131330013
210323033021
221221303231
211111333323
111232320331
112222033232
011121003230
022120133220
002323033202
002200230332
030211333200
133021323203
301111320231
301102312201
301033222302
332303322222
323223022232
233311302221
332132000233
331123023031
232311100331
122321200131
130112202132
130333320213
211233300121
002223302122
032022202133
301103001301
211301002322
003200032222
321020001222
013000022320
222001033320
233100332223
213013203222
113003322301
320003323021
111000213221
332002223230
310200302230
111022032131
112233132101
011003113200
222003123222
211000111233
210130122223
231133320322
311333132222
213330131023
130131322221
011033030221
013320122221
302120032221
020103302210
202022333221
233102222321
303102020323
323233213200
213333311220
203032312200
021322030122
031333010022
013200130210
012221333213
012211202331
011220110321
231220112303
321133310031
222331302213
312032103202
031201300322
010201301221
112013311223
102023330230
112223303133
310013230233
201032011020
020020101320
003120103021
001000212230
023012021030
100100201222
130100112300
110020303322
112323032213
120032323233
222323031220
120230321201
322312310221
132011010231
133312203231
301321303223
321230330223
000231320232
030201102232
100310130223
103302333222
230023013222
211023012321
220122102332
232013202321
320213023322
000013013012
213223232333
010223103330
311221101233
330222303332
033221303012
030212122301
210021312230
102110302332
220311322322
100110022313
113330202333
330331023223
220332233333
201222311323
201203302333
001212033333
230213022333
201010230330
100011023332
213312310333
201131123302
320302201232
103123232302
103200123302
210311031200
203111103233
301231232233
310123001333
120100010332
010313332230
101010132322
011110233311
312313302300
332333230101
313231002323
333032102301
321003102330
310311120320
031330222322
121302202313
132022322311
011322312302
201333133233
011330033232
231312233301
303122332330
023323032301
323100333232
213102033231
203200233213
213100123333
232103333331
122302332321
112311001330
301120102213
301001203322
112200231323
321211331330
302203331322
101102101333
132202130331
230331132303
133031100332
022331103222
232321012012
233221133321
123302122332
313321133333
123003031223
023101313022
131033313010
333102321302
230010302103
020021223122
220201213332
322010023133
010121213223
100120113231
000210321321
002030213320
022000133312
023332110233
031032132231
113332312231
233203312031
332321132230
332213213232
133313121033
003112113303
331030311023
033110310323
233113323012
000021011233
113013113333
320230132333
212333113330
123312313300
112333211322
000132331322
000211003123
110213131231
123011310313
131110110120
101211333312
123122330312
121120131133
311320123013
313220132312
101331321323
300021322123
300300112323
303010001231
223011012301
213001122312
121303132012
203113013331
201123233130
220012321331
220203332132
200033131332
101033000132
220021001312
223203221301
230321320130
211032113012
220103111322
211031333211
302313231030
010230131300
321322311331
312232011332
222230311331
001323111333
313110211322
302031210331
020310222310
011231020310
021230003133
110001333133
120103230131
133101300130
023200231231
131321211330
213211213313
213320323210
223032103310
123201033211
333000123321
001100100311
123210111323
222302013132
231210031322
023303311010
200323100311
210121023110
310202231133
033302131220
322132133103
311100323130
211131002131
310110333213
311131130210
322333332133
212132331101
203211332120
201231312011
032033332102
102130033120
103301113021
022330233123
201332203132
333312033102
100010301130
103133011233
130122310211
000012331210
310101232120
311202021120
013003202123
021123212313
001030323312
210203010312
200000211311
222333212311
131223013313
312331112312
312322103123
011232200113
132333031130
130130031321
033133201332
322113103312
011303301312
113310133121
102332012313
311031201130
310030310120
031203221122
330210322312
300212121332
003311233133
003211110310
313221210110
312203221213
302102213131
300101313313
313003100131
030301210313
031101123132
331302101310
130020123130
130231113132
110311321311
021302322131
120003101211
133300101100
303200301132
233013031133
323011103221
123001102120
323000002112
300111101120
330122111220
333022310132
333202110011
333220312100
313323012133
300130112130
002203010131
122303010123
133210001212
130010000111
330202011321
311001322111
213130012211
031011012122
012312313212
302213112213
222330032112
233130211202
233303031212
031002011210
132032130122
020131312132
020102032111
020313002113
311133003113
310213301102
020330113102
220333111131
220301130111
003031321131
233021021211
021012301011
130200331110
110230011122
110033312113
101001021112
321010113101
321310330311
330023121103
330132332311
313331321100
332110221123
333211130122
032011122110
103323311130
331312313123
032331001210
132312022120
110031221210
203333213212
010323211211
033222123211
212302312113
012100111110
021333131211
132303112111
333331113211
331110311111
201110113113
321313110112
223313333110
023301201112
323333122120
200331221221
032213111220
322103311121
303220013121
001220031112
303022011113
203321111123
003322113110
033012131101
031230101101
031312011131
301332300111
331021233111
103103103110
031133102112
033032223112
000123222112
302211021110
333333020112
003333023121
213133220111
023231022111
303230222113
133320213113
332033013311
232213321113
133213233112
230231211120
002131231100
103332221101
