--- Global Parameters ---
Code Length:			13
Min Codebook Edit Distance:	5

Max Run:			0
Min GC Content:			0
Max GC Content:			0

Using Generation Method: LinearCode (minHD=4)
Bias vector: [0, 2, 2, 3, 2, 3, 3, 1, 0, 2, 3, 2, 2]
Row permutation: [6, 3, 7, 5, 4, 2, 0, 1]
Column permutation: [7, 10, 4, 1, 9, 0, 6, 11, 2, 5, 12, 3, 8]

--- Results Summary ---
Number of Candidates:		65536
Number of Ones in Matrix:	10360356
Number of Code Words:		2558

--- Performance Metrics ---
Number of Threads:		32
Candidate Generation Time:	0.06	seconds
Fill Adjacency List Time:	12.57	seconds
Process Matrix Time:		5.77	seconds
Overall Execution Time:		18.41	seconds
=========================================== 
1111333333333
3331111113333
3333330000003
0000000133333
1111111111021
2221000003333
0330000000021
1122222220111
2322222220000
3022222220222
0222222220333
2222111233333
0011111033333
1100222233333
2222233333233
3333222033333
0033333233333
0102000000000
0220300000033
1111222201222
1002222300000
1333333233111
2211222133333
3331333300111
3333033333033
1133333332301
2333333303320
2133333233000
3232333330000
3223333333021
3322333133333
2311333333222
1022233333322
0233333332123
0211333333111
0003333110111
0000133333133
1300133333311
0330333333102
0001333311222
2003333222222
1323333302222
2222332222223
3003322222233
3333122222202
3223222222210
2320003333330
0023323333311
1023332333300
0333000333000
3321113333303
3303333222000
3000333322231
3333332311300
0312333303000
1122333312000
1013333200000
3113333200333
1203333222333
0113333322312
1112233330310
1231333331312
0131333331130
0023333321320
2032233332220
1100333322102
1202333321111
0002233323331
0222333300032
0220003333003
0100033300001
3022333331013
3201333311333
2002303333303
2031333331203
0003332331103
0001022333330
2221333313130
2203333323032
0200333313210
3103333312320
3330133313330
2223322333030
1323323333133
1003323331112
2020333303312
2112003333311
3110333133312
1000333033222
2230303333322
2220133331221
2322333312111
2223033311122
0213333111102
2233331311113
3332233311322
1333331113322
2313333111231
2333323332031
2332123333000
1132123333111
2310333222210
3330333220013
3230033332012
2323333232013
0333332221131
3013332330001
3002332333020
3102133330031
3033323332213
0022333222102
3011333321210
0011333232301
1012333311032
0000031331112
0012333113130
3113331111030
3111333001000
0133330000112
0033133300010
0032333301021
0102333310203
0033331122030
0333233313201
2113233303303
2223332321001
2222333011021
3300333111021
3233331113011
3020333113000
1321033331300
1221333223301
0013322223331
1132233113331
0032323330330
3133233301100
0110333011333
0003330003120
0033033001122
3003331300113
1202323333120
3003203333111
3300003331133
3100331330002
3333133011221
3313313330321
1313331330303
1100033133033
1030303333233
0000331132233
0200032323333
0011233133233
1230133330323
0233130331111
3023133301112
0112133323323
2112333122333
3110210333333
1001332332332
0111322333322
0111023332331
0331222333301
0222221333302
0123332232332
3321333223032
0003331230322
0030023332322
0203322222322
0003003313323
1003312133333
2312233301331
2122033033300
2111300333300
1113300033332
3111311333311
3101013333320
1121331330322
1102230331332
2330333030301
0013313033300
0313331103331
3033131133332
3021331313331
3033331031121
1212031333330
1122032330333
1121011133331
3131123303333
0331033033001
1132333231123
1113233233132
3333311233133
3313331033100
0333322233100
1011133111330
2111103330332
1111130330301
0003103000001
0033103331033
0333301311333
0030003311330
3000313313033
3333131331012
3333303122011
0330031233330
3100323033330
1130333013130
3033033131313
2302333131130
2111233133100
3332323033311
3133330130323
3033303320331
1320333000333
1233133003302
0010033103332
3003332201332
0332131333131
0333330101302
0223331100303
0333133102330
2333332130122
1033331320132
1033313000033
0103333213021
1103332230131
1113322330113
2003331121331
2133133312133
1303333121203
1133332122223
1133323311200
0331133311213
1133331023002
3223331001002
1223311333003
1123331131011
3133331320201
3213331322220
3122332222001
2100333223203
2111133322031
2013323322200
2002232222200
1111133212200
3002333100222
2120333000222
1333300332223
2033330000221
0033332023211
2030333232021
1033303031322
1332301033333
0333132323322
2232330033323
0323330013311
1113330002311
1013033003321
3133332210110
1330033320131
1031133303221
1103331300220
1101133300213
1020133300200
1110033002300
3110003322330
0311233300023
3000233000023
3300023300331
2333100331331
1121233311023
2011333100032
0113323313003
1103233310011
1233033310020
2303303003331
2313003331323
2103323133323
2223233213331
2323033031332
2013023133331
2233223313313
2033133032323
2001233322023
2211033233033
1223033233103
1331033223313
2220033030313
2200301330333
2333032302333
2331312323333
3311322333233
3311332310332
2213330330200
1310130332333
0322203310333
2320033321033
3221033300103
3010033033103
2003033010033
0223300333012
1113013331013
1100032331301
2000332313131
2300323313302
1112330130003
1302333030231
2201033302300
1220303332220
3220333023320
2233231033301
0220333130231
0101331320331
3220033220001
0031330133221
0001303332011
0003013330222
0012003333022
0013301330032
2001133133112
0003031033003
3112032333032
3311023332220
1111032332320
3111033233211
3322332323211
3222333213123
3120133323213
3203330032101
3331323323010
3332331322233
3221330033133
3320233033132
0101030333132
0112330332101
0033032232320
3303300323332
3003013223333
0113203023333
0011332030033
0003302312330
3213332231211
2321331330233
2233313012332
0333303012220
3323303013322
3233320303312
2333233002212
3033233002030
3123330022330
3123033320230
0320330320330
0332033312230
2222330121330
2312333023123
3123331203322
3202311333323
2232333120312
1332313313321
0332133030022
3313323322022
0133302332022
0130233133220
0222313331230
0321303313310
0010313331211
1333223103332
1130332220332
3231332222033
2332232303302
3201323332232
3202332232230
0002133132200
2310232333200
2322032330222
2223133002200
0222033132223
1222330032221
3021323033323
2030033000230
3223233011233
0021333120013
0301330000133
0032233000113
0010303300100
3133303000121
0310033301012
3101033302122
3001033022332
0233330202232
3330332022321
3331232232221
3023032233222
3332332231202
3302323321003
0300322223303
1010030223331
3020332320202
0312313332202
0323312333210
0231230333103
2231103332313
2033321233202
2121333111210
2110313331122
1313313033122
1333113323220
1113312313320
1311310333030
3012330130330
1113232000330
1123322013331
0023330211031
2123330211302
0223021332333
3032331132303
1123213133302
1333011333011
0330303302121
1233321233313
3233021333231
3203321213332
2302221133330
3023323211330
2332222311333
1102231133000
1330332321122
0311331321322
1201332233122
3200331132322
3133232132302
3312331113002
3313033110012
1333032203032
1220332113321
2322322133322
0313320330312
1133133201022
1332133220330
1123113322233
0312133222133
1112332221300
0112232322330
3113303223100
1131233203030
1013221233330
0232222332320
1333232322101
1131111332000
1130223300033
2102223331033
3102330302133
2233033220211
2233322202303
3333223200131
1322303222233
1023233222310
3032222332231
3322210333312
2201023333011
2330223331012
2133122133300
2123331030310
2113031133133
1333030112331
1332023133233
0233320221333
0023300203332
2332032222231
2203330201133
1210333020021
3013330010232
0130332022230
0130330302003
0303332102313
3133301311222
3103233013212
3312332012223
3312132133310
2012133323010
3311131330020
3320303303023
3303103320300
0233310233030
0113321033230
2131332213321
2133232313120
2033322303113
2133222330021
2331132233002
2010332230012
2230132033310
2023133120330
0231333121000
0001330210003
0113332120020
2113322200322
0120313320033
1102013332032
1130023233310
1323133200031
1313133112323
3123313131033
1111131132033
1312231111333
3121033110033
3333231103203
3113213113323
0333232120003
2233312210000
2123232230003
1223223300001
3322133000010
3333220330220
3033320221222
3322331230220
1303223232300
1032023323303
0313032230301
0223303220023
2033303130023
0333023203023
0323322302233
2032321313300
2022322331002
2303033200103
0223313203122
3022233030121
3031230333012
3330033012202
2032231031333
3303223123313
3331332121103
3303303201233
3011303310233
3333030211132
0113222233123
0130323220323
0332223221332
1332232221323
1133222223130
0022332011300
0033223111300
0330233011310
0032330200200
0200233000132
0022202333001
0321032300000
3313032300130
2202032210333
1221302033330
1222132221331
1222133023003
2132222233203
1233123011333
3212230313332
3222223123300
3322230310300
2022123023333
0230122330332
3330022233031
3203223232033
2302230323033
3222320300333
0102331030030
1202332131033
2020323311323
2303223310321
2303322230201
2322332102033
2203310230331
2022230302332
2220222330013
2212222223032
2032322200331
2333222212111
0220233223113
0101332221110
0212332221122
3112133222022
3311132223011
3002223222211
3203323110221
0223232312200
0223233102322
0123223300223
0033222301222
0020322233132
0200222233111
0222032330111
0202332302001
2203332102020
2222033200110
2223213230323
2223223201300
2222323003010
2202233102002
2230032320032
2230133223232
2210220333002
2202031332232
2223303123220
2020332122300
2321322223023
0233123222301
2233230223223
2230313310223
3232313322122
2213202332332
3231033231230
2323113330132
3311133021323
3332301330130
3232331002023
2323230032300
1223313022300
3133230223001
1033302233010
1022322230303
0313223130001
0232223130012
0003223203012
1313312223000
1130131223300
2311313321300
0223230032033
2321133100003
2022231100000
2230231323000
1323022320330
3322223203110
3112222231000
3302222230013
0312223033223
3022221333213
2012232330213
2122300331313
2132332132110
1323232230112
1132232303213
3131222333210
1122232232120
2222230220202
2223132200132
2222022033133
3122023223233
1222223232313
1212330320133
1103303032310
1322320323320
1020232322133
1222200333200
1133103222211
2232232000232
2221223000033
2332220000030
3231322230002
3313222210312
3232222210301
1222222030021
1001230330313
2223222032102
3003122303300
3312222301320
3301322221220
2301323202330
3202033202313
3323320123301
1233122230321
1233220322303
3122122332223
0322322230121
1322123303032
0130232300022
1232322200220
0310223220300
0102223003300
0102233032011
0110032033000
0133013321000
1110303230002
0000222303231
3013220303331
0121300330001
1133030030201
1323130313000
0231013330203
0013203320203
0113133220101
0001313320020
0203301331021
2032213320302
0310133023200
1232323010302
1332233012121
0332023323121
0232232311221
2202323232221
2322022322213
0302222323102
0001232231302
0202230300020
0002223312020
0002213300323
3222233112011
0222223013131
2112233200121
2120331320011
2211322220011
0033320320123
0022222321123
1002323203200
3123232003031
3023212331303
3023232312311
3221133022311
2131132332212
3222130233231
3223023122331
3232330200311
2202332013012
3011330220031
1131322300011
3323122330211
3113123302301
3303231220021
1021303322002
3221230332001
3221032133301
3210232203302
3021322223201
1322231220301
3100322223212
0003222022000
0030222032203
0333022022031
3002222003203
3221232000022
1211132200002
0231233203212
0210130233301
0332200332031
0321233012331
3312300320313
1331323032003
3333121300303
3300220303303
1123302030323
3213322200100
2231232310133
0122302300133
3022232211133
1322332020012
1203320300013
1321312330021
1233131300211
3130313302211
1033131222321
1002332001313
1202030000331
1211232003323
1222301230000
1300123302000
3210123233000
3210223030321
3223223020122
3102232300112
1122223001103
1122203030301
1312322311201
2332322002011
3332032003013
1133203010000
3100203303000
3101322320030
0233223021020
3323222102000
0221322200030
3322132202322
3321231202333
1200230332321
0122230321321
3120323221221
1013323212031
1233223212012
0211323310010
3112323311120
3102300333110
1311022233311
1211332302211
1223133120221
1223312232222
1200322322331
1213222202231
3233213132022
3121303313201
3202122330202
3320012333321
3122203302032
2203223030131
2200223303110
1232230233110
1012320233312
2203122023332
2000222000032
2222221022311
0022220001310
3120330311311
3122311331302
0322213321022
0320320332301
0102222213222
2122220013233
0121113333212
0222103233202
1232033213202
0220230330122
1333201223233
1331122332122
2133022232232
1303220333121
1022033212211
1313302231031
1113123030032
1131312323222
1111330232112
2112322320220
0212302233221
2021222320231
3112221330221
0222123202000
2220022232200
3110302323323
3032223130103
3321221233022
3302320232032
1120330031232
0003320032231
1121232130031
1111223011300
1211322321310
3132310033233
3303120233003
3303022231022
3130332123131
3000232221031
0002302220022
3323302220120
0022320312032
0002033210012
1332122030033
2133220033132
2213303231132
3212330031120
3233230021321
3230230331020
3203030223030
1013230023033
2011312333102
2011132223233
3011332123122
0121323231112
0201332031020
1301233002322
2322230131122
3232231303111
3331201333113
3031223203122
3221322313121
1223023221132
0322221030232
0132133131232
3122330110022
3332130001032
3333202010321
1333213111031
1032231130032
1022232131010
1311123313231
2131223321230
2033220322212
3322203220102
0202203222032
0000032222123
1003222211032
0003321201033
0030223201001
0002323013112
0033210033312
3030323013022
2203222211123
2111323211133
2121232031330
2223321211131
3133222111203
1333022211003
1331132320113
1330323100311
1202322123002
1310133221302
2110233022132
1320323031022
1333312012231
3132232012200
3321233122100
0321133220120
3121231303123
3101230322230
0022300323230
1223032023021
1123002233002
1102003320003
1131023301002
0021230332110
3120320332210
1303031033221
1310330230120
1320032022000
3032130232222
3031322312132
3333221132112
3230323131112
2032133131101
3232220122322
0323123002312
0330213032302
3111130033102
2131303003310
2213322010212
0320322000322
0233321000321
3131131023321
3112033123110
1210033231110
3310322201121
0323022113302
2101332130103
2213132131100
2233213301010
2231212333121
2333103230110
0220131323321
0133313113211
2121233210322
2313323120120
2122223123122
2212132032322
2221123203312
2320131300332
2331222013222
0230133103311
1313000300333
2233102323102
3231132303100
3030331302100
2330203312000
2332313200230
2333213021200
2110331003233
0110313032321
2101313320313
3113113321132
1032003300311
2113232122311
0033212322011
0102031233311
2122113332100
3221213233112
3002023311132
0332132211030
0112322000303
0212220200002
0322232112112
0213312301312
0022301133312
0110122332313
0121212303331
0310312300333
3001212330331
0212231033021
0012323122221
3013312322123
1122123202222
0011032202222
1331203310123
1011203331222
1111120322330
1111221323323
1211222032032
1122200123330
1112232120232
0022132130233
1122022322302
1132202320020
1113210332021
1010023330121
1313203311111
1103102332231
1113031032232
0112300311332
0133220313011
2213320301111
2113030323011
2211331310121
2111230032321
2311223003001
0311130033013
2031233013011
2103013330111
2013303301212
1203033021012
3320330210101
2330030332201
3233003030010
3203130130312
1303301230013
1332203000222
1230300302332
1111302123302
0132102333013
2131203302222
2312323012232
2002321022332
2021331132113
3322131311313
0332221113311
0112223111313
0332222012130
0301222002333
0332020222300
0302221222323
2132213023232
3330221222213
3332202122033
1322220022212
1303122202223
3132122220230
3120322000233
0032202202332
1021223023202
3320223002223
0330012332223
1333203132130
0001123222320
0011223110332
0003121332310
0031203310301
3021132310303
1113131321110
1112213301112
3113131022313
2113313021223
2011330022133
0103300323223
3313321002211
0213330021213
1333220002113
3303220022132
2023302232112
2123022311311
0132122302211
0220023302201
0100023323100
2322132023100
3233302031003
3202302220133
3032303212023
3013003312221
3010303222121
3123312321111
3113130211111
2002330203101
2013232202101
0123032031013
1122302133101
1012233010100
2301222301130
2211232121302
0303322121212
0013221023022
0132220202023
0113213000232
0123222121231
0323020233131
0123023221310
1130230230103
3123220312113
2022320032111
3020302332101
3000022323003
3313213031213
3030223312110
1003022313221
3010223131131
1102322310212
1123023012322
1002221230311
2122002223331
0300022032232
1033320113111
0130230003131
1302130033203
1320213301133
1033230212202
1032331212220
0123230222103
1203230022020
0111230312202
0012232002120
1302132301220
0313231221123
1102313131313
1133213021311
1323312131312
1332132013132
1332220130201
3113203130222
0303221302221
1003213022323
1130222102301
0113022300200
0011323211200
0331122122230
0012122230110
0012213223200
3130322112220
1233221132221
1023220312220
0302032202210
2330222102210
3233132110023
1113221130200
1110220030023
1030322123023
1100221303022
2023023221023
0200322132023
0002312232013
1203231220312
3312211223332
1301123230312
1301232200010
0111213222221
0211221331311
0201222301203
1231231302203
1112313000020
1312213200302
1122031200022
1312200322022
0313312002222
3113220023121
0012203231231
1320220231331
1221313200313
1233031013133
1003331011100
1000330111323
1300300330230
1100132030233
1100320200222
1030320220130
1013220000132
1003132000322
1033022001133
1300032213231
3200022213323
1202022320323
1200222000123
3123102231333
1122220100322
1332021230320
2032023201322
2022321201313
3230032130320
1003000033320
3311320030320
3030033210122
3130222201102
2113302212200
2130203222320
1013002222220
3113302021232
1131022103330
0113122001332
1231020033033
1331002033322
3020202033033
2110303312023
2310303213233
3013002133233
2332103321122
3330231201312
3310312213222
3310023212322
0210022212221
0300232122010
3000021222222
0300321322122
2300300223321
3300302313200
3310320133102
3110222013013
2211302203003
2012032203130
3001322031310
2033000220333
3331122031321
3331212211233
3301203313222
0100230311223
0010232211003
1102232011101
1103220203201
3113221202133
3201221313133
3131221232031
0000221221330
0100021003333
0211022320133
1301021232333
1032221113133
1100203000203
3002122212332
1333120213022
0112221212200
0132231023210
3320320202130
3322000223130
3032002222100
3120221223200
3011221331200
3211022221232
3001223111230
3111220222212
1113020222131
3331203022210
1000232113302
1030032311013
1100330212213
1310022313213
1133031211213
0232022213213
1232220221121
3100030323201
3200303200212
3033103213012
3113002222113
3203202022223
3301003232311
3022201321331
0133012123332
0130320321102
1323103212332
3132102232312
1121032003312
3233110222332
3222312032203
3002212032220
1110322011322
1103230211230
1132002213303
1100220122030
1300022201200
1132203122312
3130023122303
2301231223210
3320122032300
1110002223201
0202212032331
3310020322033
0021003323221
0010103233223
0010122023033
1300012222033
1020031302221
0030230312211
1212130222320
3023003023213
3300310033212
3302200133232
2022131332211
3032220000212
2012313221131
2101233021113
0133200301133
0002031130221
2002201331322
2112020203332
1220132032212
1022030322100
1010013322222
1110023010331
0120022310003
0102023130023
1030013130333
0000132100331
2001132300310
0303012322020
0303021223312
2012231212312
0312202200313
1312020203223
1230202331223
3102022202120
3322022132101
1021221332101
3300213233101
1020220033011
3002312321102
3231213321101
3223122021131
3113023011023
3301102331111
3121002331132
1230023000100
1120032100130
1210203310130
1210321331103
1020021333130
3030032031130
3320022310112
3233002203212
2333012321321
3113012230122
0100122203020
0010331020220
2000133022120
3010023002212
3310200232302
3011122002230
1122002301310
1220020013332
3023023000201
3012313000313
3022030021303
2000030213303
2000003300221
2003030132132
2200302212232
1002202312122
2003023002002
2013203023000
0122030212002
2103320020312
0320230021202
3103321003202
3113231210102
1113022121022
2130032113222
2333300210202
0033120213200
0031222131021
0331132130201
0231123023032
0110222131032
1131221131232
1132031312031
1222032120203
2123103212223
2112231111222
0110230220110
0303132000100
0003213211311
3203213211200
3300132211100
2013122022321
2022202022012
0031231022231
0331213112200
0311231032000
0312203002021
0122331201201
0302231201222
0323132212011
0302302030112
0002020303202
1120302311112
0202003311311
3112320202111
3103122023110
3013022121311
1011302203112
3130020031332
0000202311313
0000023020030
3000020003230
0000300322202
0300032020203
2000323120112
0000002230220
0000320301210
0200023121220
3010002223132
2000230311110
0330103200332
3000031201323
3300312301231
0032030011331
0000130232312
0203302213120
1002200003221
1330020202211
3332012032211
3033102003130
1310332102103
3033020022103
3132202000103
0321320212203
0231320032210
0233003100221
0103203131320
0111232011311
0103002223011
0033002211113
3300320021111
3131023021121
2120032022111
2310302032221
2322203030210
2330013202222
3302301022222
0220000232222
3100000312222
3020020220211
2330031122323
1010032132032
1020002220233
0020200223031
0220203200320
0101302202323
2001302202010
0200310223233
0013002003002
0002200213133
0000201233212
3100201023233
0100301223000
0100203202301
3200213122221
3001313221321
0203200203311
0212200223010
0111203230210
2133120230213
0012000232203
0021000222000
1321320021231
0022013002231
0013202130321
3113321120321
3133221010022
0111202032122
1102000221222
0202300022321
0233200132323
0002130002111
2220230021131
3222003021221
0030020210223
1000120022221
2003200030232
0201023030212
0220231132210
3031231131320
3010313230110
1010132210220
1011312232203
3030122301313
0313203113013
0210123311021
0322122311012
0311232121031
0003120130022
0010021200000
3330021320000
3312003030003
0331221203010
3331221310101
0220212033303
0200132030011
0231302300101
2303323011213
0310321213211
3111032031123
1003130320111
1023032101111
1300230031211
0130031303010
3330001332122
0122013301301
2333013123013
1030212222002
1010213220031
2001230200122
0002321310001
2130232011031
3012320113231
1012032310021
1110331121212
0101230200211
1231202220211
1210222131210
1111031221311
1121312231231
3021232101232
1310202211332
3122202131230
3112312113301
1110212310303
2300222210102
2300123211111
2302123021312
1030321030012
1000003201120
0013000300111
0330013130111
0132301301111
3302213011112
2102022031112
1023300022110
1031020132223
0001021232111
0011312022111
3002000202231
0010300201321
0033200010213
3333001013313
0020000310312
2310002223310
2302020202321
2121203221301
3213020312122
0202303123100
2000031032311
2300203000312
2333301031210
0123100033121
0110102303111
2011032130111
2312031123311
3001003030031
1230012233211
3230102223111
3323121212310
1202201323023
0111312321021
2132002300212
1120022131221
0120021232102
0022213131112
2210231131111
0100231113111
0122303110011
1212230021001
0223311123311
3331131122131
3311210323111
3010132122113
0201331122011
0331001322211
3230300022211
3332100030011
0320030123011
3223100322310
0033013022130
0133311221232
1013321111122
1103320110123
3020300000122
1110321102313
3111023210310
3131302011330
1031130202000
3131130221013
0332201130303
0312301023320
1032311223022
1021113232220
1022112332003
1132221210003
1203021301000
1200031032200
2210313133202
0321203031102
0123003210112
0131300213122
0331003010232
3003000301013
3023203110130
0202131330103
1213003133112
1233101331232
1012200132112
1031200030302
2320200322112
0320002211121
0010302121112
2031002322113
2030103322131
2212002302233
3213010331311
0333010302311
0320031310213
0313011331212
1111003113221
3110002132212
2221033121321
0222100303113
0322100023303
1322013021333
3233100230303
3320021211333
3200321120313
3322032111000
3300221113221
3322002103303
3320230111033
0332310021132
3311000221123
0031100023331
3002310001331
0033131011313
3332320111210
1112202111211
1222022111112
2302321211122
0302220011121
0312201301132
3222220001201
1212213111022
3120201231322
3222121031322
3022100320322
2021003032232
2000200320133
2300000032210
0210023010113
0302030122023
2230003122213
3100320103021
3110300032020
1030000023123
3103003103302
3130102033021
3331301032021
2133200002330
2230020023300
2130200323101
1323201300310
1320131222313
1223221003112
1020003013031
1032030201023
3200020133110
3202123132130
2201320000021
0100300002012
1330300013012
1120300000211
2232000230111
2002000023013
3301300130211
2230030012011
0332001032110
1303002132113
0130000122111
1313221031010
3220031123112
3220003211022
0211030023201
0223030101310
1023123002130
0031312201130
0330302100213
0303302110010
3313300212001
3203320011000
3103030010220
0311000320222
1101300320012
2130300030223
0110002002023
2310023002030
0333021112320
2321032003203
2112200313003
2322002313011
3022200123003
1203200013003
0222000010231
0312000001013
1222000231013
1222310003023
1232300132131
0202001023332
1213020011321
3131200013311
1122001212321
2232202031211
1303212001011
1130012000001
3103012313001
3132120131133
1122120311213
3112003112133
2313022121133
2113221000031
3310120000221
3302321001230
3303200001120
3123300001103
3331000002102
2000300021001
3230031000031
2121330010031
2231303201030
1000300120300
3000200101311
3003202112103
0002121231132
1000013213111
1011232121213
0003123012123
0300012003211
0110031120031
0031002021310
0001001203313
0310013313130
0300120001323
3020022100022
1231000021111
1310021223102
1330301211320
0133130121021
0131103221020
0130100231233
3011000012333
3001302012302
3202130002000
3200130232203
3233000123021
0021030201233
3320020013001
2330021130312
3301020321012
1013100220201
0130020113313
3210001231313
3210100332113
0231113031331
1310122031001
1113002102030
0221000300130
0121003020311
0313000102231
1311012202332
1313212122132
1321022102323
1023020210033
2132021222021
1032022110101
2230321001033
2130303100132
0132200210101
3010213123232
1232102302301
3231020301300
3101320012013
3111300100332
3212002100331
3111002023220
3331102023203
3131203100320
3100031102213
2300030011023
3121302120003
2311020023313
1110213100221
3112023100011
0112020131001
1310200100031
3321001300033
1010300011033
2100012230332
3212013310032
3211003000112
3323311310010
2220030100002
1110000120312
1111200133133
2122201232113
3212031013213
3001020131122
1330010221022
1123200011022
1132030102113
1123012202313
2120302210213
3322102210021
3323221011031
0322101202311
3223310211212
2223103021033
2302310022233
1102120132232
2101230120332
1122112023323
1131310020331
1112100003233
1111321001131
1231212203310
1210221013311
1102311203330
1000103123332
1201122312230
1022312201320
2202130231032
3102130200320
2111130231000
3203102210032
1303100122322
3303131012230
3121132013233
3210231321203
1122211321223
2333211313223
3020113003331
1021020003110
0120102020333
0010301032123
2001300122223
3220300130202
3230000210000
0200000011203
0000112123323
0230200201302
0323130120032
3023000122032
3122100031002
2022000231102
2320302311003
0220020211230
2311000000301
2221300200012
1210002010011
2111200020022
2210202001313
2001002001331
2100000133000
2130130132123
2112300012131
2311030012002
2210300011122
2223000210210
2122312020231
1110020111110
3330301131203
2012203103102
2221003133022
1220100323002
0113201303100
0210322011100
2033002100100
0000030110100
0330003101200
0330102002000
1300013020301
3011300211012
3310300110110
1213122001110
2011300013110
2120220200310
2020212231310
2022120130302
2223120132330
2222103130001
2022301222301
2322302121200
2332201233100
2102320123130
1133001203110
2030212312233
2230322112002
2323012210012
2332030110212
2322310213002
2132023110002
2232221113022
3232200113120
2220223111001
2223201133011
2133001310001
1100301010032
2123202201020
2133100201011
2312130020111
2313202031202
2131330102022
2023320100203
2203220100220
2102330112221
2230312131231
2120013232301
2020003131010
2000022121101
2112022112031
2100020102202
2100021312320
2120003211200
2211000311021
2303120031101
2203021200301
2320321210110
3202022012010
2010320110000
2322220112023
2020200132022
2232001020033
2032002011132
2200202130020
3030202121020
3233201212030
0121021331320
2020102003320
2202001303211
2300001213202
2002302112311
2320130133130
1201303031303
1021300200103
3213221012003
2001330113200
2221130310102
0221320103123
0323021031203
0021031003101
0020120011112
0210020132012
0103212310113
0232122100131
0232012230020
2320121331023
0102213011003
3332101211003
0022012200103
2220120213101
1020100213322
1210010313323
1102021000102
1032100100002
0132100013220
2013310231322
2231100221322
2301120222022
2031130320021
2003212302030
2102313030012
2302021000013
1230020122001
1230231201021
3133123110210
2201300012103
2013201311023
2321100022011
3212021022102
2212102020021
3120100213011
1232120022200
0023200102200
2020223010211
2112212033011
0012021022013
0202221121213
2022002103121
1220010022311
1201002001220
2222100031220
3331100311220
1100110333012
2312100003322
1023310030121
0113310200121
0010220100121
1220201313121
2212201322121
2010202123223
0222122012122
2000221113003
1220230111300
2210001002321
0201000131301
1102001031300
1120013321210
1112133102101
1031212302100
1123001311103
0022201211100
1001302311101
1133100312100
3311002113100
3221102211000
1213200130120
1003100311132
1223300112230
1201200212330
2012030112233
2212200111323
0132021121222
1100120321311
1000102321000
1033013211102
1030122010300
1121210233210
1032021020210
1312301202102
2123010031031
3100011133011
1201330101101
1301331012113
1322131031230
1002203110210
1322102113222
0132201012233
0002101200330
3102010113330
0011020113300
3331012313020
3301122312103
3300100123030
3112001211020
1301103213300
1302100021100
1311000101000
1211203201102
2322100311030
3130211323110
2210100113331
3222101012330
3223210133000
2112021001000
3020210313021
1030210133301
2330201003303
0302102103231
2032021102231
3222110221313
0120213021101
2330312211021
0111021000312
2002100301201
2012212313201
3011100330121
1312101331221
2312123110021
3012103121001
2102210222111
2113013222102
2200012003122
0011200011221
3211221201120
2220231200123
2033121300121
2021012230321
3003210220301
2000121321212
2100100211212
2100213113133
1011201032331
1212013013231
2310121023331
2302121322201
0201203120123
0221202122110
2011022122120
1103212123121
1212020112103
2103231112203
3122201022201
3112010022003
1320100020132
0111000221032
0022100221023
0231002111030
1320012030122
1112012030103
1121012020300
1221210000000
1121100013030
1111112033120
1111021202210
1311120200200
1223010332010
1320112331010
1202212213113
1021130321123
1030112033133
0230012012033
1202122021211
1100211320211
0100010201112
0132012020110
1200201122310
1211211133300
0111010233003
1001310023303
1202113223030
2222121221030
1302121212030
1322000111203
1312010220010
1202010012213
3201003112101
0221010323031
2221312103320
1122121101331
3221021020111
2210212022212
2121021032123
3121001201223
2221200101120
2223010202221
2232112203221
2021223101223
2200123100231
2200011133233
1200001020103
1233010220003
0212103102230
0113100310303
3211210003301
1002310310322
0020210212320
2202131021110
1011210201312
1031213123112
1211313123131
0310313102001
0221313010001
2122213100311
2301030100011
0230131200202
2001021100222
2122121012220
1221020121020
2122101023022
1231301003222
2020301031222
2220310311201
2202210011301
2302012113131
2222112311232
2213210012320
0212212120322
0211001233230
0230300112020
2301113312220
0013121220303
1123211222001
2313221122101
2303210220123
2330311302010
2321010300022
2312010302031
3130103200223
2032010312200
2232010222120
2111003012120
2211122301122
1010001002230
1001103003230
1010113023310
1112310122121
1321101321022
1020103312103
2030102111333
2322013111102
1330101330213
2331112221120
2323112132200
0002001122122
0220100121100
3032210012111
0311300123103
1131100122303
0333211002230
1223212110030
2032210210013
2011213213022
2011013311231
2331102210231
2011102231130
1101301130130
0020312210301
0122012103033
0021221130003
0311121231100
2321120030133
2222110000131
0123121200011
0100221130010
3120321130122
2201210330130
2200110030033
2300110333103
2112121300132
2231131000223
2031010021221
2233201010132
2230102010123
2203210131203
1212121020233
2333010001112
0321132001132
0321302111022
2131312201203
2000112203200
2001212103303
2111012210033
2010101221323
1201013211123
3202121200113
0211212201113
0111013311102
1022110031110
3213121220212
2232113001113
1223101200101
1110110221001
2101102020013
3013001032012
2312001131012
1311102103021
2331021021320
1113101302323
0303112031302
0000213130120
3221123001210
0010121113322
0210132113132
1303112210120
3021031102200
2210010212022
2003102122210
2001210212000
1220013112000
3220131201300
2303211030001
2323102111301
0113101131311
3101031030101
3111010332302
3111100021201
3131301102301
3112210120210
3202310123201
2301301113301
3032131030110
0201321101110
2023021130320
1220121102322
1123110212122
3221113030233
2231121031132
3121100302023
2121310002113
0223110200110
1221111022333
3001301101333
0202120111330
3033210103123
0321312132123
0022311121323
3211310310023
3111210201021
3011220102002
0230112313101
1202131111321
0222011223212
0223010113232
0230031113120
0203310102002
0032210101000
0200210101021
0132110030321
3000121100030
0031110000230
2131031103031
0301031001120
0101031131200
0201310311121
0222210112203
3002010233120
0013113112233
0131211302313
0033010112221
0011301100231
3211321100012
0303010010003
1031301102032
2301331101002
2003131012012
3133112300221
1203101023120
2312310101310
0200110302300
0100101302133
0001010013010
3021201000100
3003110023020
2220111032000
2201010203213
0001311000213
2013311002120
0212101230213
3020001001131
3101103011313
3230101301010
3210211310001
3331010010133
1100101112221
1100131100122
2130012101300
1003013103210
3001201212011
3200312010111
2012301101123
1002011311331
2310102101102
2303101202031
3121112022031
2310213112120
1003211321230
2113310111132
2120110011332
0011310310132
1011001130122
1201021123013
1110113303100
1331311300133
1311211230230
0112110222230
3201102020231
0201121032233
0221103112033
3302121103023
3001210021032
0031101210133
0011013012032
3000101131232
3000131112001
0220121312030
2200112321330
1302001113230
1213011222030
0010113202132
0322111233000
2100211202230
0011122120211
2021121001011
2001123110013
0223112111213
2031112031010
0110112320010
0200121123201
0111311220200
0301112230031
2011120111031
2020101102101
0230311321003
0202111322021
1031102113210
1300011331002
1001311202311
3100111220333
3003001120001
3333011022002
2320112222101
3211012202001
3231311300200
3300113030220
2123101120200
2111201213220
1301110300110
3223121111220
0033211231020
1000121211023
0020111230013
0321011222233
0121121022002
0202113002212
1200113001023
1021112001022
0211102010203
2102212121002
1210111233203
1330221110120
2022113012310
2211112322311
0301120110311
0021012110202
0110011111233
0211312112231
2302011023220
2131211030020
3001213132003
3002311203003
3313011201023
3010321121300
0111110132131
1100111131320
2021131013020
2033110133230
3210013103111
2303111233320
0231201123132
0212111201102
0031031120022
3012112312022
1201031131022
2033211120033
2200111220111
2311013122021
3101101312200
0110101210120
2110121113011
2010011132220
3210101130221
2111131002202
0213110131122
3311111322102
0101131213012
2002011210030
0000111013032
0001110331202
0130110223202
3210110303202
0012011030310
0210111000231
0323201110002
1222011010220
1130110002020
1123010101200
1020311101232
1031131012122
3310101221101
2223111301021
0012010211302
1121310111002
1211201102011
3320113201011
0230110010012
2003010111120
3100113112310
3122113122212
3312010112323
0302011311113
2320311221133
3200311111330
3213110013103
2111113301023
2110101130003
1120110110033
2112110133223
3120112133003
3120111032222
2112101312010
3211301131210
3121010011120
1011110002033
1101112121133
3300111321123
3021111220320
3012101222112
3101201111121
3023301112111
2201120121112
0001101121101
0020011131121
1221110211131
0333111201111
1121112302112
1023211102211
0320111003203
0330121111303
0130112111221
2011311211003
2012112110120
1103011120113
2321101211213
3111211011103
0132111211333
0301110121332
0300011121310
2102111231312
0300111220222
3010311110323
3030111212231
3321211210211
3101311210232
3023101010302
3331112000302
3102111021000
3310211013131
1332111123111
1313011121100
1132112112010
1110311110010
0023111132102
1221311120120
1212111032130
1211110120103
1133111102203
1333111032123
1301111102222
3010111031210
1010011010201
0311011113201
1003111130301
2131111233301
2311121132303
3211112111323
2013110310211
1231311011213
2310112130213
2203111130210
2233011112100
2330310100322
3310110012122
3221110100122
2320011013322
2012311130232
2302111301032
0101011100002
0112111003222
1112011112002
2111011320322
0101110020122
1311110231223
3311201110132
0122110101012
1321211113012
3112111102123
3312111020013
0211111103013
2231101023010
2331211100300
0311113120310
2311111111130
1211111301111
3001111011111
0031113101011
3320111110312
3232111123222
3032111013102
2213112100302
2221111123032
2231311110112
