--- Global Parameters ---
Code Length:			13
Min Codebook Edit Distance:	5

Max Run:			3
Min GC Content:			0.3
Max GC Content:			0.7

Using Generation Method: LinearCode (minHD=4)
Bias vector: [0, 1, 0, 2, 2, 2, 1, 1, 2, 0, 0, 3, 2]
Row permutation: [2, 0, 3, 4, 1, 7, 6, 5]
Column permutation: [2, 1, 3, 7, 12, 6, 4, 10, 5, 11, 0, 8, 9]

--- Results Summary ---
Number of Candidates:		53462
Number of Ones in Matrix:	7726006
Number of Code Words:		2262

--- Performance Metrics ---
Number of Threads:		32
Candidate Generation Time:	0.04	seconds
Fill Adjacency List Time:	11.59	seconds
Process Matrix Time:		6.72	seconds
Overall Execution Time:		18.37	seconds
=========================================== 
2223322211100
3330001110011
3330002001113
2033300011103
1333111222000
2111333113111
1211122200033
1133111000222
3033320333222
2333033323111
3222322200011
2220022200110
3332332221112
3002333001113
0033020001112
0022000300111
2200300222111
1003000222330
1220003222000
0033000202220
0333002322233
1000220002111
0011102220111
3331113303111
3311100133111
3313111003330
2331110333000
3331322233000
3331333113022
1311133321113
1311100011123
0001112000110
0100111300033
1000313300022
1101112200020
2100111222001
2221121103000
0333000301121
0003001001101
3033322230111
2303332211121
0012220011121
3330332111330
3301133311333
2111332211333
2113311123332
2003331113331
2233323311123
2003330331132
2223331112230
2203311132221
2323332322211
2221233313222
2211333220222
2133301112223
1133311133002
0033321112000
2233311033322
2003322210001
2003332312220
2000330011233
3300030012223
1100311122232
3330011302223
3330033312231
0003301100222
3300020110002
2233000332002
2233303032230
2223323033303
2223320002220
2233313220002
2133310002233
2111000202223
3011100200222
2300111000223
1020003000222
2303330002201
2011333002000
2000233302200
2200033133223
2230033322333
2213332332203
0113330330222
3302333022233
2123322122233
3213331222333
1113331203000
2023331100020
2123332330001
2303331130011
2233320030013
1333220030001
2223332313321
2221033300023
2213003000223
1233033311000
2223303310010
3113332310111
1211133230002
0201333100011
2030033100111
2100030001001
1100333012201
2200013330111
1110310022211
1113303001220
1103331121220
1130033132000
1000320320001
2232220222001
0103033002223
1112333000203
2311000100020
1110002002001
0012330001222
0223330022033
1233322300333
2323331233313
3323331312300
3133322321000
1333133312033
1333223311131
1123313312111
0333223000110
2333112100111
2333133001001
2203323100033
2330222330033
2113313330012
2313332133301
1133221200012
2133300100012
3233302211001
3323330010122
2113310011122
2123331011131
0133321003111
2113332231102
2133302313332
2322330001033
2332333002323
2331330003112
2223300201112
1330333101112
1031133311122
0111333031123
1113332122130
1113323202112
1123223331112
1123033300113
3233323000102
2232331300112
2233033002032
0113030001133
1113300200331
1103332200310
1133301201211
1133310311201
1213331300301
1321133300031
2331333032031
2230230300011
2211133003011
2221331132001
1222333002001
2223233023000
2322233312000
2322333030110
2223000300231
2223312030032
2233112011000
2103322301110
2232233311303
2133033101333
2233002001303
2130333110323
1110322300010
1133211101101
3133311011030
3303331221030
0212333022111
2220333021211
2203331021100
2203310120010
2000332202113
0101332221113
1313313111211
1331133022211
1131320200111
3133303220110
3313322200120
3113330023210
3133120001100
0111300011100
3013332111013
3003311121003
2331200020111
1313300022113
2213303021121
3312330021123
1121330020110
1131323001000
1121333011033
2121333222020
2112133220011
0101133010111
2113111300101
0011311300012
0001133101000
0032233301100
2133233322100
1300330201100
2212233222033
3313311130110
3133110300013
2331002300011
1331132110001
0333012130001
1211331110102
3223311000123
2223321220023
0323332200223
3332331210031
3002330110011
0230333011031
2323300120031
1320331110033
0131332200031
1110300310002
2233001110201
2220030111011
2223131101031
2332313111002
3332313030011
3131133322001
3313312331001
3313331213203
3033233312002
3231333122112
0222331100300
0213031110003
0013330011301
0031313100023
0211130200113
0011333120032
0313303302011
3200330002011
3011330032111
3013130001121
0233232001011
2113320310031
1112030300031
1332033100021
1113201220003
1222020110001
1132331110221
2111010010011
1011101100013
1112201000112
1222013300010
1220323120011
3230020100010
3223331203211
1323332111202
1233303321202
1233210300022
3023320011002
3210033100022
3233200030222
0013323002022
0203323022001
0003300322021
0033023320022
1330330220022
1123133022003
2233023330221
3212330220021
3222311130021
3323101310001
1222332130211
1323230100013
3133302002313
1332232211002
0202033111001
1333230302212
1332202110111
1302223200111
1233003010113
0321323330002
0022202330002
0012223330011
3113130320002
0003233020112
0033203130111
3213300131011
0033320100231
1133323021231
2233032220231
2233022112022
2331332100221
2111331300231
0331332332200
3332330202200
3033313123233
0333131100321
0233313012023
0031303002202
0033300223122
3033130302223
3203331330121
1231331333221
0223033322201
3033033221222
3023330113223
0033311213113
2233111330130
3233111211123
1233231321113
2330331311213
3122323311121
1112232330122
2203133011013
2003321221122
1003303002123
1100331031113
1023330031211
2232330122311
2120233320021
2123233000320
3103033311211
3133131321122
0333132221211
0033313230201
0331301122211
0003310130213
0003131332111
0003133311203
0031332231101
0331303331131
3222330031131
3233133201131
0113331322013
0022331112110
0233301133110
0023332223103
1033013330110
1301333130113
0013033231112
1213023320111
3111323300311
1113133233113
1132333133133
1130030333111
0113003331103
0321331331110
0133133131223
1131130231110
3103303111021
1203301113000
3103330131002
3111233310012
1112033021101
1130301311122
1130313310030
0103001110010
0020333031012
0203033101122
0023030131100
0333103012112
0332323102111
0031301021110
0033132112122
0333232110100
2033131311020
3313132311100
1131313130121
3131330130311
1133032110123
1013332033021
1211333133210
3301333012121
2100331322121
1113000301012
0130331301010
0113323323101
0033033132210
2333031010210
2023303012213
0031330212213
0303321200211
2013311202211
2001333110212
0330303321012
1332223301012
3311033001010
2033233233011
0323303113101
0333013312202
0313332301320
3013303322310
3323323003201
1332331332003
3123033222121
2233213212101
1233312231212
1313320221221
1233310022132
2130332022133
3103332322322
2223113321011
2213233232110
2133211332112
0231311301113
0001331011132
0011131110121
0111311021131
0113111222133
0033123122113
3031131100211
2103311321133
1331032232111
1313303223002
0133002210002
1331300221001
1310323130003
2333213133022
1311302101011
1113011211002
1201333021002
3003131101102
3203323211012
0333220111012
1310332020013
1331131001103
0133003032201
0023133012101
0213311212012
0033111320333
0013313133103
0011133303201
3121133000221
0101333123331
1133112111320
1113213301130
1121132130022
1333132130230
1113233102202
1131033002102
0231303010012
2231330202010
2221333201300
3211332313000
0211323320010
0111302322201
3113303233201
2013330223320
2013301010023
1313301110303
0133103310311
0113113201221
0130333032311
1033323130320
0110133322212
0311000332001
3113213133111
3330322013111
3233003222132
2333030232013
2333021322003
1133101102003
1331203302000
0123310322000
1233121322011
1232301122001
2013003222001
2003031302001
3103233302010
1233311320310
1333101320221
1321333003223
1033002220100
1103002000120
1113112022010
1113320123022
1123320102100
2331001101100
1113032213221
1132332231311
1332022010031
2200330123002
1103323310300
1110331123301
1313031120101
3323113121121
3330230100121
1332231220121
1122332203122
3330031211102
1333001122310
1033133021300
1030313201121
1103031210131
1021333210131
0013231201001
3003313102311
1003311003031
3002331102220
3313232020211
1133100030213
1311310020122
1113110001302
1131231032011
1312133311201
1223113112002
2213110101022
0211310010020
3311210300021
3311131010201
3223131210010
3102311100010
0103321102012
1003321132110
0023322111310
0123311210210
0233131011230
0332330111232
0232331222120
1232332102022
3331110022021
3133122022212
3312332122210
3131333101232
0323331001332
1033301120332
3023323330132
2333121120132
1233120100212
1123110100201
1123312220301
1123131001311
1033010011020
3103101001113
2233211001221
1303312301221
1332113101222
1031331031022
1331310113212
1323033002310
1003033112300
1003031011033
1011133012220
0213131122100
0011301112220
1132010110012
3113023301222
1123220010022
0311320200022
3312322210003
1100332310023
2201031210001
1220310100032
1203130023111
0220111330002
0222333123012
1210323331101
1203322111223
1120322201113
1133220212223
3113322212330
1313323020330
1333122202023
3133132120033
3113112210031
1131233301310
1232213111010
3131131011300
2120313111210
1203132120222
0230312110121
0313321122031
1332320222013
1133223133313
1003322023012
1223222130031
1323322013023
3323312230102
1331312300132
2132311230113
3232310200030
2023130211003
0031103011003
0030130211131
3331302110313
0223001120021
3123030103011
1231102220022
1230311230023
0103032220020
1131322303222
1033223332211
1230323322210
1132033322203
2103320322202
2311313222012
2032133112223
3132331032213
0122332322131
0113001312211
0123320213121
0330120210011
1103321213033
3011332301210
3113131332233
0301033320211
0210331331021
2103310023311
0013311030230
0011313323300
0031113113222
0131132333211
1131110322231
3111322232101
0231133222321
3323133202232
0231313202220
2232132322230
1213310321230
2201133321231
2231130021223
2113032100213
2211301022002
2331003312220
3231103310221
2311303030220
3331310031220
3233312313220
3331122300220
1003110122020
3300311222022
3013132212201
3313112112232
3003310223221
3331030023222
3212331312231
3112300332220
1333002033212
3323310333231
1131230210212
1003212310002
3300322202001
1003231122213
1030300102211
1130231102113
1301321221012
3331023320112
0123302323112
1222300022022
1022323322002
0332133303122
1213113303112
3311301222132
3321331102103
0223130111213
3301130200231
3101301202111
3110031020031
3113013000331
0330103102221
3321322111220
3003322101020
0133230311030
0133123033002
0032212200010
1033102022031
1113102120231
3010330022032
3121110002002
3100300320222
2211100213000
2013100301000
3221313003000
2323313303320
2223130033221
2330211310010
2331233230100
2333231123030
2133212223010
3303121020003
2332103120003
1221301000101
0112230002211
3023112200023
3303301120123
3311130312023
3110332320203
3122302020003
1322303212003
3223321301030
0022332313001
2031223311001
1011322321003
1013322131200
1122331312020
3302323310020
3323203002002
3310301002023
1132130201202
3131213020010
3233223202033
3332231012100
0023232331021
3003132130021
3103130122203
3300133131222
0313113023003
1031121230011
1031323320123
2011323330213
0213013330023
3131310333023
3111232302223
2223213300313
2213212333000
2113022232000
2211302223113
2311003221110
1132300113110
1323002001021
1132022002221
3213213200222
2110133200220
2131322010210
2130330121200
1120302122200
3120331100230
1032310100220
2330232002220
1003122200221
1321230120222
1230322020032
2333012302020
2103033230202
2130113130222
3133000120322
3131312000322
3233322132312
0232322311222
3313223130201
1130001330220
1202330330220
1102300302000
1101130330013
1132131023001
1130232303002
1100330023322
1213302320322
1213232223300
3112233320300
1322320330201
1212303322030
1311233220230
3232133021020
3230310220201
1230133003202
2123013020221
2221320022011
0211300202212
1302133113000
3022133311010
1102322122020
0023213000103
0033112001203
0103113003020
0003110233001
2033110020102
0130103200022
2130302203001
2031011020001
3221210120001
3312131100132
3320313022013
0332130022012
0202330021201
1300030130211
1302030320012
2130103322010
2133100203200
1330323233301
0032013321001
1012313232001
1303000321031
3302320031110
0323221011031
0133213123221
0133121220322
2033112233222
2032132100012
0012332212102
2010333132102
1302311200200
3023111231100
1131121321100
2330131132020
2113011102030
2201311202003
2003012220203
0201332202233
2013020220222
1100031220223
3013311323202
1212313130202
2311320032003
2133210200302
2303223103000
2231322203102
1303111203122
1130111320123
1231113210013
1231131030033
2010332000312
2111001330033
2031113321203
2113010320233
2331123003030
2003113200131
2212131130030
2131300230230
1313111231311
1323131133120
2300310311200
3000312000213
0103212200121
0301321130033
1001310111010
1110131130100
0301113031001
1200311211101
0121131330101
3231211330031
3132321130032
3111321113031
3111312133012
0123111203011
0313111310302
0331123121002
0330312231002
3310012200030
2331112120320
2131122313002
2030310313002
2113113033200
1103121030200
3011221110002
3011123202001
2101312330221
2011031230022
3301031300122
0300231300221
3301332230322
2300313200302
3330111210301
3311311320313
3320303230221
3130112003000
1303021300100
3013103021102
1103211230030
3013100220013
3010131333011
3113020330301
0113132130303
0130112230013
0133101023010
2213102330102
2210310002110
0230013233001
3330301221300
0100133120013
1110123221001
0310213322000
2310100122000
2101302122013
0213002220033
3231222120020
0333122323030
0223120223000
0132332310302
1212321102010
2112323211010
1122302102031
2012310200103
0211330103301
1011203022022
2211220201002
2231123032100
2211102000320
0213103200301
1311102202203
1201133032203
1132311003100
1221112310030
1221313231021
0111211223000
0311130121030
2311122002110
3211022000111
3100232200112
0330020222112
1233020222302
0333202331032
1123100232012
1100231003010
1330211003022
1311011303002
0222111000220
0032221130020
0031232113011
0123131310330
3223133233302
3312221333002
3221113130220
0322211010012
3033010133012
0022111222002
2221130223022
2223222303022
2303232223022
2213230113020
0013202221022
3201230330022
3121312322102
3023223222010
1231322110130
3133012231223
1323202012220
0222323211201
0102230110003
0232220300033
0022231120013
3011222001100
1302220001000
1122202300100
2310302202100
2210311130300
0102311333003
0303320212020
3133021211200
3130332103120
2103232001200
1321300023200
3103002122112
0030320010102
1100302221102
0202232200022
3212322011101
0212230101110
2221220300101
0222123322021
2132232320212
2030220020012
1001220222000
3031211202200
2303001020232
3132032022032
1122022030012
3112021022000
3101121222010
3213100122210
1312212121000
3223112332212
2312231120202
0302213100030
0320131102200
0211031300200
1012130303002
1032113122102
1121331322332
3213031323010
0322321113030
1023201310030
2000232120003
2200233230031
0003222300130
0032220122211
0032231032201
2221103113012
2223230132102
0033223213202
0001132203222
0233211233200
2232212100200
2322201110220
3222301032200
1311200110200
0230113201102
2033220010300
2213221003030
2300032200131
3203212300201
1003213302233
0001322122230
3011132232030
3032223200300
3032323232203
3033021220330
3022311122231
2321311130231
2322312011021
2300312022101
2322321031002
2321331213122
2333232032132
1332221322300
2302213022002
1333211323323
0003011103320
3321123200203
3201032220110
3201320200300
1301132221130
3301310010302
3021131012003
3033200102013
3221103032001
3111033013200
3101103002030
3303213323100
1202332123100
3000133322130
2300233321120
2332213003120
2132223000230
2132120220023
0132210022200
0113222013220
1112020202210
0213122301211
2132132011103
2322130302221
2313210321222
3311031022302
2113031301302
1312030002232
1313003322321
1113013122303
3130321320231
3303210122011
3330212320101
2331212211031
1122303320232
0112132120220
3232002220220
3300012002231
2333201222123
2220313222123
2303122010112
2300133010231
2330302101202
2131321101312
1313121010223
1312310010230
0300110130020
0300321120110
3203303012320
2013112130120
3211320122120
3213012111201
2311201211003
2112310121020
2132313213201
1332010212211
3123101012202
0320310300102
3313200132022
3223201220212
1030003202023
3123000202102
1312002030020
2320223230010
2320302013010
0230030001210
0221133020120
0332321231210
0331211302120
3031213011120
3011312102122
1312312203110
1320122200102
1301222132021
1332311221322
1223111301322
3330132332103
3210133302113
0301123100120
2331010221122
2311030031101
0330101311101
2310310033020
2321011321101
0301131021013
0321302001120
0323102202122
0332112112021
0311222021201
2321121302102
2322110211100
0122131300213
3203112031110
3331102213101
3331000202310
1132031221130
3223020022110
1303202121110
3030112112111
3101231131101
3131210131112
3311012210113
3231013220103
3203013221210
3233101003311
3303132203312
3303101133322
3223010203022
3330311033132
3332301031103
3231320301203
1330102031003
2312311311033
3030202201000
2130111033111
3201312232112
3101323332122
3102211222100
2101210111002
0002212011100
1001231102022
3232130130122
3212311031122
2211000301122
3131000330121
3310123121211
3311211312210
2210113100213
3321113331322
0332211332232
3302111211012
2031202100102
2021031211100
2110211001102
1102113302122
1302130312111
1102133101210
0021101000122
0101100200100
0122312121203
2011211330102
3122103211001
3122112301011
3322110330113
2321303301311
2120113102011
2301221330111
2013210012111
3013112011133
3111031110133
2131012100033
0201110111033
2113121121033
3120123322111
2121233210123
3232210002101
1232110021210
0122231031102
0122213021110
1132221020103
2330221011103
3200222111021
3320223311003
3033221003103
3332121131023
3321320012113
3321101020223
0333210020133
3131221132223
0331222322103
3232223022122
3202231002112
2202313331022
0120132001112
3320030001132
3133232331303
3000323233110
3230331321311
3233221221321
3322233233013
3320133232120
0132232112233
3222323102233
0322212331122
0322210002223
3302221011222
3030021210022
3231001131002
3103201210223
3332213122133
1132213222323
2211013122233
2332201312021
3332031001301
3321003321021
1310111321022
3030110011222
2301110312122
0300113021122
0131203311222
3101321001223
3111001021012
3100123211221
1200113221012
2030021101003
3201031101020
3110111331221
3012112231022
3110331311320
3112330113312
1321013011221
1301301102301
3230301210230
3213001102122
3220031102212
3302100301002
3303202003122
1210303012212
3320120301222
0130012202110
1233220231103
1222001301102
2232103031112
2112103001123
1321121011130
3211223311132
3013223323113
2321132001232
3322011000232
3222110011030
3212123130110
3320213010110
3303011313013
2331203131013
2003123331010
2030302312110
0331020312010
1313210032210
1212112301200
1212002001110
1023220211120
0023012121112
3231101023120
2123212331202
2311101120312
2003213011201
2110123012012
2132011101202
3100011211130
2300031231012
1032303033122
1332200013222
3032220311202
3322201201201
3322010222031
0031110122301
0331112002312
3132210211213
3210231220122
3221022101012
3232003232011
3020030332201
0021033310220
0030101212200
0221011122010
0220100220012
2003102120113
0310110022232
0222133010232
0203103122121
2230002031011
2231011032211
0031010030223
2013222100322
0211123023202
1311312233202
2001110021211
3230001121121
2031003211121
2330123223121
3001230322232
2011021022210
1132210333221
0232022210101
3001000110101
2022231002021
2002103002220
2032322131013
2323220001213
3200010010013
3222101331012
3211000220131
2110001320110
3201101312011
0221100310110
3121001000130
2230001230100
2112003113001
3132200123000
3132310223310
2201122311200
3200112001202
0210111311120
0223122110301
0211121310103
0113210021032
0112111312031
2210112202031
2200010131000
2110220312220
2102213320201
2130022331022
3121020021001
0121220111200
0101211101220
0330011131230
1130222111230
3301011103210
3012032310200
1301000301200
1231033101203
1131010120300
1221032001220
3012302110030
2212102110013
0223203320100
0232203302210
1212000332211
3322133212311
3322031113113
3313203213112
1302013322231
3003023302121
2103221012123
2301022122201
2220203312201
2030321120301
0033021133302
0213320331302
0021120331000
0112130333100
0322132203101
1321031231201
0321122211013
2331320211320
3032102030101
3102123001022
0132120302011
3131021231031
0111031203101
1101033213012
3100301332013
2311032012213
2311021311123
3130220300103
2231031231123
2320303311232
2330320031231
2213020312013
2110303032113
2310223331113
0313002021131
1101032031211
1110100013210
3201113313103
0133011033313
1330030031312
2323000331301
2033003231310
2010032331003
2220300231200
3230032331130
3300230311031
0302003011010
3023001011231
3010233101033
3230203111032
3220300310213
1330022320213
2213321031133
0331203013021
2311123010321
3112101103222
2313020113111
3203210113121
3320301023101
1323200031132
0323110113023
0323111021233
0300312100133
3031120220233
0131222020300
3303023111233
3311021230130
0331103322330
2322331223230
3112223012113
3131113121333
1311321103232
3311023213222
3131023022311
2013203001232
2202100331100
2103101310132
1000103101011
2332220333110
1230222132110
0320100021110
0331000111322
2231301201321
2233201213013
2132032333013
2000201330012
0332201230013
1132212310133
0313201313200
1211312032300
1220033313121
3030102220302
3112013010212
3012211301222
3102021300220
1011213310231
3100121002101
0012011001011
0030020111221
0012301002113
2201211000132
0310212210210
0011013222023
2001021300030
0101011032000
2301010030032
2000102110201
2020203010002
1330010122033
0010312201033
0012320103003
1012201201010
3212211003021
2312220030212
0312122320202
1312220323220
0022203322233
3222031232030
3322023032020
1031122201132
0331320023301
0021102321012
1311220003121
2113200231213
3113220113132
3023222120232
0331100313213
2330122001322
1130122130132
2012200330221
2221222033200
2311023332231
1332023232232
1332233203233
3302220233021
3030232020132
3213222033121
1132020331120
0211002110211
0231000230201
0130023321200
0030213312031
0121012220200
0331021010232
3120110132100
3120133220330
3122133030133
1211213132013
1013031333213
2310313232131
3232013330230
0321123033210
3032111213210
0202113200211
2221023202202
3012232013012
3320123020312
3312210210312
3213022020320
3213023112130
3233202013130
3232001101310
3212013203100
2021222021010
2210120310202
1020213111202
0001232302101
0021212322110
2020110022023
2032230332030
2032100132200
1032122231220
1030230311220
1011221032030
2122030112100
2132013002131
2203000313120
2200322312122
2112022302102
2002232210221
0002332220331
0103301221301
1112103232130
2312202210232
3012220222132
3332002021322
3132202210301
3311230213300
3322200213030
2312313212300
2122212201300
2322123121130
1022103012110
3112321003302
3212200033010
3022213013001
3002322321131
2122100301131
0023310313130
2032211313101
2112223133100
2103201331230
3002201311211
2302002311221
2300202112223
0012323132120
2312001122103
2010300112121
1031021112101
1032131012131
2100210101121
0320010201221
3202312112213
2232301231033
3323222023133
1002002211101
3021132213112
3011321312133
3300221031013
1011102131130
1021323312310
3203233321330
0011211212130
3101132121320
0332122213132
2312323113213
2011302311322
0332101101302
3020211130103
0330121112233
0302322131202
3222100113211
3202200121202
0202120010200
3102130012301
3102331223303
3030231221023
1021321211023
3302312313311
2200132113111
0121321131132
0312303312132
1002311013112
0013211122312
0023110220310
2303110022300
2111213322320
0111213200312
0303110100332
0110212112013
3211120131321
1032112010312
1021032223002
2011313201332
1010123020103
1001302320130
1101311302323
2001323012033
2031332313133
2031310133113
1001103031113
0103123302133
2002303221013
2023132232311
2001003120010
0001230031200
0023001302203
0010222012002
0101302310032
0010232110223
3011020031013
2100202210020
2200102022030
3003022310310
3230123023011
1121010202120
1021013032101
2011012232201
1120120311021
3100100213002
0200120030031
1031022003003
2002010023000
1002001220022
1022201130121
1102203131012
1100220113000
1101222310203
1100100331030
1022331033103
1102200100131
0130200100210
1022013002213
1022110231201
1012233313223
1212010120023
1120022010223
2120032201030
2020233231130
1002332301322
3020330233122
0302331232132
3020312013102
0201331003322
0231233203023
0231231130322
3001301123032
1032101313022
1003130321312
1233132331332
1030113332301
0232111032013
2212201020213
1000131013222
0301011330203
1302301012032
1301001233010
0011001303110
3010203030112
0110032132112
2031103133031
0111200103022
3112031230232
0120031232100
2200031320103
0002001131003
0303210231023
0302212202212
1000122120120
0110010002121
0300030221230
0002320221223
0100031131202
1200011120210
3001011120130
0330301012313
0200130132210
1303101301303
2101202320122
2032033310312
0031220032122
1220021002020
2000121032003
2000123301302
3221232010032
1212123302131
1302123221213
1121023222103
2212022201203
3021221221133
3001201201122
0002112030202
0002331331233
0010200122031
0010031012120
2001002302213
0321002100203
0101202112103
1301022311212
1031001231212
0100101202212
0003021322212
3010013121132
3100131330312
3111012112310
0321023311300
1001022212113
2122113232233
1100011333102
1110101231013
2110102113102
0120110221132
0131022113120
0301002113112
3203001130311
3023031310322
2021301221302
3000110110321
3321321310331
3320323113132
0223212310131
2221012201133
3031123331331
0011033021311
0013120330313
2113101032312
2121100331223
2301300323123
2112303012322
1031132303313
2230131213103
2220330130313
1210301201132
2231121131233
2232211131323
1231213121302
0101123322302
1201001032112
3331210003323
3332120123212
1032120332113
2033212102133
3032121112303
0030011032131
0002033103211
0022033320132
0022122112032
0031001120233
0310032120302
0100312322311
1011002213020
0132002030113
3213220010233
1201122002232
2111220302303
2011213003203
3022232032130
0312023300130
0322032311023
3120200011023
2012001101223
0100110232223
3320003211123
2120002100123
1110221013023
1321030133023
2220301133022
3222033211322
0220031211220
0220302330120
0221003233111
0223301211330
0212330013032
0132301330321
2213112122330
2233102323213
2313122212313
2123120112320
2333120302331
2023210323020
2002320303211
2102332213212
3212232231230
3020110103030
1030001011303
1020001103111
2120101213110
2322111323310
2221311021320
2210133013132
1200300131123
2102113131131
3130211013221
3212111022323
1223100331313
1221023111230
0233222103230
0223022312230
0220230100203
3122131133200
0322033133220
2032301303202
0203123201232
2002132231123
0301013233130
1200101300121
1220121320130
2112233201313
3200111200313
0121001313102
0120002022111
1010212232102
0101220022130
1201220230210
0221001330222
3120103121223
0021001032021
0322003002301
1023023123211
2000302023021
3020102022103
0102300013021
0100220202021
0102010010123
3020010221120
3101122213133
0121130112302
1300200302122
0010023303021
1112211332301
1101001011232
1201000100302
2330100011330
2210110011311
1330112223231
1311132023331
1312110003031
1021112012233
1300211212132
3100223120130
1202220320123
1320222131213
1300223220320
0030322033210
2022002321210
2000220231102
2223021321300
2322302203213
2323100223223
0001022333100
2022232113123
2002230003101
2020120203111
2202300202320
2202220113130
2022020101230
3022020020223
3202202022131
0200200332020
2021020131122
0021203312121
0002123113112
0003223312301
1002212130113
0130202233111
0011010333121
2101200223211
1210101022301
0332001133201
0120010333010
2012010131212
2220121033102
2230021113213
2220123130231
0221231332123
3221122303123
2321212303223
0002321233012
0202310222133
3030312021331
1220210302103
0123221233213
0120201230201
0112102011301
1131120103303
1131201213123
1101213313132
0210202203120
0132213303330
0300120231133
2300102223132
2211202331031
2310121103131
2322213031313
3112011323113
3022022313122
0221002221320
2221110330303
0010032213031
3000202130131
3300100321233
3003201221313
3200332021303
0300232021311
0311230020313
3122212320313
1021212203103
3032201020320
1022020212202
0320132013302
0311232233033
1202320002033
0102123232031
1010023222032
2031230222303
1032302021313
0223102313033
2022312322312
2331231333233
0320022313012
2110022112301
2210300210322
0020002223013
0121230223013
2120132233133
0201121202311
0022112023113
0201103212303
0210201232003
2022122320013
3020220303200
3310203223200
3010022232210
3130121333030
0100012133021
0100010200320
2130010303230
1001203130230
3102003230213
0102301231222
0223210333223
0123200022310
3123200331322
1211023130312
3102302033312
3023010331213
1203020323201
1123002223203
2332300212332
0202300320312
2000200032230
3210001132230
2223020103103
2201200030103
2102003121232
2320022121033
3322112123233
3110033233311
2100023222310
0130001211233
2130101221323
3001010012320
2300012123222
3200213112310
3032130232321
1120020323122
3132021321302
0103202302300
2003223230333
0032003013212
1300212133002
1320012303120
0013230213230
2101132000333
3113203031330
1112321231323
1330121033220
2300220332203
2302330132303
1312033323302
3230302301332
0230023012133
0330231321303
0023032032233
0030222001313
0002323100313
0002022013201
0320300112330
1320002111312
0121203203030
1223220203330
0201023103113
0001023031322
0121103132321
0323103020321
1221013020311
2232023200323
3232102212323
0223012223311
0222003203203
1202233023213
1220002230231
1231012230321
2221101300332
2022003103013
2120013010133
2320110001303
1230102000133
1100022003132
3011022302312
3000223321032
3000230102323
3200022212233
3230232032322
3120201003212
0232031203222
2303102103233
1233001203233
2231020321133
1110200112133
1001300013231
2221221002323
2201213023220
2210010023212
3210221032310
1303221003312
0313021213320
3101020202322
1003022232322
0133022303323
3300201232321
2302000332133
3330202132333
3221200332233
2021000212231
2202021322132
2002121012232
1222010331133
2321203213233
3002130213203
2022032020303
2302321022313
3302102322310
3102000321311
3021310330320
2012312303230
1230202021231
0322022023230
0210312213223
0220233221333
0332020032311
0130213113133
3010202212311
0302023212322
0232032312320
1133201003320
2320001233203
1200021221303
0020022100300
2103200113033
0102203220033
0022012131031
0020200023132
0010320233221
0300310233232
2210230003313
1310303213310
0203032113313
3002030131313
1021203233132
1332002213303
0221322313303
1130002131331
3300022133310
2001221123203
0012013332310
1310120322313
1010003331313
1230100333232
3210103233032
2122013030302
1020133213213
1101322112332
1123031113233
1130110212333
0210110223330
0230130113332
3201221220032
3201012333231
3122021233110
0200023113030
1220202303011
1120233113032
1220132103221
3321032202331
0313213232333
0220311323203
0120030130322
3011030133232
2021133030323
3131002313233
3012300223331
3120112031233
3212100012312
0110211233123
0120323022322
2200030212313
1010310223313
1110122233230
2211032213311
2211010203303
1101110013300
1031110233320
2111003123313
1011000120321
1112001013313
1123102021332
1112330321333
1021230023123
1222303223133
0121010323133
1211003023033
3011011322331
0312103301333
3102313003323
2122110113303
1021122233301
1032011223300
1002111310300
1011121303321
1022102120300
2023212010321
2122002310320
1221230321320
3212202300311
1210230310321
1310200100323
1231221033131
2203023121331
0230223311321
0200202231313
3020202233233
0021211313033
0021310023312
0212231323313
0212021312312
0232120031322
0311020131333
0112023002333
3100222302333
0102011122333
0010310132332
3121000222333
1012110210323
1222130020323
1023123031333
0102112001332
2002213001322
1001120113311
0001312223323
1001211221331
0312201223302
3111202233302
3100211032303
3102122133232
2301030313321
2300320130332
2320031012331
2022131103302
2031203112333
0001032121332
0020301123221
3302120102330
1012020313301
1223213133300
1230011331300
3020011123302
2202123213302
1222000233312
1022032213310
1002223133222
1020320103322
1120301203330
1202031013300
1000123012330
1021301132330
1331022330330
1200210231233
0232211013311
3101212303310
3222320133310
0022200313310
2022321302331
2002122023311
0022233023320
0332230233322
3022303123323
3002003201323
3212323313323
0021301013323
0202203033321
1302200112321
3221203133322
1112120310332
2020012033232
2012002300332
1210322033323
2121033033310
2102022330331
1102022023303
1032202133231
1322021223313
1322323011331
1122203312331
2101222003231
2231220332332
3031212313302
3212122232332
3230011213332
0010122203332
0002122211330
0102103111322
2121011103323
0201011131301
2202010111231
2000110031332
1320203200331
0102232133311
0202110121321
1202013233320
2212100133301
2202212231331
3221221123330
2011223222331
3202002031330
1220010121330
0310102103301
3122031331331
1220211310332
0232321110333
3220102110332
3202201133033
1222112030331
0020011230330
1312011213331
3122230100333
0321200010331
1122020133321
1020220221232
1002100320331
1002021103331
2200202003332
2031020023330
2220001202333
1321312102333
2030233323322
2110223203322
2110011132322
2031002033322
