--- Global Parameters ---
Code Length:			14
Min Codebook Edit Distance:	5

Max Run:			3
Min GC Content:			0.3
Max GC Content:			0.7

Using Generation Method: LinearCode (minHD=4)
Bias vector: [0, 0, 0, 0, 2, 1, 0, 0, 0, 3, 2, 3, 0, 1]
Row permutation: [4, 7, 2, 0, 3, 1, 6, 5, 8]
Column permutation: [8, 5, 10, 13, 11, 2, 0, 3, 9, 1, 4, 6, 7, 12]

--- Results Summary ---
Number of Candidates:		194433
Number of Ones in Matrix:	39010632
Number of Code Words:		6393

--- Performance Metrics ---
Number of Threads:		32
Candidate Generation Time:	0.13	seconds
Fill Adjacency List Time:	58.46	seconds
Process Matrix Time:		45.06	seconds
Overall Execution Time:		103.66	seconds
=========================================== 
11122200111333
00011000222333
00221211122333
13331112223332
33300111222111
30001000200111
33000112221222
33300022022200
32221311222000
00300022200021
33311133111222
33111333202333
22002111333111
21112202220003
33322122333000
23112223111000
31110222333222
33320001333222
10003000111222
10001110011121
20001110322111
20032000333111
11033300300111
11333000221333
02221222331133
00011122212133
22001110001113
21300033000111
10013033300111
11211012220003
11211102223330
10113111222000
31110002322202
22000222120011
22000111220010
21110011222003
22113011122333
31130002220333
20220222122000
22000322200033
30001122200032
30001211100033
13000302200011
13332000200311
01000332200022
00020001200022
00221112000222
33001113000321
30002113300011
10200023300011
02223220003332
11222022000311
31120333000311
11003223000111
00022011000111
00022211120013
00022111330002
22122111333200
00021110002000
00222100333100
22202003332000
32220003222111
11100033110003
00222113332220
23222333000100
11133003330311
12330003233311
11233000333022
22233303033312
22003330133311
11133002223111
01000300233111
33001000331112
21002330330011
20002333200021
11000222322022
11000333222020
20010033222000
20111333222320
21112333221200
23211133122200
22212001222300
21112312223330
11120333222331
10003332322231
13003332223111
10033111222311
13000323222333
11120222322333
20003222022211
22000230022000
20001001222113
22000112122233
21002111222300
33000331112233
33300333022112
33000133223312
32003332233322
02100332223330
11101033222300
21110003300200
11000322002000
20200021222002
32220333220333
12200030022333
12220003000131
02220033303312
11211033222133
22111323222033
22000331211222
03113222122200
23331222122203
23331000322200
13331002220001
20010111212200
22111222031003
00212221322233
02211122322330
02211221220033
03222111012200
32011222022233
31132211222333
10112221132333
10002220222030
23002220020003
23000200022232
22330300022230
22330033322231
23303133222333
00020020222300
00201221222100
01311222111033
22122211103003
11211121000100
00012221121103
00223111211100
30022212111200
33122211220200
02322233222000
22212232232000
21121222323000
33321333222003
23331333022201
22002212211000
32301000222003
21222332220233
21022233220002
22132333222011
22333113322210
22201101022203
21121313322203
01220111222303
03122202122233
31222022232200
02220220222130
23322000222133
23020003322230
23320010022000
21122022022300
13122322212000
01122202211300
00112132212200
01212122022000
00022122200200
10122213322200
22011220322200
00122200222001
30211200222000
23112000222011
22202030222010
13002200222111
30002002220201
12023221222000
10033200222003
00303332122200
00332122200033
10203233322000
12233322322000
11133322122230
11022132220100
20222022111003
00202220100033
02221022201100
11121222010030
10122212231000
11220221321000
13100012221000
03002013222000
03330122232000
22330311222002
22333002202000
03000222110030
00333022202223
01133022233300
00231222333000
22233001022211
22200211223200
02022211223203
20221121312000
23221121223003
02011122121000
21211023212000
21110002213000
10010002210003
13111222100103
02211102233000
20011101223000
12202102212000
11120211202000
12311123222300
33311032322000
00311003221000
03320223220003
33112232220030
03121133222330
23312112223100
21101002220020
11103301122000
11211311322300
11223331113000
12210311121000
12230003321000
00220002311000
11322100122200
21022112002200
13221110211000
23322212200020
21122212300100
00220222300020
31220123122200
32122123221000
02221212123300
22202121302200
12200222000220
03331223223300
01112111233100
21113112021000
22311212020100
32111322210100
21112221003233
11022231322203
10022232212233
00022212202022
10032221112230
11133221110100
13313321222002
33310331112000
22131231112000
30100221112000
11311302221200
11132003022200
01322012221100
10220322111200
02101222112300
20002223223100
20003302223220
30333212223330
22003223222330
33222323222330
33133320222300
21113320122100
22110302112200
32000332022203
21200033112200
00112110122230
33111200022230
00013010022200
00023311122203
02220112021200
31311122012200
33011221112203
23230122112200
12223031212200
01333230022200
03000321122300
23003222133000
11002221133300
22330032221100
02102022213000
33211021221100
22321211131000
02220113132000
32223101112100
02220032230300
12200232333000
22212231100100
02211101101100
20321132211100
22312221331100
32210222113200
12102223311100
11222031011100
21322000111000
22200202212203
22200022203223
10200022233003
20100022231200
21001222333220
23000222302333
00112223232300
01223133323000
12221132323100
22201322331000
22213133223300
11132232213200
01001012233000
00021321233000
22002220232002
10001123111000
11100102111200
11210220011200
11120020033000
11222110313200
13121122113300
13012212011100
11011333211000
10111301112100
11011000111001
22212133111003
22011120112003
20223113222103
22133302221002
22233222311200
11221312233200
22232220202203
11123223000200
31113322232002
21133323302000
01331330221000
31330220223000
23303023221000
30002022321000
31003223232000
10021222320003
22130132322000
21332122210200
32211121323200
01002203322003
13332221312000
11122213120330
11102233123000
11311221302200
21113113132200
21011121130200
20033313220200
22033322212300
21323131222100
22233122121003
12233110221100
12231300111000
13223310222003
22023112201100
32020322233300
22322231211003
22120232223203
01220322232003
11022122123003
23322122212333
10121232111003
21213223221003
02211232211030
22311123111330
21222331112333
20111233112233
11222331221303
10222311132103
11122331110130
10222110111330
22022332112100
13223322211130
33133312221110
02013332211100
22000233310100
32000111331000
12000112211203
31100032211100
22331113211103
22111333121130
10112002221130
00132302022000
11333220200030
01310332220003
23110322201000
31102220300300
12212332201200
22032330002200
01220333022300
21223231120200
02211333002000
00111330332200
11131030333200
02223232131000
11223221110333
20011330012000
22200330121100
22200312211130
22231232111333
21211133211333
21110023211130
21221000212230
21000333121333
30001131221100
31123311121200
21203312111200
12112133113200
21113312111033
30022330121000
00200310111000
30213222011000
00022231001000
00112220100200
13331322111003
13330232220033
11333001322002
12313033322003
21000212223033
21102220221033
11133321220013
11010202122100
13103211212200
31311232121100
11000112320200
11301132232000
11121133020001
13331113320003
12102112220330
12113133221103
21121010220100
11120200022020
00100202002200
10122032220020
10001203220002
30020230322200
20003032221002
10003022211131
00022302221103
00020331202200
00022203002210
21012220022130
10220032022100
20220012200200
02220122203310
01003000222110
02110310222300
02110001202200
01003220223001
01001132022100
11101102223103
11200123222103
01300232221110
20303113202000
20001020220023
00022323223033
01022212020300
20102221100020
00023022232333
10121300222300
11123113022230
01003022122203
20003011022020
03323322202300
22323312000300
22313233121000
11312330023000
11033022230001
12000332230100
10301322203000
12223202202100
02202302203300
01100202200330
00110112200100
31001011222001
30010222023003
01032232200030
12321100222130
12331120002200
23112300032000
33022200102000
33212220033000
32221120013000
22232120032000
12223111003300
12332220003330
12312320211100
13331220020002
11323200020300
13233220001000
02332232000200
32312211002000
12111322002203
32221002023200
21221210021300
33322202022210
02012320001000
02132212312200
00232102223200
02020022320002
11022022233302
10220023222332
11022200023230
02021000332200
11212302122030
11213101012200
13022121122030
11011210332000
11003122303300
11212322033300
21331110012000
22113211012300
01130011122300
11230022202002
12012220220103
10110220122103
31002302202003
32111230022002
31132301221000
32120330223000
32010032123000
23222103322300
22210033322120
22202223323020
33323223322300
32232233322210
33031312220300
33002112302000
31112112232030
33111221020300
33323221103000
30331102213000
32212321022100
12210301222103
10213112221333
11223112200203
11302111220103
12233022112203
31223302221030
31103332210030
33022002223010
22022020200100
02133011222030
03210212220002
22311020123000
00212022120300
00310222021200
21113332000303
21102332003000
22122033303000
12122111000230
22211130012230
33211122213230
31011221221330
33222111321230
31120012212230
31110131112230
33000231222320
32000223122201
10110212111030
10203001221100
00030221120002
10203011122003
23020221122233
11200111211030
12322231122033
22213011213100
11020011210001
13022000220330
11103210022002
10032110023000
11233113022003
11230133302000
11230012000300
31231112220130
11330300220203
11103302220223
30121121102100
12121023102200
12112002112003
11131202230300
22022113020003
02101011102000
13010121202000
02300110220003
02211012200010
02313131322200
02001313021000
01000231212100
11000111022023
22010120220300
21213022202230
12213221202330
20233222022333
22233310022103
22012122102030
21220113211300
32121112311300
32122112120033
32202202220031
30200310222030
33220011122030
33220033212000
32122233312300
01211222023130
31223032203000
23122203223330
21121100223233
22211123023233
21320122022230
20111220123230
21311222303330
20211222003020
22001122002303
23300122203303
23300223120300
21112103103000
13111212312330
21212011010200
21112113200103
11120110121003
31122120022103
21101221103100
21100121001000
01221221132030
21302210220001
23011211221303
12002001023000
02000220133200
01310202332000
21300023323200
23220002032300
13022330202300
13120302200300
00220211210030
01221002221233
21100320022233
12213312022233
22112330022303
23233200223300
13322003223003
11120132211033
01122312212033
01112310220010
30331012220010
23130002022002
21203002022100
22201000201110
02201002202230
32230201222030
33300012220102
33001222121020
10300022301100
23000223221210
12200012322020
21220002331110
11300020322330
12201220123100
12011011220230
10300020120200
01120020122010
10130001102000
10110020002001
11311000200020
00110021020003
22312012321200
10302022212001
12100220120030
10100220223220
10030031222330
10210122202233
33200222020330
11200322201330
11003221201003
00221000202003
11100221102233
11103211121333
11101122332233
13211223322130
13312322232330
11002001122320
13300122100010
33232022200010
01300221220230
00102212202333
21131022122033
13002322202220
33003212200100
10012000122202
00021001122210
02100321222010
21002211012103
02311021222103
02030001222303
30020001113200
00200313223100
00120013220001
03031211121000
00032312213000
00223033221300
02030223022300
32032010202000
20032013322300
20320330222001
22020001301000
32102003122100
10221131322133
30332220122100
33232012022100
33312313321000
30120222332100
33201312200030
32333222302030
30332202202001
01001102220202
00111200220203
00010312202030
00121312221230
00331332202230
30333233221200
00303322211020
00031030122100
20003121100300
10013211120300
23003011123300
13130131121000
20133113222330
20201022232330
23233221221230
03331202221230
23113202221233
13331122021030
32323212221203
03000331221203
00211122011203
32021211321100
00332330222120
20003301121003
23012011120003
23101112120103
02121122230103
00212012322002
00200022322013
00330020222133
13210020222023
12220020223301
01021201220030
23313001220030
20001002120330
03111031120200
02300103211000
03010200111000
00112000111220
01110300010200
02002200121100
02020002211120
22202020111230
02000131113300
00013011131000
00011311222021
20220111232130
20020112303300
23221303023000
03113303220100
02310003220230
03103332220210
20011133220210
00101032022020
01101232320200
01112033203300
01110302231100
21131200322030
22031000221220
21333000122020
21023322022020
20010320023200
01022022302100
23030102200200
03012012000200
32132220022020
31103120202200
21113120002002
32233103002200
30100022320210
30001212202210
13001113222301
10001322122302
10030320202230
10003222321102
23220220202020
20032202002030
00021120220110
13001202202201
00011222032201
21132232120230
13312223021300
33122121202230
30320223022030
10010202320030
11002002230032
11100300210002
11000301221230
01000102102030
31200230231000
21103222332030
20102211322130
11130222023010
21302202322010
20222030033200
21033020332200
21032201132000
21103031233000
22301022033300
21113233223010
21100232220012
11013030220010
21020301000200
10001033122010
11200331200010
11213332002100
23233032320200
12300133122100
20031333232100
22022123232230
21232122322303
20022233032003
32223320020003
02223312320100
32212300020030
22210003100030
30212123000300
32121120322233
32122102223130
23212102012100
33222013200300
10220013020030
22201332002220
02210201003000
13322232012003
12221212002033
11123312001003
00222122003130
00222032000203
02213210022030
31210002003100
32001020002100
12111000102030
22100013203300
00020223020233
00201232223220
22122001320002
11321332220310
11100133220110
11101103300020
12110113101100
12201303000100
22210032201003
13102030012000
23102302122300
22312202112330
12212012120333
22101132233303
22001113303330
20101122233010
22303122230100
02233322233010
22030223230003
30233123220003
10033212300200
10233312203300
00112133301000
30111223330003
20021013222033
12000201010003
11330123133000
21203232300300
21013212323300
20233211102000
22230311300030
11221113210033
22232210010030
21222032010030
20122333200330
22212113000333
22232110220233
20122200020233
22122010120230
22322110023330
02220010100330
00021020110003
20211000233300
22002101010200
21000211101002
30021200202330
33102300222333
30012230002230
33311223002330
30122002200302
30021333022233
30011032122230
31033033222130
32212013221230
22233032122330
23323122120030
01233311222320
01230331132000
22300011221330
32001003221330
23220222013003
22230222120133
12331113122133
21301122202133
20002321302030
12200210003030
20110210003300
22212010002320
02020203202030
12112100023002
02112112000320
01121003003200
11000300322101
02200010002201
11101100022011
11230003220320
01220030120003
01200111300020
12230302002003
31222000122022
01232221002020
02122201012203
00230121103000
12122301233300
02132322200203
00033122203103
01033202320100
02232002200032
20132002000100
30201110020300
22123220100010
20002100200210
21100200203010
21222022303002
21220201103300
22120223033100
12223222303301
10110222303203
32233322100020
12113220010020
13220221002002
12030222000302
12321002303000
31223200300100
12021203011000
13200023211200
10002232330110
10332000311100
13303002110100
01203220030200
02012200200031
30222020211030
02002212003303
11100220001102
22203232201020
00301222012220
20013212121230
20002112312330
00020322203120
10200032120031
02002002200110
12103322200110
30011102000110
21332233230300
12322013322030
20132230103000
12023322200201
12223232000202
12223123000110
12111232001130
01110002001303
11320020200013
11122202330033
13022233230030
12223033033100
10210031133000
01103103312000
02303221120100
02213022121130
02313220302300
22100121130003
21110212030001
21200320313000
11200030113330
21112330113300
13220101333000
13223213220010
12023100020010
03233223222110
12020001022101
21320200122003
20200032203130
22002320112020
20021102332100
22021033000230
32100320002220
32130030322203
32011330200200
32113303311000
32003002231100
32133002120003
22013021202003
20132131220003
32000222031001
20330202220302
23300022113002
10130332202001
22320001000110
31103001100100
00101120200013
22121211332330
23122301302200
21112032102203
10120123203200
30102111033000
02221213030100
21100223020220
22133023003200
22300110032300
02310200022303
00012200123033
02300220202033
02230022232120
02003302322202
21333222322023
11220022123133
01203002220332
12010200222332
22203000322332
12120002232033
01120022333033
20022002233320
00120012323330
21322211231330
01200032213303
00223220320330
01113110022320
02111002232320
03203222122033
01202221211303
00202200021020
10022022011020
20212233022010
01001123222332
22231220023001
21230222001001
10210212200011
23102202232001
01332322122001
20112332120001
00232221200110
01232333220013
00222133223110
02221323122103
02223133212003
02220100103003
00123233020100
11122302000120
11120232021230
12130200212300
10123302100030
22323303210003
21313322110001
22100200302330
22122000233202
21212000230220
22130001132220
12120030201100
22002000223022
22212020200022
22210220203302
23113322020202
22203022022021
23103223122020
20020312223202
22231302003330
02131130023300
02211320033003
02121033320030
02223331103330
10012030320100
22130020100033
22202032003310
11120303020033
22013000210002
22233033021001
21213300302003
22230300120010
22322330002033
22133303322333
21130003222123
21023100222023
20131030202300
00131000222022
21011000202223
22010110002210
23010002012030
22120200200201
21113000203033
22133122200301
10101322000330
02101012220031
01101032200302
20311102220333
02100021032001
02221000121001
00013322231001
02033132223002
12020132202002
21133020230020
22103332230023
22003310002233
00013332122033
01011103022210
30213132122300
12223100223320
22122313022133
02221220110233
00222013002333
02212023300033
00111223003033
00222301320010
01222020330001
33122000110001
11222001233010
10102210102300
12102022302010
10202300230200
03202202301000
11210122030020
13111200200210
01131200100010
11311120021203
01112210110103
12103200200033
02102020002023
00120210032003
13310210002003
12122200010013
02023302210010
01213331221010
00120031100100
22023101220032
20123010121000
20122310023100
01113212003100
00113002032100
12310300203200
10223300020220
12223020032220
01223001020020
23200010032220
12203301322230
01220121020001
20220312030003
03222020023320
23322202133200
03022232232220
20322232200101
33222322321001
03223222020102
02223211312230
02102113212203
02320021333200
12002133320020
12022003310300
22230030102020
20121001202010
00321121032200
02012110323200
02002001112202
02212112301230
21110210201230
21212321032230
21131113123230
23131223202010
33011220001003
31101100200031
31102031020030
32202102000303
21122002133030
20022203230301
02202202113001
02223022312001
12232203312003
10220331120203
03230222130300
00300222330012
03110223230010
31130110002300
01011330002233
31123113220002
11221120300023
01221121302233
13222113312233
12213100030003
11223321200032
03123230223003
11122133201203
11131301202030
11130201200220
01023230022033
23013300222331
01321202223303
01332002223320
01112200223323
10121210221033
11213222001233
02213220200120
31213023200020
02333220220023
02001302201020
22333023200130
31113022012330
21123220001330
20122322010033
22322022320310
21220230202333
23321210220330
20102300202320
13302120222320
13002220323310
10002123320333
10002113122031
10101312212103
10322030202010
10223203022233
12022233002223
12202220312233
11233323300203
31223033310200
31120033220023
32033323220233
23313223020033
22321220230033
01031122102003
20132210022013
01131122000223
11313022003303
13210200233003
21130001033100
31110001000233
33311102200320
33211020332300
02223203230033
02120333232001
32032132232200
11201032000333
21112102000331
11202200322031
11012000330203
01231020220203
01221300230330
11201300203003
11011130003002
01011100320033
00112003213003
12112123210303
11002232102303
10011022033030
10121223301300
01112223020301
02213023022201
02230230210033
01301122000301
12011322130300
00102233220011
20113002200011
11101230020233
11002231220332
12122232003332
31211100200202
13121311103000
11011312203001
03101201133000
01020122101300
03110122123330
00011120023302
03111212203320
03321131200300
03001121320030
01331110200303
21131112030030
31012102003030
23101121000230
03121212010003
10311121320002
20011122020022
03112223303303
03112220001120
01312211200033
00301221310003
00332223123030
00312321110100
00022012312203
00212111300203
03222103130003
23220232300031
00222300213002
02122233021330
03312231022230
03121002233002
32221302213003
33223213002030
10302230220023
12332233022202
02302200200202
00221300022331
03223000220101
03222002323033
02322200332010
33232200020201
11202300032330
21202213000210
21213203300010
32223220300021
32220232033303
32212223103030
32113323200330
21232212300333
32130222330033
32022233200011
21022200300331
11222003002221
32023212110030
12033131020300
01131310133000
01112122313233
31121321230003
01133132230033
21001133323003
01021123320203
01013110120100
11302122300230
31122322333230
22322323033030
12221323003230
20211332030030
20121113010300
12210313300300
30220213302300
12221201033030
23312113330300
23331120133300
12033203223030
10303122200320
21300132223202
12000110020032
11002110002130
13001110100330
33021110200033
13020010020203
11201100333030
12001132032230
12021131212330
31221122303303
31122332030333
11300313032200
02221030323303
10221200213303
02231200300220
21120112003010
32303112103000
12313121100030
11101110301300
11122100321130
21221321020103
20311320020330
20211032200233
10213323020010
01023320021300
11212012011330
11130330231300
10132023331000
11022210310010
11322202103020
02221031200220
23221231320020
03222330110020
03032220011300
03001210211200
00101123102230
00223102210220
20020113220223
30032210001100
00301112010002
00102311230003
00011102303203
30022231332030
10002210030203
00011213323303
00301212230330
10103133223030
00112113210330
00032202210333
10112121302130
10111323232001
13001131102200
13212011020020
10011310200023
13100031002230
13111233310200
13211132302030
11121320131100
10112003332330
12002203332333
12110130322330
33112212331300
30021322232130
10013122230230
12031222332001
03122122233023
01122203332223
12113320330002
13331223302033
10011122323331
10321221323330
11320121023300
02013120203330
31130101222320
10320121221230
11003230011300
21031213221130
00131212220323
00131121110001
00111222130021
00021112213023
00031122330210
02113222330201
00132220002331
00133213200230
22032223303310
00112231320220
03301322213330
00311100213330
03110002332230
01110001333203
10300223332202
20220233322232
22312033323330
02331233322333
00312232221333
02123123220333
12231112103230
12023311330003
12002311120023
10031110202202
10031112003310
21211121333130
21223330333230
23211122332103
13122213213203
12112203131230
02112023031200
00111021312300
10010130123300
12101100133200
10020212230210
01101023000130
10210220213330
13100022023302
10010220020323
10010122001103
11000121200133
13010100200130
03011100013100
01301211300300
11000102013020
11021113023020
10311133222013
33111312220011
13022023003100
03132000102100
01132001322233
01123200302303
03011220332033
21022311200333
10120202021002
10100212200222
01001002100220
01202132020220
13120220200223
13133202000203
31211322020013
00122130220223
02221102020323
11001022110031
03100312120001
21001201110010
10321202100100
10311032001300
10131132010200
11330120201100
13222102102130
11332010220210
31112330002310
11002302000231
01001320020201
11210021002310
11231021212330
10232112001030
02023110202220
02203211220022
01020320210033
01000211303230
01033221103330
02203113221010
00212311220301
21223131310003
11223123101230
00113312101200
13320112230100
13200120223130
01332022302333
11302232233130
30033111010200
11002311011020
12002231301200
12000221131010
11100023203031
01100232002032
10200232010002
00221203010001
03102022001001
10103323010100
01122302101001
00222302002021
31202233010001
31122210010002
03122021231030
03012202223201
13122033232100
03112312302100
03120012202202
01320021202203
03102223022232
02331211022020
32022210003033
13310221303030
13102113131000
01332212030002
11211333012330
20222001332233
01322233323320
31320010230200
31100021210220
02230232001010
12302002010010
02220001300102
31000202001203
00022100120301
00010022230131
02010012301300
02100120231100
20010021300203
01010021310030
00022333120130
01221003332033
02200033221031
00110030220231
13110203220201
22232233223331
22203233312220
22302233122303
22002213322012
20002200020122
00122202013230
23110131300030
20011231201030
21103132201330
21113303301330
31110301230030
11103231000320
10302310001200
10302200032210
11122013010303
01110222010323
11002202320213
31110320222031
03313202220331
11202221300313
11032221320023
12022202303210
00121222303110
01113223332210
03001120233230
00311230231300
00221020323010
00232123221330
03322332223031
01233322332330
00133220320103
22000220321103
20200231001003
21002203100023
22002200303120
01211223100013
01100120300103
01221131001330
03211020001330
01010100012330
01010010011003
23122013000331
11011220100021
01101112001333
11200102200221
12113032002210
21101032012001
11201203201010
11201013002203
11101233302202
11103332032010
11230333232033
12112332130033
21203322303033
12203302010330
12003330220133
13002310201030
10001323021033
20100223212033
20001323312003
00213233122202
20101232330033
11102303031003
02102333233100
10210330220320
02123301020330
02330122030130
03022110302330
21200030210023
13132313222033
01132332022232
10202103022202
11230200022213
21130333230230
21030322112030
03330312110200
30110300121300
23311030022033
21122012230133
23122212033033
01312232023203
03122323230002
21113232310002
21230102330003
21123211330020
22111302230032
20011322100120
12300102233002
12311202010033
31132100202233
12112211013033
22232111333033
22202211330301
20211011023003
00231011323300
02003111233303
02003331222323
02013322122320
20110201223320
01100031220313
12012330223230
20312332333200
20223223230210
10232233203020
13113322333020
31100212230203
20012212213133
20031221020210
03221211013330
02312101202330
02011021113330
03332210132300
23111002202301
00220010233203
00023121230320
30100121322203
32220121232103
33222001322103
32220012022323
33220322202223
22230010023033
11212010200313
10112110003103
10121120233320
02210300220313
00200110021033
01220211002031
01122321302023
31123312223023
20220230020011
20112223000211
01122001023110
22002210020231
00230210032230
01002200030311
01000122003231
11012200210301
11022203301201
13122200202012
11020200100012
11020220001213
12102122032103
11310322022021
31230221202303
11023201202333
21020002102103
03002110200201
03000111210031
03030312221033
33000232120103
10001311002031
00111010003202
23000112310020
20121100011020
20111302113030
22110032130230
21020113012030
20223000113330
20100333211300
11220123320032
01203113320330
01101202132033
32002021320033
11310112320033
12220110321233
03111330203203
02311130332030
11312322101203
13123002201230
00213211202303
11131211201303
23012132003003
30123201320003
00221021200133
20323002200133
20312100200023
13121110120233
31211212102333
32211322121333
03130120210030
02301122121233
30222122300223
31012212100013
30111012101003
32011012300033
32110103010300
01012231030001
11223003320013
13223233301003
11322300012233
01202210110330
11202120013033
31202021012300
33132020320200
11020001103033
11121100100332
11210100330333
12220300112303
02213010112003
02210021012020
10201031100020
02121100110002
00211001132203
00212302201233
00022200310102
20203101212300
20003023021230
00312300112030
10232201220022
10233220130003
13230220230333
32310120030200
10223103212030
10211303002033
12321133302203
31322103002003
12020120330330
22102020210320
22112300200213
22131012201203
13213003200203
12122102031233
20100200031203
21102111310203
31102201302230
30022032100220
30220120012230
21211220010133
32122003000223
30223021000210
32111000310333
31110100203332
23111010330033
03111331310003
01012113110020
11131013110030
10001213133030
03113122312003
00110322112023
01002120331030
01102020133020
13121222333032
01110101003310
21210200223031
31203100022303
30200200221303
33220100022032
23002010302203
31202201033003
33122032133003
33122201123303
21210210100320
12112310230320
32211131020303
31022131300303
20223330131300
32211032022310
32202310022210
03221132030020
02212232000111
02203310013200
22323000312300
21013100031300
11131000111310
11010010130330
10202010303100
12302022131003
10010200101330
11132101103330
11033100210330
11020023203320
11101213233320
11010233233002
11010033313100
31012233132200
21012231232233
11011300301010
12200011010120
20003001311200
11213011001002
21312101121030
30102131122330
11020213111203
32022201213330
32003331121030
20133301220031
11333212203220
02200200201012
11221130003120
01121010002120
01201102003320
13201223003001
23020122030001
00010120311001
32011220213002
20201020013030
12312200030323
10220233001333
12012333111330
30202032221233
30200222111333
12002320211333
10200220112013
31102132022023
11010230111033
12311223012103
03121211322103
31332211021003
33103221222013
32110221110133
11213202110103
30322032201330
32203223100333
31101222310333
23123032320033
03121223311030
02233223010303
20302202110203
21230200321100
22021200010130
23221202200313
22102300111001
22110001010103
32201100020013
03223011020333
22101033020333
32100013322033
32100312001030
32122021300130
32220013101200
33120013002220
31321313000200
01312130002023
32132310100300
32012001100303
23112010101300
32020023120020
22020022102022
32200233022032
22201020330032
33222022101333
33112022013100
32232202013100
31212330303200
30112023001020
31113331203001
13111300130303
00211020130333
02220003131333
13223002100320
23222011130010
32312130200010
21220322000112
20320122210023
00012023200113
11223330020012
03121103020032
11232330003103
11102300333220
31110322003331
21312012200332
20120321221103
22011022003210
21200311022310
21110100332130
00202111001120
10020123301020
10202233000232
30222113001210
31222110101103
31232110200220
33321022202103
23132001203003
10323001201003
21021010312003
21321022010303
22012002303001
22202101203001
22202213101130
11331102203233
21311100203103
01200223103310
02200220300213
12202230021013
03212223002213
02112233232013
01222322301310
10022230033133
12121130233033
21002213233203
12022110031002
21302110030010
32033230111000
20003223111203
10023232130001
20022103000102
02002131020013
21203202102002
32203201230303
23203211210003
21220331021020
11303020113003
20201200032333
11222103332332
31020220223233
32232022022332
21010003232303
11021102233323
22120130202023
21130312202023
03211022200222
00110212020232
00210201300210
02110110302202
02011013120203
22011132000123
00200112220121
00311301220032
02113322000312
02312220020132
02112300012110
11122320320021
13211231200333
12100310032033
30023220200101
31123022201013
00023221000123
33120112221133
03202122020133
32202121223133
32020002112233
10020021210233
11022032110013
11020132333001
10021210303001
10012212130032
10201201202032
10202101223310
10201112013303
10123212103303
12113221133103
13212301123003
22333011233003
22230011120302
22210131203010
22111303303020
22031123302220
22321023002223
20001220330202
20021223120021
20002220121323
20020221013230
20022213113010
20222011001013
23100220011130
10002230111210
20002233110320
10022301002013
11122010302011
23012211000101
22111031100310
12133233103300
21101201002301
21021330023001
21000222011012
20002020011310
01022200112032
10223321012033
01100322011230
02020212012333
03300210212330
22132000112333
11322210001031
12120010300301
32212200330331
32213120333030
33212221100012
33222112023013
23222301003310
20122233110031
21003233010230
20020013110330
00220330112330
32210001230320
01223000133220
11023330203130
12010012210310
21201300100310
22021001033303
12202122333013
13001223220123
23222100020123
10220102130103
01101110210310
03000102231103
12300232201103
32002223001023
20032223030223
02001222030332
32001322023320
02131332332033
20001320010220
21001223200232
23002122001223
23031220032330
23300112001001
02001233200223
02122313200113
00122103300110
22002023000212
23001002021010
22300102120220
23011102010220
33301212002020
13010122100223
11221002330223
21221320133303
01201221000222
13201100030220
01321110101020
20310310100200
00221132101023
20223112301020
02023013200233
10032311000233
00023100202133
31001002203133
22033233302233
22033103320203
12230132320203
10313232002020
10333232120303
10313312223203
03323200202223
13331032022303
01133031202303
00231231302003
00132223310023
00310123302203
11220101030210
11231222030011
13203222033023
01212230300323
01301230302230
01012301122002
00332312122233
20023030102233
20111332301203
21202123002032
22102223002322
20022210201302
22023201030023
20202023100332
11202003120102
12020302130333
23023202130330
22210302213310
22122030021031
11323203312200
13312010031000
13322012003023
23321302002303
22332232202032
22033230020202
32223200201220
21230332012203
22020330200113
20102021030013
01202302332303
00031232233233
00220102021113
30202203020110
20302220210110
22030200023110
11032000212120
33020202210013
02322021220301
02321223300301
32221103220301
31121203220011
10231230320001
10221310200101
12001310202110
10200130001101
02022123000321
02320113000103
22320232030002
13111333000101
00203120012002
02233202002302
03001223321002
02301223222022
13011212230302
12211123300332
22213223300131
22230122310330
20113210232033
33012110222023
32001100223323
02001022120113
00010212122012
21001120322323
20212202323023
32023133322303
20213323323303
10223323223202
22123232012130
11233300123033
02022323120223
12012002010223
12032102202013
11301212103002
30210321212003
33200320101200
30203230202203
30120322002013
01030022100213
01110030002113
01112302302213
30012031021003
13001102022133
31301113022233
21203112021233
00012120232223
00201201333230
33102201001020
33132231000130
21323120002120
20232311100210
33232232003203
30231212212203
32212330232203
32231301220220
32200321220213
00300121212103
22000223003132
22012232031330
22212300131020
23232300221110
32210020202133
21322102030130
20021203021220
00021233011033
23230200012033
31002220212011
23102220102031
21201211030031
23121022130031
22031320130030
20021123300313
22201131200313
01002011330233
20312200020311
30131221003303
21000102310333
22000113031033
20202230011233
21300130012033
21031320001033
20003110201333
22231110001031
20232100200332
20021301130033
22332120100103
20320010113003
20022302003123
22211313301033
20012200301013
00222001110213
12202003011101
32000233201110
31223000230133
21223020220322
31221200223322
10222320203213
11123200203222
02103222021013
32220122130320
32202212103320
32202220120322
30032112020320
20132112003233
20203212003031
22203012200131
22330112000323
02230312200021
32230002000311
32333121200333
33232111000301
31123110102033
23012300100103
23221300311100
31322110003323
02321110030023
31222021130023
02122012113233
23231112002013
23202012320233
32001110120220
32010012032330
32203233203230
12210320200221
23100322100323
30001121112320
31102321113330
20003022102313
20203321203320
31233202200331
12332302023001
32213023301300
02220303301130
00322000101233
02202101001233
23321022323230
03122001310023
32220011330031
33110211100230
33220003020021
02322030010210
13100313102003
32031113001003
30231120001002
12202013302133
22203330310233
22023032020323
22231330020332
23210321202333
23100112202331
21003011200302
21102311200022
20120001120222
20003131203203
22132202233323
22020232321023
22000212302101
20010130200201
20210120320220
20121132002301
20322213202031
20221100320213
20211101010013
20011033110303
22011010030323
20210001002332
33020001002011
22000301003011
22210123301001
00210122333031
03322200120011
02311100100011
02000103100021
02131031200013
33300200202011
22303120011200
22012033012103
32203203011003
20203100301100
32002301001100
22003200011031
22333230301100
02233303201203
21032131110030
23033111000130
13132331112003
02113002301033
20211012311103
22332111201130
00311101300130
02210120231333
22131200213033
13232111202133
03332202010103
13332100120333
00113210010013
10221211033323
32221321030233
02113311100233
02200313110033
02111013002231
03320201110033
33321212120303
33231112113003
33312010223303
33322031002233
23233101100303
01101301100303
02311301103030
00320130110200
00223131300230
22233110112130
23311311220023
22321213320023
10232132120023
22312102322133
31331322000110
23221311101203
22121131013203
22211203332023
30213012333200
21121011303023
21313311020203
13331110002032
31321031100033
13321011120002
21120231010023
01322101100202
22101101313030
21131123331003
22123113200011
22113311302001
22203313133003
20220033232013
33223233113300
13222301330320
32202230233310
22232322333202
31223210033320
23223220033313
03222310031033
33222331300133
22202301323103
21200232131033
23110302310330
20113020110233
10111023012333
23231000210303
22320310010333
23223312330333
13223123232303
22023110030331
23031011203330
13233132313000
32330312021300
23300021231033
32332220211033
22302002313303
21200200132223
21302001100331
20101003101033
01120021001133
20331331322033
00332011020130
31032200100133
33320002021130
33103022020120
23300101020133
33321012010330
23010030021103
20100013100110
23131222321133
23012322230133
20211223130032
01221123133002
01231231110002
31203312020002
12100231330333
21112131130133
01123310301030
02122303103010
12113113330233
21210310230233
32201033230233
12001000301133
21021200121133
12013331002333
12203323002331
10010331100133
02000200012213
00123110003210
13032221023233
22002310330130
22032133230010
22002130321110
22203110321001
22000201313310
22233203323013
22203031033230
20232301233030
03223232333130
22202323013133
02321232100133
22233313320320
32112033001333
21023202223011
22323102223301
22132311132233
32201130232220
22203103330210
22210133002102
23223323001023
02232201022313
23022132210320
02200201302323
21220310003302
23123031002002
12132031120330
10330021220323
00333202213203
21323122213103
03223202121303
23032302233203
12003233212203
12202331232023
12023231121103
11202321020331
00212023023031
02201233023301
02032133012030
01003233202133
21030233002103
22302322002113
22100030010213
02100030232233
22033001201333
23203000120202
20300312020223
22013003132033
22020003130231
22000231101123
21100331202213
22110023320133
22120122330311
22130113330001
32312203120203
02011332322213
02213330233130
22133232333001
22332203103001
32232223001101
22322200130222
01132320100031
22021132203331
20222322331331
20231221203332
12202033203332
12201033032001
22000330302022
22211300320101
21221213303331
11220333133310
11220313002232
11133122002332
11322200302132
10332220320332
20332223331333
11312132332333
21121333233133
12122133320331
21012132300213
31213102132003
21130011300320
21132001100213
22133000200222
23100300220222
21110030200321
21313010303200
21311210330203
23211121030320
21212231031103
21032333201303
12100132202313
11132000300231
11130332000131
10213001100031
22112311030302
21113133033001
23220133033103
22112201003312
21010200010022
13002003020022
11300232300223
13003021002103
21013220300302
20013210310001
23202230100022
22022312023022
20210331020302
02022233103302
22022133131333
02100223323332
30222013331303
10222313303332
13132210200232
31002022123130
31332221233230
11033010223320
12303001020130
11000210331303
22331202201320
20100111011303
31002110210233
33000122013203
33002221012130
33002212122332
03100201201303
01322023120133
02300012301133
02031101200301
22130102100110
02133021000120
20313120023010
02331320013100
00223312003102
00220202201221
03012201101230
32021102110023
30221000101310
03321210002310
33323122001303
21103212100011
31223203002323
10123201102023
00112012033023
01312333230233
03023321201033
10021322010110
22303321032033
21233032003202
32220102011333
20011201013203
30022102012223
01012320100320
10012320203331
11120012020321
11101001211233
11012101123233
01212110011133
21301330210303
03033221230203
00032320210210
10003111021103
21101330023310
21103303020201
23121231021130
20101231002133
12221033100213
01212100322313
13121033003233
13212030002302
13223010002331
21330202032303
21112030323103
21012332220311
12223332330311
10213022303013
20012321003313
20213010033233
20012112033201
21101212033302
23022101330013
11230020033233
21322030303233
01312020031033
30312233001103
13220020021231
21332130332003
11310203300133
22310233310333
12233020333103
22132200032231
22232000213223
32300112332333
01310011233030
02120010221032
13130021122333
01330120320233
10033011102333
10131332120233
01211130321001
20331012331000
20123222002312
23331220303103
21133230033233
22130312303303
32210233303103
33203112233033
31200132230032
33200312122202
33230211323003
23102133313300
12210130013103
20132003113300
21033022113100
31301220332303
31210222032332
32120221323002
12120210230332
31120200230323
32121102002332
01032200233103
12310210210002
32010312212002
10201102300331
33312201103033
03300221113303
12102330030202
20333220321001
20130223001310
20120313222313
13022103222323
32322101322023
01302103223033
13031200220313
23113012002232
12231101132233
03011011103033
00011011002313
33101100123033
23112101011233
33122003202313
23221103113033
32021223312033
02202032211013
32202031200012
02131212123133
02130011013303
12121011131333
10131020232233
10203322232133
22331012002133
22320320232223
11020030232323
12100332332320
13200022332323
13220032123220
13100120112303
13001212111233
12021312101133
11203032133020
10120001203323
10230023103203
11231300010320
12113003303223
02131023302002
23102002302032
13230310322330
31120001233302
32300210323230
11323210323203
13202110132333
11300031132033
11200101112133
31001331113003
32030311022033
32113212201133
30113112302203
30201202302023
33030211120333
23033231321003
13230011001333
12230211333230
12200130332032
13021230333203
23011103133303
13222022333222
33201011302333
32201021312030
20033211301330
02302230032223
22302010201223
21223001232323
31200123000123
32200312320332
12110203002123
22100131223031
20002312232232
21200233032302
22010001112323
32300032123233
20020212133103
20101000233133
00101301302233
00103031223233
10313210302333
02101113023130
03220312323020
22201012323313
02021032301333
02201020122331
21022020331103
00200223331103
02200111231023
00020101110323
20220010011223
23020013021333
00200021010113
02200231110110
22001011202012
23100012122313
23110223022313
22310222130313
12100221003113
11102200023121
32310011031003
31301011103303
10011101100101
11231002021031
21230023022232
21110223331032
33110032223310
30121003132300
32021203233020
22211023313320
20210222331323
32210203111330
32311002332303
22330023031203
21220020011011
02210032003231
23110210132303
20210030313230
21331223312001
03201132112303
03231322102233
01022311022313
01021110220322
01213122300232
10233102000113
31131230001001
00321200220321
11322312100313
20101121131233
00100020212332
00220023313130
02200222131022
22001332231233
02300322323103
20232210323103
02213232322323
23132323303230
20132323222302
01322232210332
03310222100332
02232221133023
02032102313003
33211232330001
33221302001002
32212332003032
03121313203033
31201022101002
32201320001310
30210022300231
33012302210001
32001202212032
33210123002010
32100123220101
33020120320103
33220122312002
33022122022021
30200122321130
33021212211130
33202300113100
33212332211033
30312023232033
31312232300302
01202322233102
00320332201133
03210103210033
23311133000232
30231202111300
20231203123233
22123203323220
31201303323200
01211310300302
12203003323202
22032030222132
03020301121030
32002101121002
13223000311303
23223003310233
12200333100222
21120001312031
23220001330123
13020013312303
31210010121303
21230100111303
22320003211133
01231201312300
01212010321020
01230223300102
13121200013133
32122210131130
12122020031310
21232203120313
31123223212103
22322201033113
30123002122130
33220230010133
31220303103103
32120302210133
00201022030102
30222030112133
30222302311203
21212010133323
23020211300323
20322210110323
20220121030232
20001322211332
22111300011332
23100110003223
21100100023322
12201002313220
22212323302321
32201133100320
33021231032300
30212220132320
32102100110230
33212203210230
33111003210020
23321203221010
33002103122020
30321020112200
30030102210130
30020212022113
30221232032133
30001003112203
22022130213302
20122132233032
20302200321032
30212111023302
00221110231013
03020221330130
10202121332020
30320012223313
01002020021331
02210002221321
01012000221213
33001211031030
32301321010330
33120020102301
30100200120213
21102002011313
21220323123031
23201322123001
30221223232301
22233132232031
23311233230031
20233000212013
21233321212133
00233021022032
01023130202301
30113320201303
02211200202311
30112220203113
32112001022331
20102003320231
22310130222313
22210102303131
22000102201122
22001223331231
21020233303220
02100022330222
22010223302211
01102012110022
11021223031333
01121330313330
01113301332333
11201211313130
13020312031300
13120321023130
33221311020130
21102302201302
12230122013023
11101220313013
12101223130302
30101022032301
33010022002221
11320102220322
01320003122302
02302030122002
33021113122002
33322213222022
30310211222032
33023200220232
30300202122031
10330311232030
13321122320313
33321312230002
10123312213002
10101222320312
23303122022101
01030212202201
33313112020001
12330223222331
20232320221031
22233312213332
02223200122321
20223022233231
22323213213330
33231110302020
21032221033201
21022101023332
20002211230221
03331211210233
31021222310022
01023222110301
30323222330220
32233022330223
00021232112302
13103113203303
33131023223033
33012332012303
31121230320130
32311222323323
31011123230233
21001231302223
22031301102223
20031211232023
00303110322203
00313132323233
03313100221303
22333122023223
30023121133033
30021221210331
30311220201233
32132232100223
13003101213003
33312022230022
30331321100203
33203313210200
02302133100203
03120033210203
30212331002001
30222321102310
31222333202231
23122233001220
23302211020120
22231200102012
32123122010032
30122323032031
30322330210233
30002020110231
33122330112223
30121223123320
33021233223323
30210032013203
33211133003133
23311103202130
30321110020011
03323012210013
22323301001020
31223300010201
31022010022211
30223300222012
01233100122202
31331003202100
32223002110113
32100020222112
30222301013020
30223011212023
20202322213012
30003222113013
20010220313313
20002032113301
10002020302132
21110020103222
01110132123023
02311032223223
23201001110220
00010223213302
30021021320302
31121021020012
31302221020113
00320213103233
20320223133020
13302022333133
12030232313330
11320111231133
11210032033313
11203002311130
21202031230130
21303022031010
21001100233013
22121020133013
22102321133323
23210232133100
21333001001103
02111330031010
11101310231333
11223323021332
32120113130203
20201213033013
32012211333233
02213213320213
23120103110103
23200302310103
20320303312203
22020301131203
00233322120331
01232312202331
01323212023230
01322111203301
01302121123320
23301212113030
23200213230313
22103023230331
20101311213033
22133013211033
02123233313033
12102230310220
11003203131033
00213101331003
31311301301003
02113213021303
22113130210310
13201233320310
01321203330103
03202121322310
03201201222021
20320320131033
31022312013100
13002201311103
12320213311033
23320013310100
23030001232130
20210203313001
22113201311203
01112103311303
22112010313301
01121021323301
30233313102203
21230113110023
32212132133001
30232212033001
01321232021001
33212212030210
33323110032230
23322132111230
30322321010001
30102231302002
33101222003012
12321333232230
23010232320301
23021223021301
23022020012101
22020210031201
13322303013200
20321223201323
20232302101130
20232120301133
23121130302133
13012013032333
10123223232013
12232231321130
20321110121130
03021220121310
13322322021013
23323221012010
23232013020310
11301222331023
22303201223133
10223101023201
31123032132233
21231302132333
20132001302323
21323202102313
22031322321013
03012223221331
11232300201201
20321310011103
31101030302103
20220031013313
23220030011302
23200321103010
33230321231000
33023210133200
13131211132230
01112000313310
31211001033020
02012101133103
02112210031031
03002122203011
20321300322323
22211303022322
21013110322332
10121133202323
10311100302320
23323320231303
12231333031333
12201133312023
31132320223130
30232332202313
32122213233313
32102033320202
33231012203302
12311312023023
22113213203323
22130320320301
32201110303302
20130222132302
20123020323302
12102032021301
22312030001301
12301220021320
32320120203331
31210202133133
10032220021222
23301200021302
30212000113023
23331133102303
11200033231301
10100213323301
31220103033130
32212100100132
32212103232032
13221330220232
12212233032022
22232033313302
12212031333220
13221003130302
13010103132030
10012010231230
11312203233220
12122030332213
00221223101331
02011000101331
21033120002313
32011101031200
03201310312300
20330301202103
20330113210333
00011212210311
02312120210331
10212333021133
21011023021013
13000120010123
13212310303023
31023320312330
02303332211333
12203332212032
10103331132303
00033111323230
00221311232032
10202311030032
11201011233032
22012011332002
22323113033002
10002311233302
23022231312023
31233113230300
33123311212333
03231030220110
10101020021110
12201020033321
22011201330201
22211101333011
31011201300323
12133123000323
11131130003313
32113213312333
23312200101223
33322011123220
03312233203130
00321123203031
21320132321333
13222131002011
11011101302031
21022301113301
31220112203021
33111210321333
33101022113233
33112123220322
31011223020222
33022211302232
31121220003221
33220220303101
23221003233011
02312223322311
13312220323123
21233022320113
23211001201032
13112230203102
13312320003101
23311323233302
03332223002102
33322123200012
22302223201012
20230112201313
32210021321010
13102000230110
13212000220212
11331000332232
00332203022231
20233200302232
13023220103013
03211012022332
03201010122103
03010010322130
11000113223131
10002322313031
00020213222131
13123220011302
21200010301313
01200101023331
21120033301310
22301333013200
20100103133100
21130031211010
32121300303130
32101302020301
32200130120331
22203013313331
32101201032223
21020003001232
31022302300132
00103111032333
20121321103331
00120121113302
00111001233313
33112110330332
32230110222322
33230002212310
22300202330231
20210010212031
00111020211031
21000100121102
21011031123002
11021031023103
33011310113000
22310020201232
23301001022323
22321030013032
33202002132320
03002100113233
33300102223231
13022100130031
22302003220311
21030100322310
30002021023223
22001120203211
22000110323321
20200023033021
02031002232031
02100210223213
03320020002322
00320220013223
21303202000222
30320202000312
23322203000212
03321221303323
30112110201331
23031201000123
30211320003223
00203320102223
32132010320032
31102010032031
32210301000123
31201100111010
32322300321002
03220203223022
20333021312303
11220233223011
11122230323312
22322230312332
02232123102332
33322100023222
33302210032201
23330200100322
33120201030202
30020322110302
33200211130320
32002231103032
13020012211032
12100021113332
30200212333223
13200012120110
03200010230012
31302203300012
22021110103022
20021132130202
32102333100130
30023123322010
30221233111010
30301213010100
31022230003112
00212210003012
31120100010011
00121000103113
00213001001110
30021010001123
02210013021113
10001101211313
10001201001302
10310011100302
31312010110230
31322233010310
21332030002110
01311332112300
00201131311200
10320220112302
10301222113301
13302030211330
31010300211333
21002301021113
10211120301301
10011121031023
10010223312223
10302033012233
11013223311303
10013032233103
12031023301303
12211000213011
13200102103031
21100011103132
02102201110332
22002201230132
01220001211313
01233001321303
03200021101302
11002130103331
11300100123301
12100100221311
12100201132031
21301201201031
13223120120011
20101230121010
30103031110203
30010311203100
20023012212011
00230021213301
10230001203110
01132212203011
10023122023113
02000113213013
13001211213010
20020011321101
10022013330201
02002132332301
20202132010201
02020110013301
00322111001231
01332122012032
02001010113020
21023020013331
01212220013311
00121233133001
22123313310230
21233033100133
21210100013232
32220100210221
01122033030231
02123013302013
02232100301310
22232130321032
02132003032130
22213200103113
02232212003221
02220111303231
01020001032231
11002012113323
20202200213131
22001300212231
21102330232231
22101203322321
20002303022131
20302001302201
12030002001213
22020002013312
00020022023212
32100022033131
31102012213331
20300023111013
20302233221113
22200103111012
23002233001131
22002302232121
12032302332020
12032202022321
01202200233021
22031210002221
22332110302201
22131310200231
22231231203021
12013323120130
32003121302031
12321331003001
32231023300201
13231023330220
02032011002022
20320200310210
20301311000232
02302212302213
02132121032013
10233023332130
10332212333013
00332110203223
22322311020311
32021312303301
00320231223332
20202012231022
20221022300122
23221021103021
30220222023121
33022202333231
13232122332331
23300020302021
13221320123331
10220300231301
10220202310231
22120023123321
23000202233211
00201001213332
10010012123223
32210011133223
21001323120210
21133312033310
12133322013233
23332201120231
23303220003321
22023232100221
23332031212100
11333112033023
22331120331230
32301120033103
30302220331223
00320202323213
12032033233133
30201312331033
33123131233030
13131331323330
30131100231030
33121303233100
02332311123200
23201313222032
33202220322212
20213111230332
30131201112033
23023123332320
10020322332322
02221203323132
03202230332133
32111033220131
03313131120330
30020220031232
00202223212321
00100021321320
20120202322311
30121113131033
31212103313100
32221031113002
12221301303123
10321121113133
03102112103133
33022102113103
12233021200111
12021022103311
13200332221231
30321132330233
20301101233302
23303301321233
02330130112333
23102011333031
21000123332011
02232101232302
00220231331023
30022100233123
00202233101313
11003332100113
21200332211011
23120232011010
23002331100213
10003221033210
23012330322013
22031202110301
11300330221313
13020322213210
13220230232113
13223001222311
12022300232211
13322033031230
12220010031132
10100332031130
20013203331133
20003002003112
22030130001120
22233013100012
12303002322313
10301102232232
30301112303220
33301202331200
30101202033210
31310230032103
33302301132203
33312202231133
33121000331203
33131030212030
32012103021233
32012122033232
30211333032220
32113331322133
32221102303222
30321200103220
31033200232230
12330201102230
33033223322133
22012103130223
33212130130023
31112100330021
23111013012002
03210100132002
01201011322022
03322010323202
10312300023232
31131031002020
00323201200232
33212010311200
33112101120031
33223100213301
31220021013201
01222003113231
12202101100312
12320333110002
23223221130022
23213331300220
32010221012313
30210231221013
22300300231113
33231123222313
33230202322323
31203011132230
33321133312030
33020131130200
32112013120320
32032231330103
30002313220113
33030221302223
33032213232320
30302212322102
30221131100113
30222333030022
33231333021100
31121201031032
32321031031030
20233310311030
33320301123233
33322002132031
33232212112133
33223221031103
33223101320313
33212100312133
13202100201113
12100101302232
11302210133223
02000122102111
02303203210130
31221101100321
00121101330331
00122201331201
30122020130332
31202202311032
20103110333230
21103120323133
01101113112133
10110011313103
10311001121033
10110023330101
33100112323002
31101003202022
21131000202132
11100013031010
31312001310002
32322301212010
33233021230130
13233023203133
13210203101103
21331031310300
11331003010203
13210101120323
32101012103130
31010031320103
31201213320133
30023010122301
33203023222301
32022032213101
32320001101031
32121130011013
33211003101001
30113211210031
33100031210133
32310023012001
12100233121310
00320021010202
03020232311002
01002002311301
33100212133013
30211332121020
12313323221020
20022133212331
02211313123013
02021131303320
02211132031302
20211333133301
32110313233301
21222033133113
02212033033213
22200203321211
22003001002121
01020033021110
02012103322120
32010303012230
31002012321232
03121101211203
03322102121023
00223230013110
22311231233013
22313313300223
22312310320232
33223111013133
32322021113331
31131130221333
31332231130333
11322313033301
30103322311003
03233323112003
03232333123203
32023020023213
32302313202001
23023002020111
12032110310133
12013121231203
12333212332223
02332202232221
00331210222101
20013213022101
02033130022110
10033232221213
10031023022301
10332100021013
32133230023103
22332322231022
23232023222012
02102002322122
22102113020312
32110203200311
23010331302100
32311101330310
32001011333210
30110131320023
12110111300012
12113021013001
01201330130103
01230101220123
00101021013023
03131220322213
21220330122311
22233323122022
12031320233323
02021331233313
02221312203322
02220012301222
10011003001223
02001002031223
02202001331320
32202021133232
02200321113223
00033102312233
22322331101302
32323313022302
32322230203322
13123323033103
10123022231032
11230213023133
12023301023031
30202030020321
12220233312012
10023103021023
01032030111303
10303320121330
12200321012302
11002021013202
22001323011213
22200133303221
02002003303221
22021330132210
10022030113031
30220313032213
10203020213313
01230221131333
00120022111311
20101032210131
22300322121331
13300022210311
03100010111310
00300110113130
20300121010331
03002131202331
30222310223131
30122321223012
30122332202120
03031131200133
23031210230032
03222112300112
03222133302022
23020233020222
13202021103213
23202231023101
31300221103331
30200021333012
02002021033211
13003220031201
10030210320110
00013111201113
30322103230210
32202323102123
30001322310213
13201123233202
02011032132202
02130103231330
01203100311333
03200203311230
00110310111233
00200231203231
31203132001301
13123011200110
31021012002101
00212010123110
02030120110320
32020203101323
10213123110023
00102113111013
00102331321333
02000233112332
02201331102231
02213312113031
02003231102301
12003021210102
11002133211023
10103202322123
21300232033213
03120123223213
31020312120213
02010301110031
10021133310032
00031133110230
02100130102320
12210321303110
03210321000101
21103210301103
12230001110231
21221130330110
11221013130011
12111030330011
11010001300221
12311230033031
02312002210212
02132020201231
00112102010102
00233020111020
00030012110110
00012302022311
00022321022121
02032110221331
02302010003011
10331213021203
13300130022213
13020030131133
33002130022101
03311300202231
22331300310133
00110012110201
00111011120321
10302232021131
30032132101333
21032033031100
32233100320231
32220330132021
10100112030021
20312011300021
33021001320223
10231201001220
20211201230321
32232112130331
20302112003311
10002211103211
13201211000211
03211230202123
03221203101210
33211120012322
33031000122231
33310013012233
03233001012230
13121020012022
13302202332022
33302032232202
33002010203322
23101202023120
03000202021112
00133022001113
11321320322301
11310331033230
31011101110332
11332100223123
12321302133203
30322012300131
30201220022122
30012002131013
30120020013110
30200320010011
33122322020111
02322320123110
23230320233210
23012032333110
02110030133110
30211010021213
32310300011103
31233000111002
31223231011002
33213320001133
31232301110233
31320021131233
31302333222332
31302310011033
11012031001113
11100231231013
12332001101110
23120021100111
33222011031131
01022301311133
31123320210110
31023322103313
03232010100113
30232021003113
00100011133113
20100201102211
20132011021032
02320211021323
32132021021001
32320221110011
02130220202111
23320221203131
20202312001221
33312122100131
23330122000111
11333011031030
20220120113311
23320310202332
23322333102320
01032233313230
03320232020231
02102031202211
20202131302113
33233220203232
02121331321002
03220212033321
03323222122322
30100202301113
30010201230110
22301020232212
23130122203221
22320031202212
20302332022012
33121022031110
20220220323112
22022032302111
21102200310111
00100203101131
00120023002111
11100020131131
13100103331133
00220233100212
01021023010310
02001011010311
02002011231113
23002011201132
20001013320102
21003001103201
00010113211120
22030111023202
23332111033323
20311131330323
20320111330310
21101113330113
23101223001202
33031320213233
31211002321332
32320100332213
01101332010313
01112201320012
30110211001110
32102011020111
21030221100112
03310121002031
32103111022301
31031101012203
03103110010130
01123101011023
01221100310232
33301112232223
03310112122302
01020110102110
01000201020121
01130010001223
01100311101220
01002213011223
31203211022011
31100112010131
31300213110010
11320311301100
33222033301101
02200311321202
33000113312230
23011023332332
31002200313210
31302001001210
22032230312101
20001230013113
01322313102103
03213210230031
10203223031032
02231011030021
12030011030210
12010312020113
13033020322232
03123221023231
00311223210232
00102110233022
02301020010232
03212023112032
00202112313232
02332111013233
23220011013232
30302011100223
22332131300331
21322231330131
23232313230301
20132310302031
32103231323020
22213020132321
22332212323021
31322120201021
03322120231201
33322121031223
23223102133120
32013232212023
31302322012223
12320210013210
23121010103102
23123022013213
21222323010322
12233230130310
21232231133032
11322320113032
21332301133320
23302301013130
22323321110310
32133321133030
11333232332302
13033230101233
23320030123201
21230010102101
12123230110331
22233112303113
11212323100312
10023201010332
31002011033120
31332002110310
11032232311020
11021110331332
20021200333132
20011210223312
20030030022312
20211002032212
23321122003212
23231022130202
20231011101320
20331232300232
22300323012323
21201032323232
23012212302322
20122130032120
23213110232323
22122331332311
23032211132313
22123310002122
21103330100132
20233321000132
02211100032112
32231020012113
22031302220212
23102312201011
23103132132203
31013322300101
23023113100301
12022303100311
20200301103131
22330321030231
21030211332133
31230230002131
21332311230223
01302133031200
01230132300210
20231333001113
23310310031203
11232312333133
21123210233311
23213203013331
20110030032132
20023000330212
12002101303022
31100230110302
32130001003022
13002230030322
22010030233102
20013023330022
12000301330021
00012022303222
10020020313102
20120022313123
02302232213123
22010011201311
10030010200012
22300212013120
22232011013011
22132310011310
23112113103313
23213310302310
02213320120102
21110013023111
12123100132301
33212031323013
23321223320211
30213212223021
30122310122021
02012122330121
12033221123323
11331231113303
11322031113320
12022313213323
11023203013310
21021203203102
23110202030312
20102023201222
13102220201322
12022332201322
22013332033120
20011032023311
02003033223311
32023113203310
31210113123310
01220213203123
21023313303201
11033123023031
13003112212323
21031100030201
31011000323110
31022103303113
20323321223223
02313322203022
12132021203021
13113331302023
13033210020220
31322032033123
02230332331103
22122303331101
21321302331230
00232232231113
13022232313113
13102133010013
21310221333210
23322232331102
03132231333100
01310010300022
10100020303322
30100210203102
13022013201202
12021321001012
13023111032223
31102202010122
20110120001122
10200111033312
12101333133031
02203231301031
20230323010101
20112323310110
01012221333102
00102013231031
00122011132012
00223011101201
13330113012300
13321320031020
00223323302131
32223233321113
30031230321103
30223223301012
13020023130213
33023011100102
13320221130101
20332123111001
20311322231313
13311222333110
31020232331313
11320221233311
11320030103110
11321020132310
11300101010313
13303121033100
13133312003130
13001321331330
10011233303231
21020133133023
12102033112313
12103003012031
32120030033011
33002023323011
32012202332113
01223203331313
21033232310313
22210333132131
32103021100021
32100221201321
32132211303201
31231021030310
31031202120223
23203202211323
31320320222113
12320302211031
02330322110032
20323300201101
13230230123301
31132322012301
11311032213301
13321022030012
21100203121021
11223033112032
11003133123320
12231331200102
11022331032102
20023302311032
03122020312113
30211223031113
31212233301213
31122123330211
30201003311133
00020133113133
20222333111311
22300331110332
21300021122312
21302031332310
21313213101333
02201321201332
30200132012310
30130013232100
11330012132203
32320123111023
13323200323110
30122133221313
31232203021232
31221302312323
30112302223222
10121022302321
11013112200321
13013010002213
11233223020221
11132322230321
11233203121020
02330213101300
13120323222022
13230223122021
13202113220021
32021023202212
23022002312212
22023133223222
11003201300202
10003301202102
30301232002101
21311023300311
32023322012102
20020233121102
33022322112012
33322203111202
03112202321021
31132002313020
33103020221032
21321003032021
03010231200102
01200012312102
10020231003111
10022110332212
10320100233231
10300021023131
23201200113201
13201021322011
12010303220321
10211003212022
10003003223322
12223011323322
11323223223322
13300011330022
12012012333132
10202120231311
21300311130001
12013012001231
11131123032310
11223320323111
11120213033231
01112032330312
10202331101110
21322130023211
13122231103021
23122103033321
11231210033201
21230232332221
31230223013320
11301123012020
11323330102020
11313211023320
31123323102202
30113200020120
32332001323130
33031101321330
33133221031330
33203223312332
21300203312032
10300202310120
33012203033312
12320221302312
12300211002121
31022110312302
02322130330232
32320223321220
31303220221202
11303221110022
12333031011303
13232020213201
31313020020231
13113022123031
31130312313033
32032330123133
32220331031310
12213031021331
12320303302231
20232203332312
32020323300312
12220132031011
01033311011333
10132303010133
31032101233001
33032021301103
30322022132110
03122230101231
02212330111302
01120131022012
31130121333010
31232123330022
13212133010220
13312001211020
23313033223220
23210303122232
23312010332313
32100311333130
31210232311023
10110332330213
31011330331203
22110313312032
21103323111323
01112031012323
10032202301323
10210001331302
10032201023312
00331200131133
00230113130133
10331101333203
30113321302032
31033213203233
31100300032022
13300100210232
12330011301023
02103200311023
12030103212223
11030310212133
30232323032202
11213303313002
11330133230103
30201133213001
02320111201011
03332011101002
22332013310323
22133320111032
13332231001032
13322231300311
12311010012332
13313131001003
11031012101010
10332113010010
12033313210020
11332131102302
12033323002213
01023113001323
23312213110032
33323231210032
30121013221332
32010213001032
20230113302022
21231303031002
13230231000222
12302313010302
11302000310222
11023213300322
00222130131202
12121313100022
21021113300121
12211030001222
11120001011322
22121313233012
22023121331302
10121312330220
21103313323302
21010011330312
31121133232302
21330123220222
32303012223022
23032122232312
21302102102322
20122210303122
12232210303212
13332101003210
11300112021310
13032300321133
12131100320123
01001300111323
22133110213020
32013321103002
11203311100201
02121210013021
20331101020021
22133133010002
10110302102232
30110130233223
02001310323223
12110223103322
31032022320322
02201310130022
10202110023122
11001210023212
32110133232210
13110133202231
03021130032202
03212312023202
33212213103202
13330122303202
33311221203222
33113202330223
00230112033202
03221113022021
33321121210021
20002110113222
20020330113232
01223102032102
33122312232322
23213002030102
03210102333110
00323002032022
00120331320232
33122311100222
23113111000221
01131100330213
02231133000221
00113123300123
20112133103232
30113100210323
30010132100232
30010011023232
30003101120232
00011101021232
00310110212213
31010332232331
11221331030222
12132332002221
30323112332002
30231121132010
00232203130120
02202113133101
02023133001202
02011213030022
00200103030222
03021001003322
13021121303232
30212130021232
30210100300312
31012000102312
12321000102112
30001010103012
23301013120332
00011303300222
23223110001212
20331120012232
32301113113230
13322321303022
31313320210032
21233122030212
10311220033322
01120230331332
03120111230132
12300111232322
11010113132323
01321201101332
21212303322012
00033302202012
30032121120201
31033222122012
32101210232011
20012030033322
00030120233322
33300121030322
30212122133312
00112221033212
23111211333012
23213021213332
10033120113001
12331200313010
13210321131303
13233021032302
03310321122133
02321031332323
32032203323222
01223033003022
12320032213213
23000321320132
13210212301331
11010213302120
31312133023301
00123303102220
01133232020022
21323032230022
01230300223102
11133303110023
13311023310323
02223311032212
30012320031220
32022231031220
10012302103022
12201320203122
33120120232212
02131221023012
22132210331332
11011320230132
30221320230312
11021312010322
00020121011122
22320131132301
02020320331101
23322013233322
31031310322002
02113000100121
02123100023311
10110001030212
11200302330212
12130303210313
03130002210113
30100011210012
30120012030112
32122002103112
30110122311020
23123330321001
20223231332201
02213113130202
21220332313120
20201131133220
33111313323320
30311121102022
21013312003322
30201300233022
33321220133022
20132101012022
12103212302022
12333003002022
11331203100022
31311021000322
21330113002332
21300112302211
21321320021012
01301110033232
13010011300132
13011202113013
31110112301323
31331123023323
02133102103332
10212133101031
23010133013233
22003103113332
20031032101032
10003113230120
00031202001212
10330202113332
12332020123232
22333020122101
23330212012202
33210220110222
30130220212123
30330212002132
33230331102220
03300213100022
10031331300022
11012033230322
12301301323020
11330030212302
03133022110302
12311203113302
02310202213132
12310303131300
22303331331130
21210313132010
12323320310332
02223320333221
03201332032201
23103111311033
23033311130103
33311101102103
33310011203210
11312001132022
21131322332022
13131101001130
13311030311003
33110113111333
33022331113332
32021301332302
32112031230102
13212101033222
33111011332223
13001031232313
31010012113202
30312022331302
00123323003021
00132323000322
03131332100220
30011310002211
00301203000221
00221213323221
10232213302221
32310110202221
31200201110221
31002111323221
31332223032322
31121311032301
30211313113233
30300113122323
33231101112323
23323021102231
23323300300221
11333113100031
21313003302120
23312302030222
23022103101222
30211101131320
20312301223210
22010310122312
03132103130230
30211103330232
22113233302122
22112323033112
32230030033222
31021310033210
30102130001213
00131210021231
31321003123031
10132300312310
31323112110320
32313022310320
00120311211310
33213222130132
12333223013002
12311130203232
23331330320022
33133301200022
23111330021223
21123320331223
23101120133222
30111301330120
30312113300222
33131233020220
31131331232223
01211133023222
02010033323022
01030101023213
10231010311233
10021331011230
02113110113323
12001333001132
20201303010132
13201301013013
13100112101022
10003133311133
23023213330102
33132200331220
31103200133202
32302010330021
31120103312232
03122310330123
03122120032131
32102023013022
32000132132022
31313230223022
32102302231220
03021113231220
03201003123223
33323121323332
11323323133023
02323123013320
02113332313320
13013101112320
23113030332202
10013331331200
20212013013222
11201233013223
20130312010022
21021310132331
11023301132220
30211000332221
32111302321022
30001323223201
10001023231022
20013013132320
03220230313220
00230012313220
20230030221022
32102130322211
32103120303120
21021303123120
31323021310031
31131323310020
13030203230021
22101003212312
13023003210210
30300221301201
10223033320221
13330322233231
12310022323221
13200013023221
13020213232201
01332200112201
10011200213221
10212023132021
12011010323101
33001101132013
33010100032021
33312100230101
03302001021101
21300220101121
31030013102133
31133121102323
31022313110231
30120013113031
12332201011331
23032320113302
11333201212031
10322321232021
11322302213321
02302303212320
21020303211223
13203130321023
20030320101123
00302221101122
20003211102122
00031211000132
03232211103132
02133130110013
12111330100212
22030321311133
03213303111333
03210233222132
11130233223222
31100302213322
11130221331302
21101130133131
31100101021132
10110321331133
00111323313332
10032032033012
10030222303112
10012210311332
00031210113332
00211230333120
00011223131130
30020123103212
03001211332323
30110110322113
11200110332113
12203212033211
30023112003231
30202331323130
31223013211001
03113013313200
10233131110103
11020203232112
10132011332210
11131313330302
10130121303031
13113132120302
12321113233321
01123113113032
33320323223120
33310023220212
30010323220102
22313003223012
03011002122101
03013012332103
13320010321313
33303221021323
01312201133213
10210300032113
13310133011030
33211230111301
23113113231010
23132032313013
10313133311300
21313133200012
31011133103013
11200131310231
13113310320301
20311301032331
30011311121332
01311212333123
03211120331223
20112103331213
30123103331100
33013302122302
30001102311302
22321102310012
22301122313322
02233311313323
11021231133322
13120312113332
11320131330332
10023123120222
10232323210222
21320002213122
01320221312022
21332232313223
13102303322322
22320302112322
00223302330322
31311032011133
23210020131201
10001001131331
00132211333021
10333022333021
00130223233201
32131220233101
31222101331012
21033310330022
20303312231302
22103021021312
21101102130321
20301132313031
23203323133231
33312323133233
33022113313331
21321133110301
21322300301011
21323132100131
10233111011302
13213311102332
03111233231133
00111331211323
00013131310223
00112023322121
01211123320321
01011023223221
01023303232213
03003210322113
01131232113331
00112011301123
10301101120120
11030313110310
00011320133123
01310312331333
31113102233113
21001333233222
21003120231222
31013002001220
31230020201322
30213032202322
31110132200122
31130113320331
23031133203213
13031233320232
11301333201302
31001303100322
23003331212302
23031303111330
03120313131330
30311301113002
02101030120322
02010112021322
03203311302130
31231332211302
11133232131032
01310331102032
33123123311233
13013113020012
13112031210012
13322302120212
32300211210222
22003231320321
20221132303211
00011322302312
03021333200012
30300322303212
00300011320312
03001102123012
31131102232012
11130102302123
00110200132312
01203112213322
21303112123013
22030112331110
00301022132322
33020220130112
33023123213013
13032032132332
12132333121302
00303121003022
10323321100322
12012321013321
00112311131320
10033321130232
30003321101131
11103031120222
01323331120022
01320233230221
01021322323222
13321203132232
21132003331022
21311011333222
12010001231222
11320330323222
01132030003012
11332313332022
31030003221222
13011203010322
13010323103202
13012131032210
03103200103022
23033021122210
11313120132302
12031102013132
20032201310322
21331002210221
31310300110223
10212300121012
20031003230322
01322021311302
02232213110021
12232002311022
00312312010021
21133120120321
22130331100321
31003131110323
21003212032112
10013022110212
20310320302102
20213320031011
21231322003211
12013220132012
10103223330122
10103103021332
21010213011302
31032130132032
31103212021322
31002133023132
03103112221301
02101120123011
01311020220112
20312321312332
00123310133223
10012333212120
31302210321120
12302202130112
12300033202122
03100233212022
12103232213312
11030320020112
21313002211320
33002001013021
31203000302321
30122001102121
01223210310221
00232323301232
00123322110221
20303301230022
01333222120211
03123110112001
11001100110112
10101130032312
10100032221121
30002011221121
30012211020112
30011022201121
30112313023010
03210113103001
33230133203022
12233131203222
12031132231022
01101233223131
31012333222101
30112232331221
01123123301201
33102232101101
11120313313213
11301323122013
11030132032322
11332003201322
12113300201120
00123300210132
33300210111023
13330031012223
32100012211021
30201212011011
12012120030112
13121232030131
10123013110213
12331301120232
02332001030312
11323100230311
21210013312322
22033013303322
00330201330222
02213021233222
10230301023222
12030031101332
11310133312220
13223201312322
13323231022123
13303101102022
13232333032213
10323000332011
10322031331002
03210323221201
01332033122313
20133213012133
23233113012223
21031310223123
13330012231013
12330222311323
12000121311322
12000330031012
22023300233122
01331002032201
12321023321322
10010323002122
12032131302132
00200330020122
33311231120133
03112303102332
11323020011132
30132320011323
33032123210310
33132323212220
31203323321031
21311203311331
22031133021131
00110033112331
10110033003321
12110333110120
12033310122120
10233132212320
23101032301320
22313133301332
30101032331202
30100230312232
00103323121302
10210331313332
10132302113202
21012330011120
10023102122312
13330331202232
03302321320220
31012321320110
00332031131200
00232011132221
03131031022331
03202310103221
02223213113322
23230210321213
23230123031323
23332312221321
12303132220221
02003012221221
12002032123121
13000211131222
23001231011102
21232030120122
32123233030132
02113330112232
21130303012320
20113330013210
23113102001101
20001330303212
30001330222121
20031100212123
31201230113232
32112032132321
32202003233121
33202131312223
20111231313321
10011031012102
10110203311202
11001023033112
30001030012322
32031000310022
10111003113132
21131001311332
21213302133232
20012011031212
32110110031232
13110231233120
11210023233121
10313023322310
12030101033123
13020311333123
10100310331223
30120210321221
32312000302122
13110013033123
21310101002212
31000131301202
11000120333121
31113003030012
23100301333022
00111333020112
10011220302111
33110232333131
23121323223311
23330101223321
31212032332111
00102303332012
11332023310012
12332312320102
11003000313312
12030021232112
10313000131203
03213113332332
11121303332122
23311210023122
31311220023111
01101310300131
01003103200311
30003132030222
33002303002122
30133230330222
32311203331322
03110231332001
03111010132201
03100013233321
01130102233321
01123102323123
01113132302221
01100231300211
21100133103011
23121033310011
21031033220021
32103303000212
32111311310021
32220303012312
31300302010012
13000310322212
20123133022212
31031131220222
11011313320122
13110313223132
13112003223121
11313032330123
13013322201123
32303331220120
32033201230221
10033300102021
10003130003221
22230331201231
33232023303321
31110133313322
13032312223122
03302211222312
10033112120132
32011313003222
30211330320132
00131233212130
01130331213302
11102311133012
01022102133212
01310213132232
11101032311312
01013003201202
00011013233122
11031211303123
00311013112220
31001231233021
33133110130223
02333132132023
03113231113203
23331021310013
00332231011302
30131212103222
30213221313223
03030222313222
02131203313022
03203021310223
30030021313322
00300223213131
30033221012022
00033011003212
30100301323312
10310013301210
20032311303120
21030131003131
00011310321310
23020101213231
12033201012201
30030232212312
23300321021022
33303010200212
20301030232101
33033110022132
13013132022122
21300333230312
30232101202122
32302101220112
33032231122102
02333101002221
01332011202212
01013300333222
20113323032322
20003111332321
20123031103322
22113023131012
21103023321120
01113010332021
02210310133321
20123023011202
22301003011022
11203331031323
12300313133120
30223331123021
13332331311333
21330120112322
11333022101232
13031222100212
23010221321021
22310011130122
23020131021210
11003321121021
33012012313022
00110123131210
00100333023211
20133312231220
32012321231301
00122131313231
30111231232012
10030133323012
32120100131123
32332110223132
13301103220312
02303102133133
01103303232102
02110233321112
01122330132132
01012123312322
03012220123112
03010320320312
12131023213012
10131232200211
00122301001312
01230121301130
01232301213120
01222333101122
01223330111210
10231331113223
00303011131233
20330311131323
20133011333123
20120010330121
30113210303231
31303210003312
30003023120311
03001300232321
30201102122311
32211301322311
22310210113311
03130121323022
13213112330122
01130112130222
01230102132231
12113312333212
13313132303220
03132013103220
31311223301120
32331320300322
31321131230120
13312212300121
30102013132322
20320213331322
20321313313320
32112133311032
10111333131102
23303020133312
03102023112201
01011332213210
33013322013220
10120131311320
13113031132220
13020333013022
11203220131321
01233202133301
20120322133211
20120303121210
10210311232321
22313312233231
10113000312321
10030100213210
20103021312221
12013003221211
11302103322112
13122032301112
13112300311101
00211133221312
31010100331231
33030112012313
01010320013221
00100133113222
10321012313222
23331002133223
32120312133222
10220303133122
12132030013322
11030230013102
01211003131221
00321103312301
03131001200221
02110103303122
21300013111221
10212000311211
23010003111301
31101002321101
20132100131101
01310001110321
01221013011322
11311020301221
11311101003121
10131210130221
23230002323112
12333010023110
13013000321102
13133001222122
01303011323232
31110011323122
30231010123322
21323113132322
00300101323021
32131031133023
31313003233322
03233321323232
31132302133312
23012332113222
01333021332213
22133301123221
03100033322011
00202133321021
01031213003110
00310131200212
01101103231222
03211331001022
11312311001322
11233210100112
11131203303312
11130303301102
01312002311132
33102001121122
03120201333111
01210021133112
03100020313012
00103122132212
32100122313113
01010103310113
10121010301131
10012103120211
01022203210211
00312032301231
00122032321101
00232132021102
10330323231220
10231131023210
00013200231122
00020320032311
30033200010112
30022030331011
00032313320012
00233032023312
23330210233102
21233201013102
21023330110312
30031223330312
20031231333222
20213123233122
01033321223312
31003212123102
10230312012221
11230032131222
01223032110222
01132233231202
02233012231232
11032011012312
23033202221122
21033121101022
03332000321022
11033310003012
00302031322123
00133201332102
01213320021222
01032320002211
10123102010211
00301201211202
03030010210322
23210102131322
02103013200122
21113200313212
21003303132110
02100330012101
10331001023102
00331001102231
02330012102321
23302133130222
21302303111232
21200131013122
23120133322122
32031103322312
20312231321322
01032131312202
00332132123322
10333123110332
23330033110022
03320332310322
00332233200321
33010333022321
00101303103321
33033233001222
12303011303221
11303233032221
00130221012101
10133211120011
21310113120011
32323023030011
00320013013012
32020030101112
03000301013222
30201030211012
30203101323102
30320300121222
00300031231022
33010321100122
01013213002011
03133300020212
31210001311212
31310020211102
33000202312122
02210302011122
23230201131110
13232210131001
13032111031120
10322001113112
20332020113012
20132233211312
20030002011221
30330122010221
31011230011221
23212130001221
22232030011121
20322230011122
02201230321122
22011103311021
12312002331121
32220320231122
32213010231102
13221113103312
21332010103311
31330010111331
32033002032312
33232001033311
33303322003122
31130021023311
31322130102122
33222131210312
03220310122132
32012133213212
32332032213332
32032021113102
32330032320021
33132300011202
02301230203110
02103102310011
10131223010112
00301131213020
13230102310312
30013020113132
32330203131233
00231323110313
02110321103121
23331210101201
22233102010121
01313332001201
00131332031223
12333120121022
13312003010132
13002103310131
01302012313312
03300122031212
33002013121313
32103002313132
01002030312111
01101221331011
03132102033101
00130002331021
03101312232110
33213302331103
31103012131103
32111032313123
30101110331321
02113133310301
33010021330321
30111032030121
30101333012201
10020332031221
12211330231021
22013123313210
20030023013311
20201233132212
01010331233201
20033323012221
01003132101322
01010332121113
00131131223221
21131031123313
30032302203321
33002302111322
00322330103011
00301232311323
12003101031321
13100300123131
03120230032122
03013023013322
03303130322322
10330113133232
03003123012231
03003322001321
03033033202221
03213300203021
03131021301020
23131322011020
01013130011022
01133000123122
02313030131230
03030120312210
00032101302101
21330131302021
30321102102212
32230130323123
30231201213123
03113010001112
33110300030111
23111320332211
30132003012221
00323013222321
33022330030211
13202233131231
32022230132111
33102223321121
10320303001021
30233302312100
13123230312201
33013013122010
02001003132112
20231032322110
20320311210212
32313311000210
23112301101012
13113010110102
02133001131002
01200313031101
31303011010202
33130001201112
23313230021313
10332031030321
11302310213201
23013102103321
10031131230011
13111311330131
13313211320130
31310113021130
33303211213302
32331112213313
32011100132131
32021330013123
31000330312312
01203300231231
33030012302012
30331122322122
20013312201212
23033320201213
02322332011222
20131133210222
03013111320021
13113302232221
13113301100321
31013301123331
00013313100311
10111312103311
10120130212011
01210301212021
03311102123221
00230033301221
13330003031221
03032100310021
03301210130102
02302101113122
00103000112123
03032021012321
33302230123131
01323202300121
13223300101312
00232330300112
03103001120211
03302202213311
03200302112331
13203203031113
01013202212312
30132102201211
31310012212312
13013200211131
01033303113322
10313033031322
20131312322321
10031312123212
23032311212331
20313111302231
22001310121011
21003313221122
12333102201123
13121330121322
11021333012212
11130331302312
03021030302311
03033202033221
33310300233221
33323101202321
23303303120321
33233003120312
13203310320132
33131033100322
33200332003211
33223332320122
22333232110123
13322333211102
13223130223112
00310232302111
00230223132311
22331302111021
11333100111220
01331320112220
32132130111320
12223133313122
33212323021122
32313210213220
32113100123210
23113323123133
21233131011320
20213113011032
13100331212221
31310331221133
23132023123102
12331330201013
23013012110123
31030302102221
11233302322121
01101330211201
01001330313021
30130330201321
31303032203311
31323303220121
30303100332122
33301223313122
31301013332132
03133213331233
03330323211233
03011123210122
01321333212223
03123011321223
33123001311310
32120333121223
32103302103123
33003232331022
00123213101113
01133203331120
31112033110122
32322231310122
01032332130123
01333213221222
32002332101021
32021132312321
33322113012221
33312103132322
33110003132212
33210333231120
32021033111220
32310010112120
11321003311120
11133323011222
13303332112322
21310233201122
02132331201123
03202231201121
33210111031123
03321200311322
33320031131120
32332333100012
12231311331020
01312313311220
22133231031222
01113133201110
13332333110221
12032333013201
12031131113013
20032103311310
20302033301011
23023313010120
11231323233110
01121130203111
00011332031132
00012312311131
20130110311220
00210031032121
32011310311130
03101231331302
13100330301021
12010323331011
22333031312010
23032003130012
33233023031022
30333213310322
01333220331232
31330023011210
03113310221220
20313330210120
01310303101222
01131311010123
13301101011123
31101231301122
03110221031102
23320113030122
02101332101102
03130320300211
23313321101103
22013320131131
31331331001230
03202331131032
01203303133012
30010013232211
30100120211211
33210032112123
31002312131223
32003312332123
31030312231001
30223110011122
33203122011123
32233232113222
23213322321312
33222303313212
33023310213222
02300331332312
02332212131322
03301112111322
00020330331212
01203132312123
00323313012122
02323031221222
01023331221132
03122333113313
23113120311323
01230230311313
11333203013123
22321333131123
22231010331122
22312331312021
02231202131011
02011131130211
23200013310211
32233120211313
10113132031113
01013012031313
01131010323011
11132302321011
30021323301122
33021302232011
33031012030311
20103101113210
31200121231312
31323122302113
31310332103102
33102032031132
31023203211122
30321100323112
12312331031120
33102303130021
13123102131323
13110102133121
13310123332321
10321033321031
00323031132103
03303213311103
02320311331022
02333012333012
32321220331112
31212302310121
33213121032231
10021323113221
10313331020221
21313103012221
00313103002012
03231311002312
03331322010122
02001333110122
03331232023132
01132323232131
12313020303131
11123332130121
03022333031321
03302132231321
03331132233123
01333223033011
01032323330311
00323133033221
13033130311222
03331102001102
01133011303102
03301113002122
21311130031122
22103331112012
10313113230313
33123213303120
03103132300312
13303233301312
33201103100112
03012131103012
21330121011013
12302003113321
32303203113223
23320333011221
22320233113121
32300331011213
23100331131320
11030311311202
10332023112122
13033123310102
12002313311212
10303133000112
11310130030211
10330132131302
10303013201123
03220133211123
13323133013232
33321023301232
33301020101120
31302032131012
23222131331021
23221133321012
23332013112213
02220331312211
33321311122310
00223332122111
02120131113011
03202020121211
03213220012121
03132123011223
23231102301110
23123010030211
23110101132011
23310132211012
03331233110120
00023023311210
10010213110121
10103001130121
00201013301212
12102312330111
12133210310213
00213011312122
12310131012012
12132320130113
32332200320111
13332300030112
13023310001121
10233133301120
01032212331112
00021103013211
00233101203211
00333100222112
00023120333011
32031233310213
13230331310123
13012103011212
13021301322131
10302313323231
20311132012312
21331103033132
01031112320113
11013331113122
03102030113121
33021200313121
01022131013121
10102321123311
32101130113122
32231322013121
00231100213021
21333232021120
12331231002112
32133111231022
11303130130122
12333013331202
32313301313222
21233113331221
32013133131020
33001112113121
33030102301321
32310111321302
21300131131110
22301313132213
00133113010221
02331212300011
20132303303311
02232003323111
01232003212112
31230130212120
10131001210111
02231303332110
22023103031011
32332313001213
31120313101110
33010101121221
30201123120221
31301231102212
23213233231221
31320231322111
31332013320201
23011033031231
23311003112231
03332100011131
03301130211031
33021313012031
13303111231202
13131110231021
01323300231120
00303131300121
02132030132011
32202133311201
32303311311002
31133313031100
01313101011101
03013320101110
01033122011102
02031321201210
03011233313101
32302321231132
33231323332132
31312310330102
31113210131022
02301312213102
01130210131210
00330230031211
01231033231012
02301002310121
32330101130201
33031131133103
32020021311211
02201130111321
33200232313110
33220032311331
03320103131213
20131303122113
20201300312311
21001013112311
21233001123131
20001103313112
33301132323113
30013131023213
30013312310202
33311131300201
01330111031331
20023231131131
03231121310231
00223112133131
32223311331101
33203322131021
03212311331110
02311231031221
02033231311022
02032322312112
32203322333111
12303320232011
20033030213021
20032303231212
20011303112121
32012301310312
32311032110213
10312132110011
00311330101213
02131310012132
01133021131123
02100302011311
23030300131321
23033321302122
00213213033132
00310112033113
03201321033121
01113213130112
30313203131102
20331003131232
13311231312022
03130213120312
01330322011312
03303102321132
13301123311230
03302023311131
13321020211312
10331002321321
13332102331310
03230031011122
33302320110121
31023021011121
03023310110131
30310212120211
33302310302312
33130122312231
33110120021131
23111200123311
23203110123131
20103302331131
20330211211301
03100102313131
00113001310131
03311201031013
30113220121321
31113120113012
11321330011121
03100111312211
10300113320111
02031021011201
23030211011131
13330112111031
13031101113221
11230310031011
11303310121102
00230311211123
23031030231123
30332230231132
32333202233112
03323201301112
03331001003111
02301330123132
32332322310311
00332020301311
01031201121313
10301203111231
03030131112022
23013011232112
00103311122112
00102131231112
30201211323111
30011321333101
20203031320111
23303123131301
30201301310101
23311213301113
32212213331011
23113033020110
23213033301212
20121331230111
23103303323011
30330312332021
20331031132022
03132133302211
23332113232231
10322312312312
20310211323113
20311120130111
23330133220131
32230301132331
02123113012312
02031233033312
30213011011231
23330121322120
23320311311132
23032231033112
31303103232231
31313121233201
31103011223211
31333113332120
01333110313202
32123031321201
33121331220221
23113313321231
33211012321021
33101011013312
23233103331132
22333121301212
23331311322112
01133131132210
12030312112301
32332321022211
30303101201130
31303120031213
21331300211213
20213330332112
13130230212132
20313010121122
23130320112112
22303031121121
03230103312102
01030301103311
03113032331122
03330333132122
03310030112102
30102331032111
00203033313112
33303030311122
12302233231121
02301321303112
23133230320112
32133212323210
33213210123213
31113301011232
30113323103120
13031033210201
02313033213201
02331031013212
01303032130321
22233230213211
21330323310211
20303331012132
23030033211132
13130001013211
11032120013111
33032020232111
33103121012210
31113031013010
23130130311301
32122013313211
13213013113231
20330332312113
10310231131130
20233102313331
30332013122331
13013210122311
13212302231311
01121300121311
01112330321211
33133303021322
11133301311131
11313313112321
31011023110211
32331122011011
32312223011321
13312213213321
10331231331021
13300231311321
13311000133113
11330313201331
00330312001011
10231332201131
02023100121131
03223213321131
00302102112111
10332012213111
02332103121101
10030121201211
11001320131211
10332133121132
13311013102110
03003132232211
00311311123131
13013311311133
30231113101123
33111001021211
33311320010212
30323011320120
33231132022121
33112021301212
23033110133122
33002113231012
30033113221031
33232113211322
32030211312120
30331021320131
30333100121201
11333010112113
33302031120110
13201103312211
30003103331211
03103130121012
33321110111012
03221313112012
03321121133120
03331112312130
33321302113313
03330201211310
03232132110101
30323122110112
30323232013131
02323302131312
32333232031210
02331302313213
03313111011212
31213131032122
33313032231101
33101303311223
33313022112210
10313032112201
01113033111211
31231110031113
00311300303111
10133010133101
30331320033211
33300133112121
01213133110131
31233322021112
33001133111011
23112231013011
33131123113120
31312333133120
01331210010312
22033112110312
11310213013101
33310311013201
13301301131021
31210320123121
31210133022111
32110323011211
02313321121013
13213310021211
02333000211211
01203311011211
03213031332211
00322212133211
13233121302211
13103212130231
31133220231211
10133030012112
11231133010111
23113031211321
11131330123211
22333013032111
20133122103111
00313321202011
00130332313011
03033211032101
30133232101013
33103320011231
33013331032312
33133323130012
13303222111011
13131132101011
11331332101221
30330032013112
03003130013111
33001311301123
32332211130212
33011313201312
03312311213122
33130132011332
11332133313321
13030223321311
31130133211213
33301321232012
11331032321113
32133132012212
02033131121221
00313221112310
03133202111213
02103123312121
30321312321213
33321100212111
12331233213131
22310332123111
13123311010101
33133310010321
33103311320121
13330023120111
03331331021121
20113100321121
10310131321121
00203121131121
32032212133121
03213011223121
03330113113221
01131113311321
03131211033311
31313202210111
03103211313321
30230131113321
30333211121113
11233021331112
23033313331011
03003233111212
32003320311121
30103133011121
33233001311123
31033101121110
32311331012110
32321133130312
30331133132221
12333110333211
30231130302101
03021323103111
30331002123113
33111302123112
33010002113111
33313003100211
13313032013121
30031123100111
03303311210221
00330231122011
30232010312011
31231301331031
32301123321211
03320112321110
03311122032111
33312133320111
13230320110311
31213303121113
03311233012011
03303330212311
01033312313110
01331313032113
01333231121131
31330321020101
31333121311122
33302221303111
33312330132113
33103130202113
31303321002111
12323323012111
20133133323131
20313131213101
33233301101132
31303213301131
03133012302131
02332112301121
01333011130111
00233213111211
13332213311210
13323031112110
30213301112212
23031330011211
30030311331312
33000311023311
11131103133111
13233303132131
11013323031321
21013311321313
21033111313211
30323323123210
30032301131221
33213231131212
33323133231212
30030033231121
13313120231112
30302310233311
33033221133110
32201313131112
11301231310111
12301131011311
13312131313112
13323111313121
23032132131211
10131231132311
20231321123310
02313133123312
30331331223112
30323313311231
33203012113011
03123312233011
03033131323311
01302312123111
00333121230113
10303311200111
31322331121311
13231333213011
33013111013011
30310213033011
33223133303311
00330311333111
32231311103131
31233131130013
32330133133011
10333233013311
13123310123113
31231133232131
11303331113311
31031322311131
13100311303111
30233311303311
31131330331112
31031330203011
33133101330011
33012331300011
32213303010110
31332333031011
33013321331211
22301323330111
03313212113111
23301011331311
31231231213311
13103323101311
31012013133311
31120332113111
32033303311311
13331033111311
13313310113312
11331110331101
23311331311101
33301313211010
33131213121021
33131003312111
32313102111311
33130231113031
33123211132311
33033031310111
23132311310111
32133313120311
32133133131331
31112311010311
12031331033111
