--- Global Parameters ---
Code Length:			10
Min Codebook Edit Distance:	4

Max Run:			0
Min GC Content:			0
Max GC Content:			0

--- Generation Configuration ---
Generation Method:		Varshamov-Tenengolts Code
VT Code parameter a:		0
VT Code parameter b:		0

--- Results Summary ---
Number of Candidates:		26164
Number of Ones in Matrix:	4560312
Number of Code Words:		858

--- Performance Metrics ---
Number of Threads:		32
Candidate Generation Time:	0.03	seconds
Fill Adjacency List Time:	3.52	seconds
Process Matrix Time:		12.09	seconds
Overall Execution Time:		15.66	seconds
=========================================== 
0000003100
0000010030
0000013211
0000021131
3320222222
2033222222
1033233333
1320333333
2210122222
1022122222
2210033333
2123133333
3320000000
2210000003
2033000000
1111113102
2123122223
2310222233
2133222333
1023222233
1103222221
0213222220
2321223333
1022123333
0321112222
3313122221
3111022222
3233122233
3133112222
3310111222
3321111112
3222022223
3221321222
2310111111
2302122220
2033111122
1023111111
2122111222
3223111223
3113111113
3303111121
2203111110
2203112221
3320112233
2133111233
2022111133
2210011122
3320001111
3310011133
3310002223
2122011111
0212111121
1210111333
0211011110
2320000333
0310000022
1113311122
1013112223
1223312222
0032111211
3012011112
1312111132
1311011121
2033001111
1033011133
1222311112
1332122213
3303222230
1132111101
1203111232
1122211123
1202122231
1201022220
3001022233
0032122200
1121011212
1212011220
1111121220
3112212220
3111311221
0111113211
3111131212
0111121131
0111110030
0011211222
2111211120
0022212223
1002002223
0011322223
0103122232
0111212233
3112112333
3111221203
1111222101
0111220221
0011123202
3121212121
0222221221
0222222103
2222223212
1222221130
1122223201
1112220120
0112221232
1212212212
3122221322
3112211131
2222201122
3222220313
0022220031
0012223213
0222232232
2222230331
1222230220
1222202333
3222011333
0322122332
0312112231
2012012233
1312022230
3302012221
1002211221
2022221311
0012211333
0022201113
0322211212
3322133331
3002033333
3302111230
1322011231
2323111331
0313222331
2211022231
2201011131
2001011223
0002311122
0001110221
3001121211
0000101222
1011202221
2122202221
0011101112
1001211110
0011220110
0011131230
0001232220
0000112103
2011121103
1011221323
1011110322
1111201113
1311121011
3111220312
2111120323
2011110213
2311212211
3112322231
1112301223
1111230232
1111132330
2111132203
1111100012
2111000111
2112000222
1122200022
1112103021
1111333201
3011001123
1011013333
2311011232
3210012232
1213122332
2113312232
2313012220
3023002222
2112231211
0102212211
1101012231
1103223332
2112213332
2111002333
0111323333
0121022211
1212012331
1202133332
0210001233
3122000233
1211000021
1211001132
2123001133
1003000022
1022000003
3112000001
1222200111
3222000012
0011100023
2322000021
1102000121
1122333212
3122232311
3112230323
1112331332
0321021133
1321020223
1121000313
0021000212
1312000010
0202000031
0312001131
1103001110
1111330110
1211120310
1101110210
1211311213
1203001221
3211001211
3210000110
0322001220
0002102120
3122301121
3133001122
3011110100
0113102121
2321022121
2121321233
2122201330
1102011330
2213011330
2222102131
2212211203
1001102232
0001120332
0101000132
0112102032
0002200233
1002220212
3022201231
0003311233
0002231130
0002223102
3022220100
3122231200
3312220210
3111200130
2011103332
3022312232
1211200203
1213000230
0313002232
1113300133
3013000333
1012200330
1132200210
3302000130
3001000013
1001200031
1331000211
2002200110
2002220323
3000010323
3002212330
3002233210
2000021322
3000100121
1110201321
1000010101
3000221103
1000121313
3000220311
3300021210
1100211213
1002301131
2000101130
2000202231
1000103331
0000322333
0010103133
3011322332
2011311331
3000311332
2000110202
2001221202
0000200002
2000032212
2002103211
1001131203
3001131322
2001132313
2201000120
3012300120
2112300331
2002300032
2011300230
2031320333
2011220301
2012230312
2013301132
1011231102
0112233103
1012232203
1011332212
0101022330
0212023330
1001323330
1101322213
2103000213
2031033233
2112232300
2111332322
2211132112
2101102122
3021202132
1031210233
2010210123
1200021033
1100020310
1110212310
1010321112
2032122112
1101221022
3113212102
0211221012
2312322212
2211101202
2221121032
2002301220
1000312230
2021001321
0021023323
1212231310
2311221310
1311211200
1131011323
1100100203
1000230200
1000232323
1110032121
0010202210
2032002210
3212002200
2103022200
1102202202
1232022202
2202002332
2202202213
1102232113
2300200212
3102022312
3102011202
0312200202
2312201100
0212202322
2103012322
0012330232
0132001212
1132002322
1120202112
1120213222
1031023222
2100202320
2102000300
1302221320
1021012320
1032133223
0103001331
0210210231
3010310233
3120320333
3132022133
1021022013
3221022112
3203022211
1221322133
2221012200
1310210332
1323012332
3021011022
2021033122
3121033133
2121003223
1321033232
3312003332
1313033330
1021103121
1122103110
1221102210
2120103232
2102203033
2102123302
0313113332
2301013330
2321001030
3321010033
3312221033
2322221002
3102201012
3202111312
3100102113
3110302132
0121012302
0031012203
0113203231
1202201103
2032001022
1200030321
0100110320
1120300320
1300100322
0200120210
0000330110
0001333213
1000331211
0222300223
0131100321
0221200320
3031000320
3101203222
1010303220
3110103120
1210102100
0201121320
0231000200
1123102020
3331022200
1221002301
1032310222
1010320023
3010032102
0010221020
3000132201
2021232103
1320321220
1220032132
0200232133
1200201312
1200132111
0210320332
0121132132
0121221030
2101232131
0020101310
2101103310
3103133312
3103122301
2203123331
1231011201
2101213321
1221211321
2200211323
2120213131
2320210110
2110212021
2110201010
2110310112
2113300020
2221013311
2102033311
3021033310
3010213110
3201012313
3220212130
3320321132
1202213311
1220213113
1032012111
2200031310
2000231301
2200200101
2020320111
2201100303
2301201322
3301002331
3301120321
3211103113
2231001313
2110323130
2020302120
2220322210
2230101210
0301101213
0100300211
3201202123
3021310123
3010323121
1310310120
3311232122
0321030111
0232022311
0020203122
3220103221
3222103102
3020102031
3203000103
3201001302
3200102022
0101211101
0101131023
3301132210
1101202311
1201300212
3301100202
3003102102
0311100101
0031003311
3321102103
3131102131
3121203031
0012103010
2121210012
2331000102
2031022002
1131003300
1013103201
1310203101
3101102000
1121202003
0311202313
1311103303
2121033000
1321013010
2210203200
2013202101
1321310131
1110131031
2031101031
2133102103
1331102320
3301211311
1310313211
1121323111
2131023112
3131321123
1310322103
1331023313
2132133113
2132112310
1030322131
0120322123
3110320002
3321320110
0131201310
3130322110
2313103210
2311300312
1031132100
3212322113
1110322011
1031320011
1231203112
2203210312
3130232101
1133032102
1213302211
0021312210
2212323311
3011330311
0300102200
0320320231
0032232121
0010232031
0200322201
0200211200
2200121000
0300221013
3311132033
2113330313
2103323123
1201301323
1301300103
0231103222
0231023302
3232023122
3132123320
3213233322
3211302310
0201322312
0100323322
3032011321
3032003113
3131001003
3213003301
3113303330
2331103111
3231023011
3202303111
3103300321
3121322020
0200311311
1201231011
3212301022
3213313112
2023303331
2131303120
2021323021
1131103033
1130203123
1223203120
2023203202
3133203100
0321203100
0321210021
0003213021
0123201021
2231221021
2131320022
0121313320
0221332120
2212330210
0223103230
1231322321
3223213211
1020210011
0023210112
0231212122
1123211032
1021311030
3023210230
3232202110
1230221010
0230032110
2232011100
2003213100
2031202020
2223132100
1221232030
3301221000
3202203000
3320213200
2233202132
2233203221
3230203232
3211211023
3232210223
2223212020
1201212300
2211313300
0201203301
0102213300
3203113300
1300213303
1302200301
3032203021
0202300100
0101301200
1200303300
2221103001
2232133301
3200312320
3300230320
3120211020
3132033023
2232012323
3332023301
2331012301
3232122001
2202322300
2001330300
3223322331
3213302033
3130101030
3330021031
3030303130
1032213130
3020213032
3102313133
3031313231
3321303212
3302203313
0332033312
0332000323
2332001203
0332203133
2033213213
1333203230
1133202031
3133210331
1133210113
2131213030
2332203320
0032300310
2032323230
2031312130
2032212031
0133212130
3331212113
0333103120
0033102030
1030201032
0233211031
0232211320
3313210201
3333202121
3331311320
1033210020
1032033000
3111331300
3121310001
3231210000
3100212003
0032201000
2020310000
3132012000
0123210003
3002330203
0330213310
0132213112
2230323320
2230032031
2232231032
2202313322
2203303313
1123300011
2223300112
1120101002
0220202000
2221302022
1110311000
1300031000
2100031032
2331131020
0220131030
3200331031
1220332021
3330032020
3230322032
0022330020
2122330201
3311302201
3332312210
3032112013
1332011302
1302311100
3320312101
3103311310
1103313301
1302323312
0102331321
2302311211
2132311021
2101312011
2333210011
2312331320
3300311203
0332322320
0322212301
0331202001
0333232103
0110332020
2120332102
1002332302
1100332033
1322232023
2300132023
1311312323
2331323223
2220313223
2130310033
2311231003
2322312203
2320303201
2333103032
2302302323
3303313323
1233312333
3103303003
3201323033
2100323001
0030103001
0020312022
0130312321
0133302233
3313301213
2302331033
0302231001
0212301201
0312313313
0110213013
0132313223
0231313133
0130202022
2230212013
2330322122
2330313113
2330203003
3330211012
1130213001
0031213002
3232313030
3132310012
0011333100
1331313122
3312312302
3231332102
3222331301
0201232002
3203312002
3302332022
1211332003
1221323002
0132323011
0021303003
0220103013
0220313001
2220301033
2232303023
1230313012
1230302113
1332202012
3331302023
3031301010
0331302112
0332312033
0130301013
2331311002
1330302000
1332323003
1331332031
0322303322
1213301302
3113330101
3223330202
3033332322
3303332133
2322332111
0202332013
0103332112
2003331103
2013332200
3023332211
1132332010
1123332230
2303322311
1300332310
2223331332
0312331012
2213331001
0203331022
1313331023
0330331021
0333311123
0223333103
0133300002
3033300031
1023330323
0323323301
0003330331
0133331330
0303331210
0303311302
2323302302
0313300303
2333301333
1333330332
1333301222
1233331121
1033330201
1333333100
2333332221
