--- Global Parameters ---
Code Length:			10
Min Codebook Edit Distance:	4

Max Run:			0
Min GC Content:			0
Max GC Content:			0

--- Generation Configuration ---
Generation Method:		Linear Code
Min Candidate Hamming Distance:	3

--- Results Summary ---
Number of Candidates:		16384
Number of Ones in Matrix:	1731690
Number of Code Words:		861

--- Performance Metrics ---
Number of Threads:		32
Candidate Generation Time:	0.02	seconds
Fill Adjacency List Time:	1.32	seconds
Process Matrix Time:		4.00	seconds
Overall Execution Time:		5.35	seconds
=========================================== 
0000000000
0001111000
0002222000
0003333000
0002310001
0000321003
0001023001
0000002211
0001113211
0003331211
0002220211
0000001133
0000211213
0000130210
0000003322
0000131323
0002221322
0000210320
0000322321
0002033213
0003121131
0001110133
0002312210
0022111111
0021222111
0021031113
0023000111
2000131111
2000003110
2002221110
0020120113
2001020111
3322221111
3320003111
0022230112
0003200132
0003330322
2001233113
0200201112
3100021111
1000011120
1000010013
1000203011
1000331010
1000122012
0100221010
2220021110
2222331111
2220113111
2221211113
2222203110
2223101112
1122001111
2003330110
3010030111
3011121111
2111031111
2111222113
1121121113
2112230110
2110012110
2113000113
0010133011
1002301121
0023321112
2113321110
1123231112
0030211101
0133011111
3323011112
0132221112
0130003112
0133330112
0131233111
0131112112
1300311112
3000121102
0132100111
3322100112
1033101111
0310300111
1003130011
1031323111
0203213111
1210333111
2333231111
3323330111
2333110112
2331121110
2330030110
1213011110
1033220112
1302023111
3011013110
0310113113
3102331110
3103033112
3010223113
3011332113
0201310112
3231031110
3230012111
0300011310
3322313110
3333111100
3003001100
3310111011
3013110113
0011011012
3002031311
3003133101
0001303131
0302301311
1301200112
0101000012
3311000011
1031002112
1120102112
1212100110
3002110100
3021110011
0312010110
0320011121
0012031121
0013333123
0013301013
0012210013
1001100120
2013111101
2031000010
0011202010
0011122120
1330001011
1001313122
1032122110
3001223100
2011201100
3331201101
3330310101
3000120031
3002022101
3332000100
0300200103
2220300113
2300100012
2020200211
1003002010
1123022110
3330222100
3300101000
3002303102
1000201200
2203111211
2220232112
2330223112
3320322112
3300112210
3012320110
0232021011
0132032110
3232302110
3222011100
1220111013
3201111120
1331111122
3231222112
0012322012
0010012200
3001101221
2121111121
0331010001
0332211000
0303212100
0303320101
0033100103
0031322103
1203221100
1200112100
2200011000
2010310100
1020031102
0020211022
2200310210
3300033001
1213202112
1100022001
3120011001
2120001012
1222201012
1223031011
1221000013
1201003100
2210011123
0213001103
0210121101
0103112010
2211101010
2232101101
0102001201
0231001122
2201101133
2301330011
2210122011
1021113101
2302012010
2023001210
0200200021
0200010301
0302033102
2300311201
2020010131
2200331130
2013021311
2312011211
1012321211
2123013011
2022110210
2122102011
0033223311
0032013312
0032200310
0030300031
0033102312
3333023101
3333113311
1131111311
1133333311
2332133113
2231010311
1132222311
2322222312
1130013101
1132231101
0122202100
1200022310
2310222210
2322022100
2321223101
2321311100
2320013102
1022312100
3223100100
3220020102
0220022000
0223311000
2232033100
2233331102
2020033000
0121131100
2021122000
2011333101
3331333100
2101100311
2102132101
0122330101
0221300211
0222011213
0022021301
0212022102
0223221210
2020121212
2020332210
2200122132
2022323001
2321313311
0222103001
0232300012
0323130010
3203310011
3032301001
3033030000
2032120012
1103311001
1102200001
0330220002
3030110002
3302323000
3300312002
0333113002
2231113102
2203211132
3031131212
1101131210
1111220011
1102330211
1220230010
2030230013
0323211013
0333021003
2033031012
2030101122
2030220121
2003010020
2003331023
3000331222
3200321123
3003321030
2032211123
0232121120
2023210003
0103201123
0032121313
2033222010
2233122100
2021331002
1233210000
1231331001
1013300001
2203300002
0023320021
0221320002
0032012221
0033222222
2013230102
0033031220
0013321200
0100330120
2303003121
2300202120
3033320211
0033312032
0031321221
3032210131
3313222011
3332213102
0022113300
1101133001
1011010000
1013021002
0112121000
1100231003
2100103103
2310303001
1100303002
2310110003
2312200002
2311212001
2310022002
2130321001
0110330003
1010132003
2000320302
1230101002
1323201000
2313102000
0111032001
1232002001
3122130000
1102332000
3123322001
3211221001
3210202000
3310023010
3302002003
2000002023
2032001203
2030113201
3201301200
3021200200
3030100130
3210001130
1302000020
0021030020
0022300302
0021102021
3032202212
1322222001
2002220023
0320210200
0322221202
0321002201
0221212003
2221210020
2223100021
3213003001
3230211021
2220112022
3010310021
3112033101
3211100002
3111300101
1131102101
3130302011
3122000210
3002300220
2221000300
2210203012
2213130012
2222330022
3030233210
0230030200
0231222201
0233233010
1230033003
0123032103
0012111203
0101130202
3010111300
0111011130
2001113023
2003332301
0020122302
0021312301
1101212002
1321230002
1011203002
2000212303
0220302130
2220023301
2222120302
2012002310
2001232020
3210123003
1320213003
1002232013
1222333013
2202213213
2302212202
3002232221
3301223211
3201202013
3222121310
3102011020
3011021020
3220110312
3020213120
3202200122
1002233120
0120001220
3200232202
0120000313
2011200033
1201020031
2011013031
3111113103
1101210213
0111102211
0113001212
0201021023
0301220220
0303002220
0300010223
0330103210
3023011203
1330120200
2211112200
2203232003
2212221200
2213202201
1111222200
1113000200
2213330200
0323330202
2233300310
3220303310
3221301031
3222200313
0212010032
1033100022
0332000213
0331203003
1333323010
3021303013
1332102012
3332100031
2332210301
1210301021
1210020022
2101000220
2200030320
2201200323
2100300033
3102330023
1022001033
1011201213
3210002212
3212101211
0321302122
0310130022
2021030212
2120132120
0101032122
3201023121
1221221121
1221121202
1223022201
1111212121
1122101020
1032202020
1110231120
1111001123
1111031202
1111320120
1100301213
0110332212
0223032212
1000121330
1000013331
2100033313
0021001232
0030232030
2221322021
0301312221
0301222031
3311013201
2211133120
3310101123
2321030103
2331021021
2132220213
1322312211
1023210310
1020330312
2102221032
3020322203
1202103311
1203011033
1200322033
2002103231
3002203033
3112220103
0222223131
1222320203
3222210221
2020203133
2230021033
3222032031
2313223003
1132022103
0110221133
0210202313
1022112312
1010122131
2022322132
2013232313
2122031123
1013002133
1100023132
1132303100
0232302203
0202312023
0202222233
0122320033
0122123103
0121230310
0211221312
0211032310
1210032301
1203201313
0311003020
0312201303
0203300230
0212331031
0211130030
0303330033
0131300023
2021301323
2111201022
2221212231
0211231220
0203133021
0003123320
2123110202
2123332012
2223032020
1123230021
2222301230
1122012301
3323020300
1030233022
3320121022
2332312021
3320332020
2333230022
3231120020
1031131020
1131311103
3131321010
3131211200
3031133003
1031000303
1033103300
1313100102
3312001202
2231220222
2233002222
2233211220
2013020222
2113302021
1331230121
1332031120
1333012121
2303322122
3021320122
3113012311
3133103010
3132112121
3130000123
0313313021
1031321300
1130332102
1030302301
1302300303
0131110303
0133121301
0133013300
0133200302
0201123303
2111033300
1111033013
0111301321
2023202320
3112312102
3113110031
3110330310
3110021032
3330003032
3331112032
0011120331
2103031222
2102322221
3222322220
0212113221
2101213222
0123121222
0122102223
3102123021
2102323312
3122213212
0123113312
0110313132
0223130132
0222331323
0222203322
1323203211
1013110321
0021133233
1022030221
1021022222
1021110223
1012320322
1011121323
1011332321
2011123221
2201332322
3221133313
1022223223
0220232320
0113220320
0112122322
1101211320
0132213022
1122312022
1120000232
2220033233
1102100322
0101210332
2112113302
1113213202
2231312223
1323010213
0113112133
1023013220
1322111321
3332311222
3013133022
3220313222
1201202221
1202131221
1203301222
1230112212
1312120221
2320320222
2321231222
2022133321
1130320221
1130212220
3110111222
1311132222
2311003212
1313310222
3221330223
3223311313
2323332221
1033032023
3110302220
1200023223
2001302230
2230203223
1313222223
2132001321
2131113213
1311122310
1023131313
1121122231
1112332123
3112333222
2013233220
1101323321
3113103221
3333130220
3330122223
3210120321
3120030321
3121333210
1231223213
1323331210
1232322131
1233301130
0133122023
1300103023
1301312300
1130133223
1130113030
1132010033
1311211030
1310300030
3030012322
0330201322
3330321313
3303301132
3302131131
1001311333
1012333132
1212131302
1210221303
0131022302
1310232031
1311331312
1303031302
2310023131
3320022231
2310113321
2311211323
2312311132
3121220131
3301123132
3300212133
3322211230
3122012133
3100312231
3031222321
3321223020
2320132313
3120133132
3011202303
3012112232
3013131233
2113311231
2110110230
1123113233
0203113232
1123310303
1310312313
0103313331
3301310323
3331033223
3211132132
1323031133
1321321132
1300213232
2131330130
2013303030
2111312303
2133013132
1103033320
3303213320
2313312320
2331111231
2330000231
1033003231
1210101233
2333112303
1033222303
1212322300
1211230232
3123022322
1232230323
1233321323
1320223322
3123231320
1122323230
1113133332
1110020333
1112303331
1131323033
1032130233
0323223123
0333233132
3331230313
3220223032
3102020232
3101221233
1002202332
0102022330
0311100233
0310231232
0331202130
2121021331
2232233312
2233213031
1032333303
2320333032
2012133033
1330002333
1332101330
3323233302
1333122331
2331023230
2312203320
2332332232
3323333233
3233203022
3333202033
3230220233
3213222133
3332313033
3231313231
2130333322
3212032323
2123302333
2321310033
2223103303
1231103323
2212220333
2211300331
2211113333
1220130333
2213331333
1223313330
1222011332
2210323330
2120233330
1332033331
0013203333
0321201331
3201322331
3202101332
3200233331
2031003332
3310031333
3311210331
3130200331
3130013333
3131102333
3131030332
3133212332
3312132330
3021333332
2032123330
2030301330
2031131333
2302110330
2303133331
2302231333
3020103331
0320310331
0323111330
3023230331
0233010333
0230332332
