--- Global Parameters ---
Code Length:			10
Min Codebook Edit Distance:	4

Max Run:			0
Min GC Content:			0
Max GC Content:			0

--- Generation Configuration ---
Generation Method:		Differential Varshamov-Tenengolts Code
Differential VT Code syndrome:	0

--- Results Summary ---
Number of Candidates:		26216
Number of Ones in Matrix:	4778228
Number of Code Words:		797

--- Performance Metrics ---
Number of Threads:		32
Candidate Generation Time:	0.07	seconds
Fill Adjacency List Time:	3.61	seconds
Process Matrix Time:		12.26	seconds
Overall Execution Time:		15.97	seconds
=========================================== 
3010222222
2123222222
1130222221
0001222221
3023322221
2222220301
2222221232
3222220133
3222223000
3222210202
2222111302
2222213213
3222111233
2222200110
0322220230
0222212100
0022220121
0222110112
0322322222
2013332222
0120222210
2201222212
2201211111
2230222111
3230222200
2222112220
2020022220
1121322220
1222022221
0032322211
0123322111
1101222111
3322212113
3222232211
3222203312
3322213301
3332220122
3332211230
2322212231
3333330123
3333323130
3333312231
3333223001
0333313121
2322213122
1122223120
1322223032
1301222230
0122223013
2122322213
2202322201
2020332211
3301221112
0130311111
0332210131
3101311110
1230211110
3022321111
3232311113
2122011111
1322122111
3332122220
3022022212
3131222213
3031011111
2011022211
3221113111
3222333222
3123332210
2330332220
2323333221
3323333332
0222333311
2220333333
0013333331
3332333211
1123333323
0020333320
3322113212
1120333111
1300333331
1210333322
0311333222
0001333312
2011333111
2322333110
2321131111
2231321110
2023123111
2221231210
1030333313
0322132210
2321122223
0221132221
3321133220
0332333300
3330033320
1300033222
3320002222
3331032221
3311112211
1010032221
3010333223
3221033321
2211113221
3111111223
1211122222
0211111212
1111111311
1022332223
3031332212
1021333210
2130333212
1221112213
2211110013
2221100211
3121121113
0221113200
2321111230
0322110201
2021112201
3222000223
3031333301
3301333121
0230333231
0023023222
2311113112
3311113300
3331133313
0321033211
1322033312
3322003111
0220003221
2221103320
2111110320
3111133322
3211003222
1211110100
0011112110
0001121111
0011110301
0211100223
1311110233
0011002220
3011122200
0311103210
0110000222
2010033210
3012123211
1211133310
1002322110
0222003300
0030033111
0330123211
0322233203
0120332203
1031022223
0123012223
1011113202
0021110232
0022213002
2022333302
3022233230
0332233112
0022231110
3333233233
0220230111
1021032111
2121022110
0211003311
0221000012
3220000311
2220000020
0322200102
3321100110
3111000011
3311230111
3221230313
2300000111
3330000012
0320000210
1310003211
1120002213
0330003313
1211000210
0021003110
3010003113
3030022110
0333022210
3130332113
1331033110
1123023211
3311000323
1110000333
2210003332
2111033333
3300000330
3121333233
1220123311
1222133303
1222202203
2221202302
1332032213
2322000232
0331002111
2030002212
2011000112
2321000301
3331000200
2311100202
1331102212
3332100233
3331110103
1321103203
3333112112
1021000233
3011100231
1011003303
3332103302
0333110230
3330130210
1333000231
1333033301
0333133202
3333202202
2331033203
2021003202
1120033200
2030003301
2130031110
3011033100
3121002201
3020003000
0001000201
0010000300
2000000002
2322002100
2120003103
2312123222
3320120221
3320123330
3231033230
0333003000
2011103000
1010123220
3022110120
2230333000
2301200000
2220122010
3222301201
2012303333
0220121220
3121000122
0120032112
0121333102
2101333201
0001032213
3030032203
0002022200
0002033301
0000023012
1032033202
1130003112
3101322202
0011230212
0021231201
3220132300
3320101200
3111301200
0020130200
0030123300
3330122303
0320232301
3311202301
0130003230
0120000131
0221201233
3321301232
1111012302
2111302303
0121103121
1022203101
0021100103
0332113003
1322112000
1322113133
3011113033
3020123203
3001332000
3122212322
3312332322
1231112320
3131113120
3313130222
2220130222
2012013322
1012020222
3012311221
3013010220
3123011212
0023001200
3023013310
2023010211
3013020111
3032233121
0032223031
2022103231
1122100230
3021103132
0031103233
0020301231
0000012320
2121102232
2022101112
2031122113
0033122203
0013120221
2332112101
2331101100
2031113131
1032113230
1031110122
2001100121
0033103101
2032332100
1031133103
1121132100
2011201230
3020120112
0330201201
0333231100
0033223120
0301122120
1333122100
1333210120
1330301230
1331231231
2330121202
2010101201
0001112003
0301211103
0000110123
0000312011
0220101303
0323002303
1223112301
0300112302
0201112311
0010122312
1212112312
0012102303
0002112231
0121112031
0131122101
0301222002
1032102201
0033212001
1031002100
2010120213
0320120013
0023020010
2323120210
0320131312
0023132302
0000132101
2312122300
2301132310
2013130110
0023131213
2312130211
3323130311
1123123300
1023120313
2301322021
0230322103
2330130301
0333213032
1301002010
1012120010
1012101213
1332003103
1333301101
1333312022
1330120312
0313301203
0333101113
0323201212
0032201103
0312202312
0012032310
3001230120
0012322020
1013131200
1131113001
1131100131
1033313011
0131011100
0032100132
3032122102
1231222102
1321230202
2012230200
1023230100
2012300022
2333000122
3033212123
0232212323
3231102121
1323101302
1223002312
1013022300
1231322231
1201113012
0302103012
1123130212
0123130101
2123030113
2211301213
0233301211
2233312310
2231133122
1131133232
1230000123
0301003023
0012331011
2012011010
0312022011
1312333013
0311230303
1012230313
1313230210
1302201210
1012331320
0300230310
0223230220
0000113030
3010130103
3300301213
3313301312
3012030012
0013001012
1313122012
1303022311
1323010321
2323023320
1313131313
1323031223
2312001223
2313031300
1300131300
1310231203
0010231302
0012231223
2300231212
0110312301
0133303012
2033303123
0333302132
2032203130
1212232300
0002212122
0112333120
1112333231
2301311122
2000133120
0000202130
0003302121
0030230233
2303230223
1303232303
1301130322
1302232012
2320230103
2220301312
2223103012
1200302301
1203301200
1303120020
1231320000
2121133003
1013301232
0213302302
0130033002
3323030020
3323001013
2301101013
2302002313
2303013332
2021230132
3003000123
0003003132
1001001113
1301032123
2013021313
2303021221
3223022123
2313120323
2302020322
0313021123
1301010002
3012001302
3023121301
1231103023
1212003012
1122103002
1101003101
0123011301
2223001222
2233011112
3230001102
3232003120
3033003022
3223201300
2231000130
0313010022
1223011020
0212300000
1232101222
1232332121
3232103011
1232201311
1013201301
1200131211
1233101010
1002103122
2000301222
1003303020
2000303013
0000203021
2002213011
2301031020
1003032102
1010121303
1230123130
3233302013
3233010000
3220131013
0212201013
3210102012
3210201210
0210130010
3310121010
3211231012
0233233013
0112112013
0303132013
0203202012
3000133011
3003301011
1110301010
3113103013
3103312012
1100312310
1110213012
1130120103
1210120023
1133021113
1112113020
3132213010
1111232010
0113033010
1113003120
1111201221
1100301123
0103302313
3000302323
3203212313
2200212300
1213001323
0213231310
3123020203
1112212123
1133112121
0133001121
1312011021
3312031120
2132100120
0303101220
0002101000
3002011100
0201311000
3022231003
1133223023
2213033123
2210232013
2102113123
0112101123
1302121123
1201021122
1212311122
2112311100
1112332102
0122331000
0122121102
3202321102
3301321003
3132322000
3032130000
1302300003
3312320002
2312321321
2211231323
2130230122
0302001321
2112212311
2213122120
2201332102
0231121002
1202322022
1202102013
0202002123
0232021101
2210102323
0233132123
3110122123
1113121101
3302022121
1132131112
1231331132
1232011002
0231030003
3131001003
1122232232
1133233130
1312321030
0212021022
3110202313
1230332033
2301120331
1312123331
1312010332
2312330330
0312311333
0301330033
1212310033
0012320332
0131022232
0201222133
2212022230
0132201322
0101102322
3001131102
0100131222
0302331022
3002201022
1112201130
1103203011
3303201323
2113301023
2110201320
3133302320
2113002322
0201101021
3200101320
3212121121
3212002321
3122203021
2202203023
3113231123
2202333230
3002333132
0232133020
2212331002
2302310032
2003231122
0203031120
0201032022
0212130322
1200230323
0110230023
1100202020
2003212020
2202232322
1000231001
2233202321
0113132320
0132102021
2110131021
2223131321
2223021130
2033101002
0233002330
3203002020
1202001330
0223120330
0203121322
2032212332
2033230003
0301021333
3231101333
2213101330
0213121011
0223010031
0202011132
0230001033
2201031133
2232101131
2232033032
1233021332
0213023333
2033201333
3233231322
1233030022
1232030333
3213131020
3213020032
3313021331
2213230021
0113020001
1202020001
1233120031
2203120002
3201122001
2101121000
2233021003
2133022201
1133031000
0101130002
3103021002
2103011103
2132201001
1132212031
2022202033
1002003033
1333202033
3201001032
2112003030
2112120003
2002032003
1112002001
2132132002
2122232101
2332232133
1002231133
3033031133
3133032122
3113022130
2101103130
2100122022
2101002033
0102322132
0122002032
3132002131
2112021133
2102033131
3102033022
3113011033
0132331133
2123121233
3133101130
3133133021
0103001030
2003002230
1102022233
3212322333
3003132022
2000131032
2201133031
2202121033
2203231030
2233032131
2133132230
3033102031
3231132032
3301032332
0232122332
2132102333
3202131130
3302121332
3203130332
0133130333
1103301331
1103131033
1113102030
2113130032
1101112333
1003112130
1000122033
1003202332
1000101131
2003132333
2103122131
2110121332
0100122330
3122132033
1110132331
3112101331
1113231332
3132231032
3100121031
0212031331
3100231321
3102202330
3212130031
1202331031
3302230331
3100230030
