--- Global Parameters ---
Code Length:			10
Min Codebook Edit Distance:	4

Max Run:			0
Min GC Content:			0
Max GC Content:			0

--- Generation Configuration ---
Generation Method:		Random Candidates
Number of Random Candidates:	50000

--- Results Summary ---
Number of Candidates:		50000
Number of Ones in Matrix:	15388244
Number of Code Words:		1027

--- Performance Metrics ---
Number of Threads:		32
Candidate Generation Time:	0.06	seconds
Fill Adjacency List Time:	15.14	seconds
Process Matrix Time:		43.02	seconds
Overall Execution Time:		58.24	seconds
=========================================== 
2222111133
3333333330
2221333333
1111100000
1111111201
3111111330
3111110011
0131111111
2211121111
0211111103
1221111300
1331111331
0111133311
1111301111
2011111012
2111103112
1102111113
1101113333
3111113223
2211112333
3311313333
1111211313
1111010331
1110333331
0011101333
0001133332
1111223330
1111023011
1111120123
1111313003
1011110310
1110112303
3311112113
1113112131
1003111330
2021113330
3331113300
2031111303
2113311333
0221113323
1222113331
2112133332
0311112231
1301111003
3231111033
3211103133
2131130333
0112113033
1131133031
0311110020
2311113121
2211313311
2111311122
2111121302
0111313130
0011011300
1110011000
0011131001
3113113100
2121113013
2220111311
1123111011
3321111010
2211011030
2231311113
2230111000
0231113010
2331112011
2111330101
2211130002
2221133122
2111000033
1211122003
1121133110
3311131220
1111030220
1211110222
3111333022
1211333030
2111231032
1011131232
2111213231
2311331000
1311132100
1113310110
1133311300
1101331330
3110131033
1110133222
1111222202
2111012200
1101101122
3123113332
1213113320
1313111032
1131333102
1113132020
1113120332
0121310333
1133303332
0113333323
1311331323
0111203303
3112100333
1112303320
1012113302
2110103300
1132112330
1113003133
1131031113
1113231103
1131102103
0101110200
1212111210
1333111120
2331131110
1313321133
0311330033
1333123333
3102333333
0111302331
1133332033
2113332113
1113232311
2131331311
1233331313
1133213111
0233113133
1231313233
2233133323
3213121333
1021311033
1212301333
1121013132
1132211132
1123011123
3112131101
3012111123
3011331113
3011233331
0013313331
3131323331
3113130321
3211332233
2112323133
3313333103
3130133313
3211233003
3120111112
1112332132
1013311312
1123323303
1133110023
1113322012
1121132221
1312133230
3132113321
1112211021
0113011031
2112011312
1320113113
1331132213
1332110313
3133313013
1121303223
1120312133
1223130133
3123131130
1223112313
2121031131
1211210130
1231121102
1211031302
1221221133
1211302123
1210011323
1021121323
1021332331
0321011133
1221033213
1222101111
1112200113
1110010213
1100001333
1122213233
1002231333
2122233313
1131023323
1331000333
1122223322
1102313312
1120210332
1102110301
1122012311
1011212301
1101212230
1103222333
0111222111
0110112110
0111021132
3101011311
0012211111
1010011131
0110013301
0112203131
0121103121
1001103131
0110001113
0211003332
1212233321
0113331212
0113112322
0131013312
2122331112
2110223311
0120331332
3213313132
0102121331
0000113311
0230133331
0010033333
0101233233
1100233303
2100133321
0031231133
0031333111
1001311121
1210132111
1001121011
3000111101
1000311303
2011233110
2011330312
2110031011
1110000101
1113022221
3111010102
3031103312
3111022213
3112232323
1100331101
1303133301
2103112311
3101132210
3201112131
2203311131
3211311221
0223111121
1213330121
1210101231
1130311221
1220211122
0201131321
3121011220
2301311332
2000011113
1312101321
2021313112
3023311110
1022211103
0221110031
0131122233
3210113012
1210223113
1312123112
3110321312
1311001310
1301033112
3100333112
1330333312
1012031110
1022233111
1031321110
3113023112
0201231112
0211101212
0011221312
0122213110
0221331130
0211323101
3221313103
3222110110
1212313100
3020133133
1010323130
0100033131
0103323311
3303313111
3003131313
1000333011
3101233121
3122133011
3321100111
3331303113
3323311331
2203133130
3031123130
3013133030
0313130330
3011012332
0011120321
3011021120
0101101013
0131320113
0113121003
0131313201
1331231011
3313033011
1333011211
1133320211
3321331211
3100120111
3210310113
0133303110
1100212112
1000120133
3101120033
1131020130
2001130113
2011321233
2003332333
3012312313
0103302133
0112212213
0112130120
0101331002
0332313311
0333331231
0132313123
3223133231
0032112113
0132311010
2203333312
2210333102
3321033332
3010313322
3312231332
3120231311
1132231301
3302233113
3301133023
1301123322
3301321112
0301311213
1303102113
0313313210
0231031101
3332031111
3331122101
3131002111
3231130211
2330133101
1233333201
1031223103
1231213001
0333120111
0322231131
0300332111
0300131130
3030221111
2130101130
3001213211
2032213333
3322130331
3312212131
2310213133
2300103333
3330211333
3031312321
0123312301
0003131102
0330211112
0122111202
3021113202
0221312312
3102212332
0312112012
1313312122
1033132123
1000031122
3103311222
2132111223
3112221222
2113210121
2130331123
3313311020
1011231020
3131321223
1133012203
3233301133
3113323220
2333323112
3333213123
0302331312
0233133212
1203123121
1302213121
2133011321
1203011301
1320311212
1000113120
1102021310
1030122331
1220013312
2000132131
0302211330
1221123201
0311233201
1012132203
3132331322
3333302121
3133033221
1130103201
1123032101
1233022111
1211202211
1100002211
3110310201
2110301003
1103031202
1303013103
1313030303
3110203013
2102033103
1310103010
3130312310
0130013233
3300113232
3300331233
3331130322
1300023313
0133010330
0310101302
0331121030
0321213011
0321233123
3032130112
0301132122
1311012002
1310321201
1302312130
1333221310
3331233210
3033233233
3332310133
1311222010
1123222110
0123321122
2131212101
1013012100
3013001103
0003011233
1301222123
3321211232
3121201103
3323011102
3323332132
3132322112
3310201122
3200011132
1323001131
2300111221
1231012221
1303332221
2330001311
2311201301
2313001112
1311300012
2211300110
2031010111
1030110102
1300211010
2312011100
2301210110
3330010110
3133001213
3320213310
3231001330
3320113001
3230122113
2301123213
2310132013
3321222333
3331012233
2333312223
2333110212
2330312331
2312122331
1323122231
3033121012
3333112002
0331103002
0331010013
0313210312
3233212311
3331021302
3033211320
2313121320
2333211302
2033331100
3333201100
3131220310
1313022330
2233310102
2033301331
0332013132
1330330130
2331310230
3313322301
2103122132
3202311013
2203111023
3103211003
3132221033
3203031121
2031011232
2331030123
2301100132
2101221100
3021221301
1332131002
3312310300
3132101300
3322013303
3203010333
3201110320
3222133320
3210331300
3103332302
3101302323
0313033232
0312032113
3313002313
0233003313
1013300233
3301310031
3312031023
3333020331
3323120312
3001210103
3300120330
3312120032
2123310213
2213231213
2331322033
2233121232
2321132032
3033122300
2133123200
1320031330
1200312231
1230021033
3323021013
2323110003
3333230003
2013330003
1013210013
2013102213
3203112203
3323123203
1020101213
1130023210
1112300031
1021130003
1122130102
1011003212
3123003310
1322323310
3332100010
1322101030
3101003100
3112023300
2231013120
0113233000
0131032300
0330321303
1330322102
1321321021
2300312103
3100022130
2320101123
1013202112
1001232013
1203320113
1103120010
1103201032
1203203311
1233013032
1230003121
1323003323
3303010012
1330302011
1033300101
0321310100
3311020000
1323201003
1120230013
3010300131
3030301323
1001000110
1100300310
1012020311
1300200111
3310220011
3102231012
1022301132
1321202132
0321102303
1203032132
1223323212
1223213221
2132220111
1122222031
2232101013
3223232113
2332330013
1312323023
2123130012
1123200212
3103210210
0011300211
0331300321
1303322003
1013320300
3303303032
0323310032
0132133022
1320233032
0320303331
1103003021
1330212023
1332012322
0311202322
3313103222
3133003002
3330003322
1333203022
0312213222
3220131223
3310232221
0033103122
0033130303
0330110223
1033200323
3301022310
1232120321
3232213213
2320211031
1023231031
3032300311
3023323011
2023333032
2013312021
3022333102
2031233302
2022311301
2321030311
2012332211
0103231221
3003221231
3100021221
3301201221
3300212120
1013223032
3023021332
0333223221
1012330222
3212033222
2321231322
2233332210
0203333021
2120333010
2201033011
2201203113
2202323111
2101000301
3210323031
2213023331
3201220331
3100203231
1322003211
3323202211
2030303211
0003003111
3010033201
2331200211
3233100001
2331203030
2302233031
3233020103
3000302113
2203021110
2213213010
2333013000
0223321031
0323332203
0322333030
1332332020
0333232030
0231232332
2232031332
2213300332
2233203231
2232303310
0232231310
2132233120
2133230232
2210123322
3200233322
2202331323
2032322332
1030233320
3302323100
3322221320
2332301201
3122322330
0023333300
0003331030
2023120333
1023331220
1233031000
1003103012
0301323010
2032121120
2020131300
2001133200
2322121211
2223102112
2002311210
2112122212
2322112300
2230033300
3000013300
0230333120
0231301203
0333002003
0030311200
0210313223
0023031321
3023212122
3222011212
3322301223
1222310001
3121230000
0123232320
3233032320
2330232122
2232301122
1330001020
1300320321
1100330022
2310010001
2030231030
0323012120
0332122210
3332212200
3230321022
3320132202
3232330202
3223321200
1233222223
3131202220
3312302202
3031222212
3001122223
3021010323
3120013022
3330220222
2132210322
2033020312
2023301212
0033021210
0303300212
2030100322
2002110332
0021323322
0002133013
0203212323
0033320223
2003323222
2100332230
2110231220
3102301230
2101022121
0132222321
0023112232
1003122202
0332322001
3021320231
3122220213
2003110201
2033220130
2300322312
0010302312
0230231222
0303022213
0102322223
0021121200
3002011021
3001312000
3031032003
3012023033
2200313033
2000312320
0001330220
0013201201
0021212221
2122212123
3010022222
0213221102
3022010131
0301003031
0231200131
0030123021
2030210123
0001031023
2320033221
0321001201
3033002201
1232032233
0222303133
0022223331
0032232101
0022332110
0021230310
3000103210
2012223101
3222230121
3202123212
0233022302
0032301302
0103220112
0021001122
0222212132
2322232212
2332102222
0030021322
0003210222
0000322132
3003100232
3002003332
3003020122
2312220122
2031322200
0002033120
0000100121
2310023202
2300030102
3020023110
3020102221
0000232123
3102003223
3011210022
2100121022
0000112022
1001020332
0010211002
2203213202
2202312302
2022312222
2002203122
2012032322
2113032002
1110002022
2103002222
2201221222
0030032220
0013030022
2012302103
0023002333
0021100223
1001102320
1002221220
0201302011
2020310011
0210210211
2102030221
2010130230
3013220202
0113202023
0130320230
1032013200
0110100012
0110020021
2130003023
0120211023
0100102203
0211022022
0300023022
1300000222
1301200302
1200102102
0202012121
0200201331
0012000133
0030300013
1130220001
2230300301
2201300231
2120122323
2223212233
0322320233
2322200333
3220301232
1221022232
3221100230
0221122330
0212012310
2212221231
2213120203
2130202233
0210022231
0120022312
2000022233
0002222310
0220011230
0210030130
0230020112
2230010222
2010020013
0021020033
0031320002
2021120102
2221310022
2132100032
3221000312
3213000220
1212000122
3212000011
3322002031
2200000313
1220001103
0200103032
0223102201
3022202233
2022001033
0231002210
3210002033
3120300102
2000220211
2022022111
0222120101
3223010021
2212010023
2021003021
0332000202
0020000212
2201032220
3222320322
0222302321
1223300023
2032320021
2123320030
0200032303
2020023301
0020030101
0022323003
0222122023
1022100022
0202100130
0102032032
2202002133
2232002021
3032230020
0302203023
0012223020
0002210031
1020123002
1020022320
1020232201
1022021001
3320200023
3021202002
1210232002
0212320303
2012200223
0222000032
3222103002
2220032012
2220323230
2300203220
3320303200
3220203101
3120102030
2122013030
3230202130
2210002100
2200122010
2310220300
2100213000
1221020010
2223231020
2222023013
2221022103
2221202120
2222201302
3222001020
2102102020
2322002102
3222222202
2102222003
3202230303
1320220120
1020320210
1232302200
1202021203
2020203003
2100320203
1002002023
3002201000
1312200200
2022330200
1122203000
1230120200
3200020202
2303000203
2002000320
2203200012
1200323000
0020222100
0300300030
0030000300
0000120000
0220301000
0302021000
2222322000
2232200000
