--- Global Parameters ---
Code Length:			10
Min Codebook Edit Distance:	4

Max Run:			0
Min GC Content:			0
Max GC Content:			0

--- Generation Configuration ---
Generation Method:		Linear Code
Min Candidate Hamming Distance:	4

--- Results Summary ---
Number of Candidates:		1024
Number of Ones in Matrix:	3006
Number of Code Words:		544

--- Performance Metrics ---
Number of Threads:		32
Candidate Generation Time:	0.00	seconds
Fill Adjacency List Time:	0.02	seconds
Process Matrix Time:		0.02	seconds
Overall Execution Time:		0.06	seconds
=========================================== 
3102211232
3012131233
2222100102
0221200103
1202012212
3021323330
3201312213
2031323122
1302123321
1222132233
1002103310
2110103010
3021222211
2301230232
3321303301
1101111233
2211110233
3021020023
0021311001
3300113221
3301322201
1002002231
1220220203
1212100033
2100213003
1001222132
3220201020
2003201120
0320001131
0300020031
0221103210
1221213011
3223223111
3220300101
0210300030
2002030100
2000120302
3222113010
2302111010
0210201111
1010101333
2110200303
3303333122
1133330122
3100103202
3300012300
3102013000
1101313001
3112101221
1111300301
0113100302
0112133110
1311211203
3310203232
3113132033
2112112333
3323110210
1330100202
0320100010
2132133233
2113323313
1312332213
3122133021
2233120010
1100023100
1203021000
2202121002
2122021012
1032030031
3310100121
1332111121
0331322330
3312313030
1321223003
3222210303
1131220320
1122013323
0130200020
2131010223
2013212220
3213211311
2123113321
1233211032
2331101321
2213101110
1132101102
1123121010
2132331001
1333320101
3331310001
2133100021
3233133102
2301133121
2331303113
0300323322
1032131110
2212330130
2233021131
0213322101
2013010012
2103231132
1102230011
3103020212
3311032212
2310311201
0310132210
3011012223
0111212332
3311230020
3111321122
1333221020
3103222020
0000202232
3301120033
2310113033
2213202203
0013233003
1011330313
3120221011
0032122002
3030303222
2103033300
0121022300
2023220020
2132230120
1201333030
2111332030
0100131133
1100221332
3101031131
2122322301
1323030112
2333213311
1112120002
3211200032
1111201220
0332300201
3333200203
1230233103
2230300313
2332321022
1331331222
3101332222
0132310222
0132211303
1132303330
2133001100
3001001123
3110110102
1300132002
3131300022
0000101121
1032333322
2113222232
2230102121
0031203220
1030322001
3120122302
3320033200
2300302101
3322220311
2202222311
3211002200
2013111133
0012301330
2010133002
0131130121
0210003323
0200010023
2003102233
0311202311
0130002212
0100030012
2232311030
1203322313
1223202332
1321322122
3033220232
1223303213
0223211220
0321133202
2231232020
3213112002
2111130202
0023102110
3020211003
1023212311
2222302330
3333103110
2200031200
1223000100
1222330001
2301032000
3303232003
1203120121
2303023323
0321032323
0202100221
0110023312
1102133302
3102310313
3231221132
2311322013
0323320313
3112202132
0212210232
0230321130
0213021212
0101300113
0330012231
2033031112
0333131221
3003010200
3000230103
2002333213
3233032023
1202113333
0213120333
1122310030
3003111321
1311013031
2003003312
1002301122
0233101233
2231131333
3001302230
1330302030
2110301222
3210031012
2310012112
2102000112
0120011112
1001121221
0120213320
0132013131
0303200332
0220031123
1022023331
0222323113
1120301313
2203310022
1230332022
1001020300
1000310201
3001203311
0122303122
1123323222
0000303313
0200212211
2303221111
0321230111
3312212111
2330330301
2323200011
3200321001
1330203111
2130023031
3212020331
1230031331
1301000331
0310033331
3003313113
1120200232
1320012023
3220102333
3120023223
3203000223
0230022223
2002232332
3321202220
2302010131
2121300230
1221312130
3212121210
1320210211
3021121102
3110213211
3313023131
3201011100
3232100310
2332123210
1323232320
1220321322
1121031212
2130320322
2112013212
2122120133
1231200311
1032232203
3133210220
0232033100
3031330030
1200201303
2200332113
1201030323
1302022200
0313011200
1012110010
1321120310
1313200120
3113231320
1331032131
1311310322
3123100233
2131313130
2330132133
2232012323
3210130133
3223021323
2312300122
3233230211
2013313301
3132322113
2202020123
2321211332
2302212303
2130122110
1212302201
0100232220
1022320022
1322201132
3232001231
0222121321
2211213120
0203230320
2033332201
2203112210
0011222320
0031302301
2001113110
0231110110
0111010100
3121111110
3111123310
1312031100
1320113102
0331120102
0332102033
0301112302
3011311130
2030310330
0203133033
3231023300
3033022000
0303002100
3023031300
3203101302
2020101202
3320330113
3013300213
0303103021
3302003023
3023130221
2303122202
2332220103
2322332322
0023300322
2320020312
3212323022
2330231220
3233331330
2103132221
0121123221
0201023231
2000223011
1021100321
1031210332
3101233303
3123302001
3133113133
1323131033
3032110333
3323011331
1331133010
3133311301
3130333230
3300311013
3320231032
3122230332
1123222303
3330222332
0313213032
0031100133
3130030123
1330001323
3000331022
0101201032
1103001031
0130301101
3032011212
3220003212
1130110221
1301202103
1031012100
0101003200
1011033000
0113203011
2200233032
2021330222
2212033223
3223322030
2322233203
0320203303
3210332301
2320222120
0322212020
0122202003
3010223203
1022221103
0102120210
0300121110
3011210011
3211103321
2121003123
0103012123
0033111210
0023201203
0111313213
1133132310
1033102302
0131233232
1102331130
2101022023
1100122021
2131212011
1130312013
0121321013
0133121202
1233310113
0212311313
2011203103
1211122102
2112211020
1131022112
1013220111
2231333101
2203013331
0001033212
0033010331
3002320301
0003220303
0001330101
1003130102
0011020112
3301021112
3312111202
2210123021
2311120221
0232132021
0211232303
0001132333
0002011323
0002110202
2001210203
0022030223
1102032223
0003022131
0322313101
3033123121
0013130310
1211221211
1202311101
1231103002
1220123110
2122223220
2210220332
2032200132
2012320113
0022131302
2012023200
0202001300
2103330013
0012200211
1210010231
2110002131
2021033131
0223310301
0221301022
2022011000
0123330330
0333030300
3022301201
0302031312
1313002312
0333232132
3322321230
3332031223
3331112233
3331013312
3330121021
3311133333
3302300330
3222311222
3221232232
3113033112
3100200111
3002122133
3001100002
2332022331
2300100333
2233322222
2223331122
2223032231
2221023112
2220313013
2201200220
2113121121
2111233111
0333333013
0312123133
0311303230
0310330022
0310231103
0233202120
0231312322
0230220011
0230123302
0222222032
0032023123
0030230032
0021012312
0020120021
0000000000
0010310013
0013031231
0111111021
0120110033
0120312201
0122101310
0123231211
1002200003
1003233211
1103100110
1110232032
1112021123
1112223311
1113012331
1122211111
1200300222
1221011223
1332313313
1333122333
2001311322
2003300001
