--- Global Parameters ---
Code Length:			10
Min Codebook Edit Distance:	4

Max Run:			0
Min GC Content:			0
Max GC Content:			0

--- Generation Configuration ---
Generation Method:		Random Candidates
Number of Random Candidates:	25000

--- Results Summary ---
Number of Candidates:		25000
Number of Ones in Matrix:	3854418
Number of Code Words:		921

--- Performance Metrics ---
Number of Threads:		32
Candidate Generation Time:	0.02	seconds
Fill Adjacency List Time:	3.56	seconds
Process Matrix Time:		10.01	seconds
Overall Execution Time:		13.61	seconds
=========================================== 
1133300002
1111000000
1101111000
2220000000
2222200022
3322000222
2222221101
1000000100
1100020002
2001000001
0300000012
0200001101
0000021112
1000033111
2000010022
0000033002
0100000330
0310003000
0012300000
0002000202
0002222200
0001211002
0222230000
2000001320
2200011003
0000020303
0000200133
3000001031
1200002032
0000303010
0023333000
3200200030
1202220003
2002203000
3010030000
3103000003
3322200003
0222000301
0232000032
2000220201
2002220032
2222222033
0112220002
1222010002
1220020031
2200030011
2200003212
2213000012
2200100123
2202100031
2220010332
2223301002
3020320002
3122100032
0220110030
2220033022
2123000302
2212210030
2210233000
3222033001
2300310000
3102120000
0211110003
2110200032
2300000233
2230300021
2200130300
3300033030
2230003333
2211000203
2233310003
3223010033
3331100033
1222000133
2221300333
3023300030
1021000023
0030000213
2002001013
0221200103
0021000130
0220011133
0112000013
2011100010
0120100001
2010100303
2210002310
2330000110
0111000322
2211203033
0012003031
0022101033
0111001133
0333000133
2322001021
3203300011
3222001111
1310000021
1110003331
1111120033
0010002221
0022200211
2221002211
2222020112
2312000123
2022002203
2020022222
0120001122
3100002120
0120033300
0100033133
3200011230
2010031333
3210002133
3210100022
0210201002
0010220030
0020300320
0110330003
2020120023
0323100023
0001101020
0022012001
0030113000
1201200300
3201102000
3233002002
3333002111
1220003121
3220100210
3002010011
1102001001
0322001100
2221011100
2221030320
2101032000
1030301000
3130021000
0110032030
0100012200
0200320200
1210022200
2203322000
2210021020
2102003220
1200122221
2223002122
2201011222
2201121002
2200211110
2301230002
2301001032
2321100100
2311030030
3331001001
3300103001
2330100201
3123310001
1003330001
2113100200
0111031002
2001202202
2300021202
3100312003
2331112000
1300132000
3302300200
0332210001
3012211000
3000223300
1031210003
0322120200
3110101003
1100100111
1000110210
2100011131
2102011300
1010013003
1300011301
2310020101
1110031100
1130003103
3023001103
1110010230
1011030011
1000101202
1220211200
1200231001
2001010310
1002002210
3300200313
0201012010
1300010113
3002101100
0020111110
0001201111
0110201110
0100111103
2000112011
0001020231
3001200120
3200121011
2200312201
2100220130
1102221100
3200203111
0002300121
0030022011
2003311100
2032101001
0023210010
0033020100
2001031102
3001022110
3010022102
1000321103
2003320013
3200022213
0000112323
1001002322
1100032223
1100023320
1100301022
3110011012
1033001032
3311200102
3100331010
3003003022
0002103322
3000120322
2003100332
1000230222
3000310232
2002201122
2002110223
3102001132
1110200213
1113002033
0031030033
1301202003
3031203002
0011330022
0001323003
0011013300
0020130302
0003012330
0303200203
0202001223
0120020223
0131012003
2110023302
1011020202
3220202023
0102230023
1032200123
0101030220
1101002231
3011100221
3101100213
1101220010
3110030211
3110202201
2111002112
1230022023
2030012033
0330110303
0310202013
0310030323
2231102013
2321003013
0103203001
0100222301
2030221010
2203031030
2232032003
1020202103
2220112233
1002232033
2000233233
2012330033
2200232103
3001302033
1200120333
1120022113
3220320133
2203102303
1120310033
2003022133
0030202032
0002311133
1001103123
3300101220
0330100122
3030101012
3000211221
0013011122
0011301203
1113301103
0310111200
2300111322
2030111123
0030011331
3303000331
3200302331
2003303031
1330003211
1203003013
3120203010
3133030010
1122003012
0023003112
0030303123
0003330212
0003013221
1310001312
0313300112
0013120011
0031110113
0023302021
0033301130
2030301111
2023201110
0203001312
0003322311
0203310022
0220032111
0330031113
3310031131
3300221133
3311011110
1230011213
2100310213
2103110012
2001133013
0003122022
0103102030
0133002301
0013310302
0130310101
0101023101
0101110121
2210110211
0231011111
0032111102
2010230210
1010023130
0100323122
2200313132
2001121210
0112111001
0001121301
2102112101
0300131310
0310021211
1110321111
1123011110
1020310111
0101303113
1211101111
3021111011
3211300113
0131300120
1331101103
3203110103
2133011102
3120301113
3010330112
1103210102
1331200111
3031020311
3330120113
3301121112
3112110111
3111200311
2101310031
2211111031
0201112231
0011122103
0111311013
0111012120
2110132013
3011123001
3231220001
3301122201
1001120132
1012010132
0012120222
0032110320
2020203132
2103030132
3202102113
0320012313
0201210313
3022210112
0201131122
0210310123
2210231122
2221110122
1112111122
2021130111
2121010133
2013101121
2300330121
2013211012
2310211033
1021102112
0132010233
1212011023
1103011323
2103012021
1033110021
1112102011
2213200131
0213021131
0122021010
0212020210
2122002130
1212300101
1130121013
3010301301
3221021301
1102300331
1202111032
0022113012
0320211022
1022121022
1230210020
0123013023
3012222022
1120130020
2120230202
2112202020
3211023103
2012212201
2120210121
2112011221
0110211223
1102111311
1103131113
1322111013
1132111203
0012221113
0110213031
0113012211
0302012112
3020132021
1202212011
2302120211
2112023111
2020122131
2232013011
2202310311
1213311011
2210221231
0220201321
0301013213
2101221023
1010212121
3201013131
0312101311
1313011133
0230200231
0211033110
0201233011
1122220132
0101103331
0103113313
1030103301
0020233201
0323030211
0001132312
3201103312
2201022312
1303110231
1302132111
2123302111
3303120121
3313210011
3321003302
0311302001
0202123100
2311321003
2021032301
2110032321
2113030023
2113331001
1131301031
0310331021
0033310231
3031021023
2022033121
2012301231
2322123001
3002312301
3301211031
3313311101
3113102110
3013220103
3313101030
2310312113
2011232113
3122320013
2111232031
2131111313
1011311210
1011111333
3011012323
0013113130
1010131223
0011213233
0101212133
1201021233
1103321033
2130210333
3111111321
3111130123
3311110232
3311103120
1313112001
1320131121
2121112110
1121201130
1121031213
0111231211
1211213001
2111213100
2021211303
2302013103
1111103203
1111023122
1131113022
2111112302
1011223012
1310123011
1101331312
1131103310
2201113330
1101233301
1001313311
2211123311
2201303321
1120333311
2212113112
3212131101
3012111212
3201332111
2003231131
1221013312
2221133103
1200133203
3001133200
3101303300
3311113303
3300113233
3002023223
3211330201
3221113221
3213013311
3321010321
3011310330
3120113301
3121121030
3131101332
1303230133
3002233113
0203313101
1223113111
0122213311
1221332001
0221312023
1211020330
0222111220
3020231120
3022213023
2022013333
0302021333
0122103303
1022113231
1122030231
3221301120
3211210223
0111202230
2111122220
2210123223
0200233323
3212003323
0321220033
3201132223
2101133221
1321001320
2010313220
2020312312
2011032232
2211302222
0120133222
0213013032
3221132032
1120112332
0210102332
0230121302
0312113020
1320121303
3123110323
3021123333
2122311020
2102132032
2301023331
0103130322
0023133323
0223123002
0122310122
2233101132
3231121121
2322310131
2321313022
0321212011
0222212102
0022122321
0023221121
1222202221
0223220201
0012132211
0221212330
0223131331
0221302312
1331012131
0332112331
3311312311
3320122311
3311032021
3330313111
3032103131
0303231012
2320220331
2031223301
2213122130
2013123202
3103113122
3231113102
0313131102
1130232002
1232113321
3202113210
3032003212
0213103212
3213132003
2222132200
3331102210
0133210321
2033210202
0203121320
1231301212
2121203322
3212203202
3300213102
3102211202
2202213322
3100122232
0121223203
0231022202
0311220212
0232112212
3323101122
3023130132
1211222102
2231322101
2131320112
3123022101
3030221203
0133022122
3010321222
3113200222
3021321200
1203201222
1332011322
3322013132
3023021212
3233211112
1113233112
3012202233
3130201323
3113013233
1111322130
1311121322
1031221133
1232131133
2222331132
3222202332
1112212312
3113211310
3113022020
3210313333
2221233331
0122031332
1122211333
2112313332
1121313303
1112323003
1312310212
1132310130
1213120302
2133120120
1213210232
1310312020
1302102223
1013202311
1300222120
1003221302
1321022010
2232120310
3112033032
1302123202
1202323022
3312021321
2301222132
1302030332
1310330032
1012132322
0012332132
0321131232
0301330233
1311132331
1301221330
1002313200
1331300332
1310302333
1332320031
3320301232
0320321030
1032302302
0300223232
0322223302
3012323302
3113323012
3110223121
1032213110
1112303120
2312230322
1022233312
1002133130
1020232330
1112223330
1031031330
3303103323
1323103331
0313120333
0313112123
1312200220
3320023200
0133120232
0212212323
1221230233
1222312113
1223231102
0322230113
1322202110
1222310320
1232330012
1321130310
3233031021
3320031223
1232030220
1202332120
1233112330
2031132320
1113203323
1122333133
0223322222
0123222312
2312202303
2313122312
2331122233
1321320213
1013022213
1311233213
3312303013
2331031303
0211332303
0121332010
3222312031
0023231233
2303131233
3313002203
0031322230
2111333313
0111333232
2113321322
2130233312
2131233133
2313231311
3132233021
2121323121
3121231222
3122122123
2123212103
0132331100
1313123103
3122132310
3101232210
3110333200
3210322120
3103203230
1301303230
1013331020
1130333030
3100333332
1322333010
3022333320
0230133210
2231333010
3031333211
2303312210
3303303110
1030332131
2312033210
2032033302
2331213323
0323203130
3213331210
0232333113
1223333032
1323213000
2033313313
3312133312
3321333031
3222233230
0312231230
3322310302
3332011200
3312022230
3223022330
3202331330
3321232320
1123212320
1032122220
1231232030
1332211211
2322213213
3323131300
1332033100
1233223010
3322232012
3232232311
3232022132
3212322313
2223032313
2223230123
2233230211
1212323211
2130322031
3130312330
1133221331
1133133121
1330322321
3023323131
3233203313
3323311333
1213232333
3231331033
1033023333
0033230332
3033220320
0332321132
2033302103
3330230233
0331313330
1333121130
1233322112
1131312221
1322322232
2103223222
2132202211
2312322221
2003332221
2332212122
3133322211
1331132222
0033131222
3033311022
3023312223
3303330023
1302322303
3332323333
0132321223
1333331123
0322333223
3313322132
3033032322
3332123022
3331223221
3130332123
0133330313
0330332033
3132331322
1032331201
0313232201
1233321303
1213333223
2313323330
3233333300
3332132103
3332201010
0333221313
0332222023
3303222002
3301331202
2330232130
3203323220
2303323203
0333033022
1123303201
1033203221
0333302200
2123322230
2233302320
2333103220
2333032331
2333301301
0332332310
3333213120
2303020220
