--- Global Parameters ---
Code Length:			10
Min Codebook Edit Distance:	4

Max Run:			0
Min GC Content:			0
Max GC Content:			0

--- Generation Configuration ---
Generation Method:		Random Candidates
Number of Random Candidates:	10000

--- Results Summary ---
Number of Candidates:		10000
Number of Ones in Matrix:	617232
Number of Code Words:		772

--- Performance Metrics ---
Number of Threads:		32
Candidate Generation Time:	0.01	seconds
Fill Adjacency List Time:	0.55	seconds
Process Matrix Time:		1.40	seconds
Overall Execution Time:		1.97	seconds
=========================================== 
2221122222
1100333122
3322222133
1333332033
1113332203
2110023332
1110203333
1000333303
2120333333
2332333332
2313323333
3033333330
0112333303
0311333033
3101223333
0320111101
2220002111
3111113303
1113113233
1233122333
1111312332
2133113332
1221113332
0121111331
1112110331
2211111231
1130131333
0122212333
1111033320
2111101130
2101112330
2211103310
2111122111
0011113030
2011011333
2212231333
2221133133
2111331301
2110132331
2112133322
2111130200
3311333200
1011133311
3110333311
3111133221
3211332330
3301333321
1013332331
2001133323
2230133330
0221133300
2002233330
0322303300
0001303333
1313002333
1310111133
1011122133
0011112112
3111030033
2013133033
2213133202
3013013332
1113013311
2112001331
2110033000
3311003330
2131303321
2213322311
2113100311
2111300032
2220010032
2200033321
0201023331
1020233331
3023133303
1303303331
3300013333
2320001133
3322103333
3331213331
0333311333
1330112331
1330001311
2333000330
3302033300
2231211330
2201113001
2200002330
1200033100
2221022333
2121023311
1300233133
1333333112
1312123332
0311110332
0330033322
0323333223
3130010331
3300111321
3302232331
1022122331
2032223311
0030113311
3302121330
0032123330
0333132303
2003312332
1133133103
1101003103
1132223113
2112223130
1012223300
1122013323
0320133232
0121013302
0023033320
2230333222
2222323321
0131333123
1231330133
1023110333
0232233133
3232130333
3210233033
3023303233
2233303132
1221031331
0223301330
1202113303
1321331313
2323131331
3122131133
0021331131
3022331321
0302133312
0231232332
1323133211
2231233231
2222331300
2122133011
2211233012
2213131113
2221011112
2220311130
0220333112
0313233111
3223233311
2123333120
1222333013
1122332131
1223213300
3203231330
2222103302
2322012332
0232213320
0230321331
2232203110
1133231311
0333030311
2333312310
0332333210
3312131323
2123313213
2113321132
1123311320
1113331110
2103331030
2033313111
2130311311
1200131311
1003321313
2311313112
3232331132
1333131232
1233031130
0223330211
1223332230
1133032323
1133333021
1213321123
2133311022
2330120232
3330332320
2333330020
0213330032
2210330131
0212332233
1023221233
0221101233
0213033230
0211311320
0102233232
0333113222
3103331323
1331303222
3331331302
2331130130
1332031320
1321303030
1131230330
2132123303
2232103031
3321131030
3320033110
2130110030
2233130001
3233323031
2331331011
1232312301
3123311231
3303330230
2333210233
3131132311
2133332101
3313111111
0321113123
0313312132
1331113102
3311212302
3332112322
3031123312
3011033113
2302033111
3201233123
0130233031
1310313300
0221332023
3222131312
2223003203
0221310303
1223030023
1322330002
3233023322
3033133022
1223233122
1323301122
3320213122
3333232122
1233312222
2023232313
2223221031
2222211211
1222322211
2203212133
1223302103
1201330310
1320013103
2101213131
3301231132
2132232213
2022233022
2222013230
2220211322
3222312320
1222023310
2112310233
3110313232
3113301312
3001032332
1110310113
1212112232
1111111002
2312211122
2330231121
1330133120
2231321212
2231012302
2231320300
0133310001
3313233002
3121330000
1211323003
1331023023
0113013003
0233230013
0313101313
0213203302
0203010332
3133220332
3213223232
2123023033
1203320033
1130300031
3333100323
3133102233
1320022330
1321123320
3122223032
3031230032
3132310310
3132230131
2120300300
2233200321
3330330013
2320313023
3333030103
2310331003
2003300133
2033320323
2201321323
2002211233
2200231112
2000303310
2033031013
1033233201
0032231231
1232232031
1333221030
2332213001
3323320003
2222200033
2322310111
2123201111
1322111230
3123131210
1132101231
2023111132
0300311113
2331011123
3330311200
3332211110
3322213200
0122231110
1003313220
0003122233
2000113230
3301011230
3323122313
3313123203
2301232233
2031222123
2202312223
0220222233
3203122132
3223100133
3322010030
3212110300
3013311003
1312311101
0110211111
1231131121
1331121213
1212131001
3223031101
2233110112
2323110103
2202111013
2232111100
1221013120
2201103122
2213231220
2221223020
2013233100
3203311020
0231331100
3233132220
0023313100
0022033103
0223232100
2233222000
2333201200
0312232003
2031123101
1203301211
1220311221
1020310131
0102303113
2011032003
3230321113
3123232223
3222203103
3332302113
3320101112
3220303220
0020320333
3202332210
0120323310
1121323101
1213211312
1213012320
1231223210
2101233210
3120221311
3213103011
3231013101
2321231212
2313303022
3303332011
3003213112
2002013312
2032301301
3202011111
3033101121
0002331223
3000011123
3200310323
1210112313
3100323013
3110112033
1012231203
2313013223
2030131032
1100301233
3203003131
3201110233
1211130213
3230113202
3123100302
3023302112
0032303102
1132323200
1123201003
1122011102
3313201103
3331122110
1021311103
3221311002
1233100022
1223121020
1231012033
1221212213
3212212203
3222120232
3202312031
2320123100
1321221100
1202303232
1120121113
3121021103
3122302030
3212012130
3112212112
2122022100
3130213100
0313021133
1302301130
0131101112
3131010122
0132010133
2131021032
2231100223
3301103223
0032321033
2303232300
2302003323
3000331022
0023323032
2320102223
2100132103
2303011101
3033211301
2201030103
1030032233
0103320330
2210322032
0230210103
0232013213
0320322103
2303320312
3101321120
3211213211
3112111201
2110113012
2103131222
1101112121
1010113122
1313003102
2030003122
0302231101
1203013013
1010333212
0010131310
0200231303
2302221303
2113222302
3020232103
1232022132
2133022122
0033222132
3032202130
3321230120
0332231022
1322222322
3312230222
0222322122
2022321222
1120322232
1120120322
1111201321
3122033212
1012030323
0213013121
0030301323
0210101322
0130111320
2111212223
0232122203
2312121002
1312213012
1302312013
3302210312
0122123102
0111223202
1111222013
3332220011
1211121200
1311223231
3112122321
0111032132
0133132012
3220132011
3313322231
3123222101
3101302232
3210022312
3211020323
3000022230
3003202303
3013122300
0011020233
0011100323
2013130122
2212010102
0231003312
0311122023
1122200232
2102302312
2100330223
1121310222
1120030112
1123022213
3330220203
3123020012
0121302313
0131320203
1131122020
1213022002
1321000332
0222201132
3022001332
2010032322
1302221112
1303223021
0313032201
3103303221
2312202231
0122003233
3022201223
2320212202
1300122312
3302222002
2133020301
0220233201
3200212101
1033220002
0022202302
2102032002
3200030222
3100012322
1200223222
2200102212
0301322222
0110132220
1011001230
1003310012
1031322011
1033201110
1303102111
3010301231
3000132213
0001231113
1001132110
1100111010
1120213020
1110123021
1113210000
1103023202
3110320002
0313323000
3310232010
2123012010
2212320210
2311312020
2110301220
1210032221
2303002222
1220000202
1230301000
1312320020
0323130200
0220112002
3210322200
2022132200
2322120220
3321012201
0010332002
1211202102
1310202113
2311220311
1301230302
0011330120
3211221001
0301120113
1301210123
0011210131
0123121001
1320110011
2332102010
2310112210
3011301010
2030021110
1001021132
2013121211
1313021221
3130202302
0100003132
0130030232
2230020213
2000223023
0130021011
2013020131
3222020120
2200021200
3233001210
2001221310
0121221121
0312312221
0310222211
0120202222
0021222022
1221220012
2323200012
0012220313
0201021213
0110012213
0322023013
0133202121
2011321021
3021321201
0101023012
0010313021
2001301100
2030210012
0012021322
1002320122
1122300120
0100311302
1212010211
2121001023
3121102131
3132003121
3320302211
2021001211
1202023121
1020212310
2021210110
2103020113
3210220111
3120020233
1131200213
2101020221
3203220221
2010102120
1002133021
1012320231
3002002311
2020020321
2022011021
2002202113
0012001111
0023220111
3121000310
0112121210
0212003100
0312030110
1330030210
3311200031
3310010212
3300020131
2110000101
0200030111
2012003010
0101210300
0310201300
0312101020
0102003301
3120203001
0031202310
2102203020
0120100032
0310103031
1331000000
1202001203
3013001202
2100012031
1000230211
1100222301
0102220031
2202220101
0122000011
3023200021
1200010021
3122110021
0022100210
0210230021
0230022022
0330002123
0323002310
0303001120
0030102231
0010300311
0003001031
0000320001
2301022000
0002112010
0220020300
0303000303
0230001221
0221002321
0212203221
0022123221
0201212021
0001121301
0301203320
0331102101
3000121003
3230000001
0232010000
2303100201
3001202221
0111002001
0113000020
1020020010
2200230030
3001100212
3000033201
3201001000
1001212000
1300110203
2300100313
3100100220
3332002202
1302010220
0302020201
1021101012
1001000121
0003203022
0202110022
2032312002
3032102023
2032000003
1003200030
1003101023
0031030101
2021120000
0300101002
1030203003
0010001003
0023010202
0000032120
1000302020
0002130003
0030230200
3031013020
3030210320
0302212120
0032311212
0000121222
0033211223
1032121220
0331020220
1031022200
