--- Global Parameters ---
Code Length:			12
Min Codebook Edit Distance:	4

Max Run:			0
Min GC Content:			0
Max GC Content:			0

--- Generation Configuration ---
Generation Method:		Linear Code
Min Candidate Hamming Distance:	4

--- Results Summary ---
Number of Candidates:		16384
Number of Ones in Matrix:	90636
Number of Code Words:		6336

--- Performance Metrics ---
Number of Threads:		8
Candidate Generation Time:	0.02	seconds
Fill Adjacency List Time:	3.88	seconds
Process Matrix Time:		0.11	seconds
Overall Execution Time:		4.02	seconds
=========================================== 
131110220033
122222322321
112322232222
103330211303
103210200211
112222202230
010231122100
333330023113
003113033112
101122222120
321330333033
333332133311
132110111011
323310333310
123211022211
022200321133
332231330112
233022133011
131111011013
221123022103
320221033332
332222200202
323333033032
332231033201
222220012332
000111111021
030011100003
222201303333
020312233200
012211122223
210332222322
112211111212
201220033023
211111222222
222331200000
333002222233
303331233103
323333231200
330333330000
130221111211
202203103202
202223122302
103002212211
302233102033
230011111011
222003100201
220231112122
212200311111
222233122022
100020311222
223213011111
322222333333
233220033230
232203122232
121132020032
130332011113
233333133132
303111101333
210113022221
101111333330
323330110022
333331111220
131000001113
231322033322
102230333322
333332230002
311330011310
200001022200
200001220032
000032122002
032330311331
002233322222
123213033132
232223301100
222222300302
032031302112
110033110231
113333300303
100003312213
120033333033
320113333133
303301201303
223110211223
310022222022
200032331222
200001123321
023330132001
202333303222
203021332322
131220030030
212222123100
331321022222
032013130103
331111101120
222221120001
213220222022
331133333131
312132022321
322331233031
021023201331
131100233333
201003323322
211223122023
111103202222
111113310003
003311133333
201122301022
101112311201
013110122112
221133031203
001221011223
122333233300
322230133122
013021210201
333112300000
133333111111
123001322221
303311111310
222223333110
202233333230
331211121111
012220321003
232213030013
211120322311
302130001012
303333222220
233111311100
202222111110
201222022300
132301222233
100003011100
100003110021
000021311001
213102333311
103311203011
031133311112
133112311012
002031323122
112203210122
111113211122
032111313000
111111200201
110111110000
103111011200
330022330123
101321311113
000333333013
011000322211
223133313333
333333100103
313331102200
300013112333
030123311300
222001111122
131111312300
333311233033
311111211213
000020120021
223332033211
312000233022
221330300002
303213233332
212330010010
302333033100
221123220331
122011322033
302330011031
111112222330
031110213002
113312011302
212220330011
111223100000
103210002023
113220200001
333302101111
101102302101
222221322233
000010310013
331113011322
201320300322
201110322101
220011220312
121102311121
301120222211
021032320302
000030230032
133310211233
312133011133
203310111133
123000311033
111122311011
332211012301
031220300312
222330233212
333001200302
330000300300
103312320001
201123130002
331220322331
330312223233
300010233111
300002231132
212000002221
112330133112
220000200200
223322222323
201320003031
231002133332
212230222230
111220122131
323110020020
021333232000
300002033300
312003211113
002332022331
301032113133
212222022021
220222220000
212012000202
013222121000
032000000213
200000011012
033300132211
223333303310
131031000101
122110022120
110000100100
003012131233
100021223111
231000122011
111003333311
333110311323
223301320233
231321011213
021000000132
300002330013
000013233003
022000133322
112132033333
323000003332
221111100101
001023212311
021220233223
302130100133
323300122222
313301233313
311222122200
100000033031
103110022012
332110100003
011100213322
323023000303
331102130311
111110031221
101222202111
102013221211
013012103223
113312110223
311033211022
012330100123
121112203300
302231210003
020033300002
131120111120
300000022023
112221022133
321203111122
200030122333
113322023102
013000000321
202132122221
302001131133
110123331311
001122211111
111002300103
302220133202
313321010021
000222222032
010022200001
023110200231
023322233331
033000211133
200122213011
013100030333
310010003333
311130001333
133133000013
032300020222
230030002222
131130102220
012001020021
213112122223
331000212333
230021022330
002103231132
213320111323
201333331113
021123033111
022113231212
112303321011
213312231113
000320203303
022020112222
212201322303
321201302033
322322000032
033030223333
222213301310
121332333302
321223233331
312231323132
331320312323
332223130303
321330232112
331112220302
310032033110
300233321022
103332200020
212210203330
210222003202
102220320022
021230321002
223331110201
031003010013
202231120321
222213200231
321231132001
303312230132
333321300312
132312213002
321130222131
302111112221
221113111222
321123312221
302121322213
323302133101
132302103011
203100211103
202200222020
201002211011
010002221101
120303022111
132210232333
122211233131
121132222200
213302222213
121121011203
120010231123
111001223113
310010201101
000310231103
201031003112
110010311032
113331012333
111333022233
133303022230
031333002222
121133310133
131332200233
110222223013
233211230010
020112322302
022021222323
020221213123
020022221031
022212222031
030221122220
131002010230
001002002231
010200022033
301021221011
323320301110
003210233220
022310203300
300033230120
003033220232
001332212232
010132322232
010101233022
011112310220
001321322122
331101112220
033000112220
330100132120
332210021113
331311313331
321123213300
312023133300
231102103320
101100212303
111100220313
011122322020
212003222122
232232022301
001312233332
213312132200
231012322200
211220100112
112202021102
322212200012
202012133333
132222112103
201313211132
131202101332
113102311332
132013103132
232113111103
131002111311
130310120211
122221102022
121101131222
120110102222
200021300013
113320133300
111113013310
111010100312
000101201032
103001133033
030001113303
122220333002
101332122110
103120111333
130111200333
120000121130
221311011003
033311211010
200021102221
120021133222
030021033322
300021333022
102300133302
032310132003
203330130033
320333001303
321203010003
203331200132
203100013331
110021013333
312121211322
323001030120
310210211122
312002121012
030122120320
132213210202
032213021001
213102030002
221003330302
111331033110
023210123113
322222232212
012022221222
011222100223
301032210220
120011101022
020032131022
000130301101
301122233132
313223233122
211101033310
012111003333
222111033311
221112023111
232211120211
022200220012
013220031202
231022211121
221122213123
230002223133
230120322223
010331211201
011013111212
010113132312
001133033231
101311121121
020330100330
013023003310
111330000302
311113200130
111320013002
311133023202
311312322220
311011320320
311223212301
322233212300
213323230101
031111022022
011102000233
100111122010
101100111010
110211031110
313120231022
020222231012
010111123031
030333312023
132110313223
111222133212
221130211100
231332121103
133312200110
113030001110
111200002110
001032131110
213120000221
121000132022
112130220222
132131002222
131300021122
101300000112
111000311220
110002111223
110011120012
010121212122
202212321122
113002123112
331130012313
323222122013
220020122013
102132001323
302012001223
000120312201
120020302202
230020312231
222002331221
002130122110
112200333132
222301131113
202200121333
212130000033
102330000023
110031000033
321130121222
002222100102
000221200103
000221103210
033222033101
331001023313
300012323313
230310003313
033022023122
033002002022
333102212221
312220000333
330120113020
333223022330
032122000022
000002213111
200003231311
031002122320
010002122212
310020233301
332300200033
310310122223
002211011312
231321213021
232212300112
213320313111
132111122203
301111322322
202222212203
222202220323
120020100030
020010000320
322302120013
001301000331
000310033331
100333003331
022110011111
302221001131
002221023112
002113020000
300012020000
020123020003
010211200313
120001112322
333000233110
330001333112
021330012303
033003233002
033021302300
332022311300
033300330023
333203003230
133323300023
322330200223
223303032203
301321003212
213000110212
310000010033
300023120133
331003133111
121122132213
003300012300
100013002200
000031203220
322202213312
022222311310
301320030000
113320230013
111330303011
233320300131
332220211121
332220112232
323020022232
202220302001
020213230000
202012230020
200010200120
200002202103
113122033121
002200233032
000023300322
230030103303
310030123312
333003112332
323221100122
222110101022
221130310021
311130100212
111002003210
222230100113
110032022102
030100011022
003001001123
003300311013
331101013301
133110300331
211131100031
011100110031
032110023101
011001311003
011032103100
113033122100
121110111330
030110200110
021031001120
231032202221
322032132222
310200000010
002200031200
300032001100
000023102110
222020200123
122233302233
112122222201
012301202222
201230222111
101003200220
111120300332
223003012232
200031212232
031203202202
230000232210
000230022223
003203000223
300222002223
303200000331
323200013311
232301301331
211121012210
332300301112
312012132312
320210230112
230220203333
113100102223
013120011233
023100110222
321100113022
032222020013
123221313302
120312103122
001222132233
202032112233
032310033122
301132022000
311332202201
133320120320
332320122220
033220022222
103332002212
133303321123
033333122120
333211203021
311120210201
031021222002
200021003300
000012301330
001100023100
001110030200
013003321103
000033111210
232003033330
200331333322
003333301322
111301001310
101123310213
111132100123
213123321003
233313112032
123331132222
212110322220
013120213001
301110210011
130111002101
132301020001
301112300213
030320121020
200111001112
000120011112
002102000112
223300111213
332020003330
233012000330
230321200133
203222003123
202220001312
202302100002
120300000020
120200030032
003301120033
223301122001
333100001330
023300001320
023331000332
223300010332
131003320331
100010020331
112000323111
110200312311
300000123102
330000102132
330012001030
330101000213
030210022313
102010302201
000021210120
010102211113
303330103002
030321310000
303023310030
000210102202
103122203303
013122303203
212122301303
133100010322
331210310131
332203313031
213322203313
132221031113
233332203033
322222131101
232222130120
222203110222
132222013022
222202022111
213210311303
113121312303
113312312011
203211112333
331333222033
001112021123
333321102120
323210000011
203110000031
211000333203
113000330003
110033312003
130112121111
330032121011
310133333003
010312010002
200031010000
001332010000
100030100310
000013031231
100001101302
203321011000
233221101103
322210310210
221210311110
011131111023
010011113023
222133102013
310033202130
310332211313
132211102232
022111022303
321113023332
211010122331
011101022302
201011022012
020011033132
000122303122
020300330302
132130233202
223211000232
322112123330
233000200121
221200203331
102220023331
031200220333
132200221033
223001201323
222102002120
311102123331
300032100021
233300321031
333301022101
330102321031
033313002101
000021012312
010132120000
101110201003
310020031133
101132033012
111323233301
020022122322
302102321222
301220202220
300332120010
310233111200
023321211200
200222233020
012222033033
022203000311
122123133330
122022130130
122211031303
122221300210
222130021003
332333113011
120000020011
103000001300
100031230211
003102013000
001101313001
001113113210
322232023320
223200020320
320001103330
200011031100
120010033311
011000223330
112202223330
232111100220
131000100032
302222221232
100000231203
110000203213
110202000321
113023030321
000032320230
300031023031
310210310003
321323001111
331320110111
313000321011
323300221131
322232221112
022322022011
011330033333
201113003323
211101132231
011111233230
012210111031
301212122010
123330000111
131320000022
301220000012
131112033122
333302000030
313312000310
333300110232
303300131202
333310301300
222012322121
220312222212
032231011222
033221312323
230331312312
223101132022
200002000331
210020200330
201003020031
200020030112
132020012322
111131221301
012111201101
010020211322
233033311331
330123131111
111100123000
330033211110
300333210111
202100000223
022100200023
001100122021
000012200211
001211221211
010111022110
220011022120
011130221122
011122120212
112122121112
111131122012
111311210222
110111312232
000003022131
020030322133
001102032223
030111332223
031313122203
033122310223
010120122023
203213002131
321032100113
203210020000
300210021300
302202002100
331100222321
022220201112
022001001011
000210201111
020211023111
221122011311
222200330121
202200323101
023013111001
021031100001
120013011220
012031012221
101022111221
221130013332
222110000103
222131012211
222211112201
002202222311
012232222101
031203101111
331311111103
223320031232
332001312331
133120031222
131300322231
021200010111
120020001111
122210002111
230022000201
333331010301
233332100320
233322012101
232310123011
233231211110
233033210210
233112131203
211122131200
333210032001
033020032201
232220020322
032320001322
022320033332
223233333302
023102303333
302310333222
302331123302
211111121131
110123133123
322232122201
302003322022
020003332202
000003321222
000001033212
030010133211
002203013331
010222113331
012121233301
002013010012
202131001231
002231333101
300001312122
000033313022
000330311122
222301333321
220333133213
220203333233
222003302033
001320311330
030301133332
003221131121
030321211121
030303122011
033331230110
232331333131
012331133331
000031100133
103113000123
330312322312
333002323312
323021213212
322022121122
222223232031
020001222000
300311022100
031130232102
203311122321
232112122311
031213112211
022102310221
110223210201
311102321103
103222223332
132210333212
131100332212
133313332223
033133033022
031030000322
103232133321
213222233301
102222133133
013312022333
331202213033
011233120331
011332123131
332221222333
301333100310
300033331001
110230221030
000002011323
000001132333
000011121033
000011020112
300003000112
320030300110
302001030012
020013022211
200013222011
301200322201
310013322111
100013301113
003301021112
020333221112
023232311102
022311230112
003021020023
200001321113
120120031103
100002123233
020230233031
020123222231
111123120031
121111320310
211111323303
111110332132
221110032232
133223231110
203013113033
123011133313
113311132312
100311132033
003311230020
322302021132
123213132013
102322301313
101223033131
012301101131
111222032333
111102132323
213111001233
132230312312
103203033212
103303300113
100332030123
103131333013
121032313333
110231313303
130221313023
200031313313
220000103113
022300113313
033011033213
002013212220
012130312332
210222300111
202202031131
022223120330
020202311033
020213133313
002113323313
002132133233
001011330313
100011310230
001111003012
131133120311
103333130121
222232313002
230222010222
202200020212
311110222001
311122201122
203333211211
321333311102
322332211100
131032321323
031103222233
110210103223
232203320000
221000110001
220001233012
322000111301
023220111313
120220011132
312210133012
220011123001
201333133321
213313303220
313221222201
332012020213
332122022001
030111031130
133011101303
013333333332
133103133332
322231302102
332331300100
213220121331
132331311112
223331213112
223330022132
232331030222
220320102022
223131100222
223020110322
002232311030
010222311103
100222211003
030221221133
020122112330
101122121233
223312311002
203030110002
000202100221
300030010223
000321032323
130310322023
120320322233
123003232023
231313133211
010222012210
211022202101
012221110023
332331201021
303311010231
300321111221
333112201121
313112111212
303211222011
312103023333
322331031203
223323310010
333102111132
021001132201
000011222320
320223022011
302221302222
320121112222
112001211222
112232112223
113301222301
011030112223
001113012331
301110012223
110003122031
231130322031
201100331201
011210022221
201111210232
212211230122
110200213230
100023131121
112002031121
302311102202
032311202102
313110203222
312112003221
111033301111
303303311101
101031120010
303313100033
203213200303
010233133223
132232303031
002233120010
011103132100
011131212330
021131233300
302113301330
301110113302
221121330133
322110132013
223111323110
311133122323
331313100220
313311321132
201223312201
013331322011
213131222101
113303233022
002223032231
303220021231
313301130000
232133130003
203223030331
131320303331
112223132331
112220011321
121223020111
110210301011
112323300111
112231233001
321111133130
031111123103
003331112233
300112111133
313001011110
001111102133
230030200010
030020000130
002220010300
031100002130
031112000113
212000200013
213313101012
233331221102
303212002312
330100231233
111101110212
101111131102
313323100223
312132321032
133103230021
011110002210
213332012221
321320122101
221232123101
321133301121
011333011202
311113301011
331121331112
033020331112
003332031223
203330031112
033130011113
330002311023
133000222102
332000220002
031330222121
033322201321
330122300131
230330022213
330022231002
230322222002
123320211023
332203111203
332311022313
032322111120
032021113020
223222111022
332221121020
013312321020
133030311223
132333003122
033303011201
103033011031
010033022321
000311202311
330322013201
133333212202
313333210230
133033232233
023333213223
032113302323
032022333323
023002333321
333330221321
000231213203
030021132203
030022213021
030012122132
033100122232
331121032201
321003303333
011010331111
230010023322
000233202120
122223012220
222213103122
230000030022
200012310322
201000002100
001203021000
002202121002
002221221320
002210321213
000022030223
100001000223
330022033230
103002010023
130010100220
002011100210
030001210010
100012031012
300001110310
301020111110
300130121310
301011312330
201131033100
200101210020
002202323230
112111333011
000122101310
223232300110
010233230130
100100300330
333322223302
333212023322
332200133332
331201033330
011031222322
221203320321
120032300221
310200202222
110233100212
223321200212
312232200122
122223210012
120202322002
010002320020
003022200320
013032221030
013133222230
013002213230
313222200330
332210120032
333220202033
122210200323
121333300110
021013332010
021211333310
221102333102
221233011232
231132333312
213302323332
132032111220
111203323332
001022320022
000100232220
010232302203
002213202203
012121332220
121112302221
112033333220
311223313220
102133331222
200133332022
211201013321
120120233331
323002210223
333113333212
113332333111
012221312211
112211212101
123131221112
022220003320
012232020333
001222033312
000220233311
000022232011
322223003232
301232301322
032331120311
222331103313
221223103013
202233030123
220233301033
122312320133
222132333033
202133111033
313310011033
111103000010
121123000120
010000133131
000003123010
010023130100
031123100020
012311310003
222333211323
223332132330
031223223302
221222233112
222212233023
222122320333
022233230323
223233232223
233210302323
332103131232
022210332233
020222033220
220322012220
012321223322
033203120332
220331320302
201200113002
120203113022
122031000220
221010002220
123020033220
222300003220
302200013223
020020032120
002203310022
022213310302
112203311003
122112033203
101101023323
122203132201
030201200033
032032023330
010202033310
012033201330
103133322330
033002301331
331002302131
330333033313
330332303212
002322332322
202122232232
022303131222
020321120222
032220332023
122223113301
021112133022
203111330130
011133100300
111233113300
132102311200
021332300333
302323222032
313021232222
102123322122
330123232202
320113232012
100023232232
110000302332
100003213332
310310023302
101002031200
011200332232
333323113203
031133113320
030210321000
313321111100
123221111130
200023012023
230130230002
301200021112
220032021111
103023103210
220311200323
222330332333
022230313333
021322313033
223320233000
202320031300
203103031200
202211000300
123322200300
122232230100
232222031001
322220322010
222233320210
123203222000
122203231112
312213111123
321103131113
301130231111
001330203111
110301311111
312011110223
113011112323
221011233200
022013201200
022002122001
012110333232
011133302132
231110000222
303323231120
331333323112
330331123111
123333123101
003111321122
012222132112
021332201212
021011222212
001132202211
012001222213
211122232113
233312222133
313012222113
103022031123
313002231213
300303222311
003322220311
311222221113
112222101123
122221201331
121222211131
200221310030
120002233100
012100122300
112012123300
111203121100
113200221101
112332023310
230122333100
211222313003
012213133100
032121321200
031201312000
020012011003
000232033100
003201011100
013121123100
121300211300
003213310230
302012302130
200032133010
211221133300
330123333323
333233233202
030033332012
103333332313
333333203210
333300312000
330031200233
310030022233
330303100032
113030100031
233303101332
233023001322
220330111322
003011012223
302011122233
323112233131
032023003222
120230002232
033323333012
010332233330
120330133301
103221102110
022212323110
022201213200
222210222300
222002230300
012211221130
032212311100
301332032023
113332232030
021123132030
110232133000
112002130000
100023030000
003221030000
030231030001
020322300121
031302300123
030313333123
031011311323
102131122333
001333122333
101330133233
113031133223
231122320012
213223200113
311220032002
231000320223
300020300230
000032023123
300003303201
030003300212
102213033000
122113303302
012032333003
013023300003
002223230003
320122233000
303223300013
110020121000
001223000100
122330310310
113111122331
311222023321
110011322220
100111320222
100021120202
122111312021
122213222212
131222223121
113212223122
213123220122
310123221222
301333302122
333230310212
312103122212
311211231222
312313222222
313332223022
133222303223
231322132203
313322331203
331231302223
321233220031
122132210131
031313023322
001302123321
313203212022
332011002322
133011000222
322103103222
221131222312
132322122111
132322221202
213311213022
233102023022
033310222202
333022302212
133322232310
333202333331
233001233333
332223332131
213301200322
133331100232
213312033321
103311100302
033110030013
031211002013
133332023222
331320213202
332302013122
003313320222
303113312222
320011312202
030011302231
003010322322
000102223103
100303332222
300333113202
000321133202
000223211220
001002301122
333313020122
302221100010
223112200100
021331120030
211231120000
022231221000
201110120333
002333213311
223333101122
310221311011
002223331122
023333312302
213333322320
023333011011
033301000122
021330311010
001130011300
300333311030
303300333030
330133023330
100110111202
313330030133
013130002133
301100001123
103300021331
213330201330
321333113330
213331333003
221233213000
212221303203
111102033202
211130032302
211123201301
221223200300
211222010310
312130033002
121130332002
131130300012
301030300022
203020002223
203202220211
202312210011
213131323020
231311320300
123313201312
011121003202
003331013312
101330032312
031131300231
000230123302
003233133102
001032333322
032002213302
000022333130
103023002331
330030233021
321000220323
310032231322
110033213122
113012130212
100021021323
110010210113
311003021010
321000022111
222000023211
321121000211
011001210122
030310311012
023001113022
122223311133
132202331231
023302111122
100013200032
311100132012
110013232022
110203132012
111030121212
011102101312
311023000110
001102230011
011132230201
011232210230
331102233002
310132300211
301333001231
303320312130
123023213123
303233212232
010011311211
010312111123
201301213111
301312211311
300012121121
330000201221
300002132221
330130302112
303332211032
033111300112
031011113111
012130011021
113003011221
113021322311
133001310231
133001211310
113011211030
031331310212
003011210011
000300121110
232013121111
220312121101
210332121031
201212111021
201111113121
201101100221
201000103021
220000301321
220031003020
220303000132
020130011232
022010021103
021320100122
023201200312
302332000312
023300203112
102333022112
302333231332
301030201103
103000302013
132000330131
020020331233
023303122330
002330231220
000101300113
000103012123
020113012203
000213021212
320230211012
022230212212
110002010302
111000113012
110001331120
110123032002
211001003302
101201003312
130021000313
311012100023
111010203001
111211022002
110213222001
310222232001
130222230033
020232121001
012302123000
101211212220
102102132002
103212013300
132203001330
330321031330
203110101110
211201211113
110111011121
011003102112
112003103212
011011203222
210312203222
031223322223
121223222323
112332221122
111223302232
012233310232
101322333022
213013222330
232230033022
332203010322
320010123222
200331232203
330032323223
102300032223
102223100321
120213100322
102111002312
220122103322
310121133212
030132331212
310231302311
113102210213
012211023302
003030303222
330013032222
113112302032
111322301032
211130230130
113130233330
131230023330
032012002230
010220300220
012010303220
111030020333
120300303333
230013100332
020000310333
220031300333
011201002333
320200322333
012000013233
123000113201
101030012323
232233110032
320033223100
121322320002
112210122000
312211100200
312102111000
311121120300
211110211030
121111023003
112111030302
101122020312
100132222332
122003122222
012112120323
203112110233
211002120312
221032133122
221001022332
023210022032
112103133200
011320323320
110321033302
121303130122
123022123022
230321103220
011002333132
112002233313
113220002233
211301023333
010033321032
000312321301
133202322323
001032030031
101323003123
123031211100
132231321100
312203201130
020202012320
022032110201
020011132013
000123132102
020013321102
022003111213
223003311121
221330003311
332213300331
322102031111
322003133230
332033133020
033110333300
123110233200
233310233210
232110331200
332210322200
312113232201
311333132300
311131133000
113122132000
132223222002
132220103220
213222332220
023223133222
212222321332
103112132210
131101301000
101301033300
133313233302
313313033102
333301321212
333111021222
303112022323
031203303323
312202333203
313310110112
313101021102
110311001102
322000313133
032000101332
200210012331
310022121331
101210122321
220010011332
122000001232
220210100230
320013101313
333332331123
111011133100
110010113200
111021101300
111130111200
311010111300
111001120200
111131320220
121133211012
112133101000
221201331002
201213023312
030122322112
030121201102
031313221110
313331201113
331022222110
233112232110
233222321200
022330222200
120022212000
300222200011
101022010300
300122220020
112212230030
312330122100
111122210130
113132222013
011031323203
010131300303
311011023033
331122212102
333111322131
311321031202
331013223102
233210203202
332121202302
330111112032
301211203232
321120231231
302102022131
302202200332
300221020312
302000201032
203020103302
010320033121
011030013302
013210300311
011012023121
031210031201
021000303221
210032303232
102321323222
110030033221
130002003322
100130031223
230011313223
030212231202
013102223222
213002202222
023222302202
222212332102
030023022001
000313011200
001321120310
001302022200
020203223300
223330220300
200223002000
220210302002
232021300200
322322202200
210323000002
321323100030
322310122030
220321333002
030313232002
023131313002
003110110102
001300132002
003131300022
001311310322
013121321332
300312303322
003112202132
022231122313
030232311223
130001120332
300011200303
002300100333
120230103313
301112201332
011220313332
222322033003
200112320330
300013211020
010101031210
010130131323
012301303303
200011233332
332212232002
323101202300
323210202223
102112020223
121203203223
121230312033
321212333202
112233323203
012210313203
100122033200
102013320330
112021331203
122132012303
121211201200
113232303103
213333021033
333301220333
333023133232
333303033222
323303302121
332033032101
310333020333
303300030323
033310323323
223113332233
113323313003
131202303100
130233311000
003331310001
100113331101
011333312111
301123301201
131033312131
133331001313
033330001130
101331100021
113100300011
110012300311
110013131331
103002313330
103000203132
121000231331
130000311312
300112313301
211003311332
311320301303
202130032023
212100032233
222000122330
213212003333
211230012333
212100133312
212310031110
222010030111
022302003111
023000021311
231000221302
130300133111
130102132211
133000121211
100010121210
001022122210
300122022212
013000202113
330020022113
233000002313
330222023213
233030232321
023012023332
230330123332
310331233222
330323222221
330320200310
233011321112
230310201121
320010220131
022000230031
310220120031
200102232111
221022223131
123022220331
130022321131
110032321211
130011331200
230100101111
003100200111
103012201111
103123230111
102233311213
121331311233
133321311300
031333301131
031303333331
331032330331
123302320321
233022032130
233330212310
210333211130
221133332110
232213333300
321103333321
312013303332
011033332120
233000301000
323020220000
033201030130
223023231100
222301232200
221300332202
230031233202
302300320122
023023220112
230032013101
320312013011
213023210130
012300231030
222300201012
222000221023
220003020103
220231013003
122310230331
123101213312
121212223331
112023023233
110130003233
000130103333
112321311232
132320133232
003013201332
013302130112
232102131011
231232111111
032301112111
013231110231
013033111131
031003111132
133311121332
122231111322
233111113332
131110123320
133131011330
331111303312
331211323323
132001101111
330301111311
330111211321
302111211132
321121101330
320123301333
322332013332
033332111332
323321233223
333312013330
233302033001
011033233001
301033120321
100330223032
003330222332
320332230323
123301203331
333310103132
133300303012
120330230012
102300230011
303002100110
300121202111
123002102122
123020231012
113020210022
213021102100
132110212302
130211220302
112312200022
012012213022
112303022302
311200013102
213200001310
332110001122
011323002102
012231002202
123100220100
012200201022
222312100322
222302113022
223212123222
232012013222
121210232012
122220030311
032001330312
023201103001
030112013001
200301200003
020002002303
200200203203
200220222303
220022230023
220003222331
020232323233
303323132233
020110030332
222133003132
222333310202
222030312302
223011313102
223300313021
213330003102
213330300211
033333023001
231331002113
232330102111
201233301101
021233101301
223313021103
023331101213
202033222332
122233203312
120221321033
313321313332
033210313331
133233323331
113221332332
132212322131
312322322311
111203222213
111123223322
312111223122
301101133210
303120100321
030312003022
031100301223
103111312113
001121031212
300112010012
333102010013
333001002130
133320021201
133312103203
113112100200
133111030230
113302002002
313320221001
323320200031
203020200011
020020133001
220020221300
200102131202
300310011312
330033013322
200333021312
332031320131
330022132311
333020313131
303302322313
323301212323
300013013212
330001030201
333000332031
330003223310
013003123331
030033233133
103203132333
102330303330
203231133233
230032211333
100032111033
300032203332
300132332201
303030321201
301303231203
303213332213
320003112013
003203202011
000213322101
000112133110
003001203311
012012110331
120021032303
210231032033
132012130320
213002303303
303002203203
003000032331
000201023231
000010112221
300000321330
213211223030
223120120330
233312020301
133112012301
311311102123
323112130222
213111302120
103113303230
121120321302
011212033102
012100320132
011002232013
033302022013
333002121120
303020031212
330211033122
031000032122
100030302122
211033222013
021331322202
010201213013
031200022101
331203022013
303203321113
203220311113
022330121113
210111330211
233123233102
030012320300
023312300010
031233230002
023322130022
213322100000
202323211003
203230001100
233300220110
332303020330
302311300030
303201132002
302211330022
322223300121
322221012111
132203100211
132233132011
132231022213
303123122210
331311212210
033111102320
231112312212
221112320202
230111323231
333103122320
313103232013
122301012011
312201210213
311230120223
122230221223
122220131230
122011021320
130222133320
113322221330
333212221110
333312112211
231333112311
032032122211
030212132111
012022122131
000200212211
030220212321
133220213021
332232110211
330311102011
333213111011
331231100011
331202011201
233100032301
133003002201
333220000201
233223011301
333233130111
333130132011
331233212021
332232312023
103222322213
110222322132
110102222122
111002201022
021110221012
111032130131
110032123023
021002213023
010221131200
031102211021
131102222010
313102201201
130101011201
132121011122
112220110200
020221110230
221221211023
202132221132
003222012131
013202203213
303302120121
012302220313
303223201132
110300322303
203101323230
130032130003
030013212033
022002320233
200032032131
230022202033
202010023131
220022032211
221023210323
312300213013
312000130331
301201012300
303130012100
331130311000
231133300100
233313310200
133330133020
231301333000
131131333200
303322000100
110101301132
110133021302
211332231230
111011331332
111213033321
211113031333
211112200313
201133220011
201233200020
110233302020
133331302000
123233210200
132323212010
132232202110
103333031000
101331001100
103120212020
101102203020
102131221020
001131220320
201100230320
211202233022
210120230322
212020320032
210213200022
312001200230
302301010023
302230120102
301223022123
312331010233
000233101233
030022011213
302022033023
022202033103
220211032103
302312120333
023222203323
332210223321
032201320331
231200132032
121310000232
111003030002
333021320323
330303203321
333132022213
303130311213
003133113133
031331211333
333331212133
323333132113
000313312113
001302321113
100313022231
100301121333
020311211331
320011213323
330021213133
323321130130
323113301202
330001131320
320311031120
311103011002
312011011302
330021110220
332001011022
330210202102
233122002122
310231001002
230032310212
030022312100
031030202110
033022221310
102202211320
100210232120
102030222220
110300223222
131023002122
111302023221
131320202210
111330202130
102022123110
302212011200
320112102113
201123031123
321123011132
321102300133
321122321033
030333011330
110033011310
110333031321
311000003121
012200003210
010030000210
310010300020
323000300021
003330020100
001033300130
020003130030
230303133003
233331320023
123313300233
330311300223
230130032230
301310002200
311100330220
111020033033
212030333332
110030330132
311000300232
210230302132
212233002133
131330013322
310312331332
313131013302
313301031121
301312013123
331220120103
301201311013
302012100302
212302330220
023023022320
223122333221
103102323322
113301323220
222210020132
032221002122
232010301212
230113332112
101123211332
211133111312
311320002010
330110020301
333111120303
333313121003
313311220013
333211001213
331100121032
330133320023
100303130010
122333130013
211000131031
302000003200
002331000200
233110120120
232313101120
202333101010
022000331110
223303331110
003303131310
203302113110
220300321310
030030013230
030310113220
302303001300
332030010030
202313021031
223232201031
222120230131
231302311131
313302112131
033233112132
032312123320
033023212102
233033012022
133021032022
333221132132
133221123120
322332112213
133210122132
332113221221
232213232221
022221333221
322233313221
311123333211
121023333221
100101333122
121003312321
121103223212
211320233213
011311223213
111332213213
103112231103
032223211033
132323111303
311131230313
320122332121
130110233121
012110232313
312130132123
131112231310
201033012231
122333332221
323330312210
322323033220
321323302202
321032302321
323101303221
332301233221
030211312212
333212122203
303321022031
330302133220
333223321023
133212230102
233100133220
023300100201
230020110003
102223001200
002312300122
030312300331
021233000220
022202330210
002301032000
210031022010
201331122002
220331122130
220231211231
212013132131
210313331111
231323101011
231102301112
323200211123
323120012220
333020010222
033103001222
331012012122
330320002122
333010022022
330020220321
131020222221
112022010021
131202000213
231032000013
303033000023
300330030212
320013000232
000130002212
000110023312
310002100231
310001023221
302300023231
230230012201
130300230202
300023223220
000203230320
020032333210
030200233221
012001323332
301200223320
330230223002
233022230302
331022020322
131003023022
311101303032
310103200322
312301022033
312313020010
231200330200
021310033203
221321023203
023300302033
302333330213
302302331201
302203031312
310223300332
313012323032
311030332032
113033320332
213112023302
212331023202
232331232010
223210132101
222001212231
221201032311
222120331010
212330212222
212333032121
232123022222
123021202200
231323303223
123033200223
120333212123
133220011213
032012301123
321230101213
322001122113
320002222112
220021212112
100223121102
123022321210
223322020111
310222333120
301022001312
302201323322
300303020123
003310203232
331003032030
333033120132
003231221132
121333003203
123333022020
121330322021
101303022023
313200133200
332321313200
333033322300
330030332100
030030211002
333013303200
233030333200
233323322000
332311321000
321112111001
323303203000
302130203220
030223032022
020213032232
012013022002
002021330222
002133203332
100233033323
100303233303
112033232301
110233203101
110332200301
110133322011
111201332011
111231300211
311333033221
312330320332
323321332302
012330203230
031332332323
112330230201
101213302022
100301323101
001033201011
002111130202
001211023023
222111330002
220233002320
313322133031
331322303000
312312211030
310321022310
103211031231
123210213231
023220313121
023301032132
123203121313
123233311321
122232331021
123203323121
130332213321
120233222131
312223321111
131330211110
113330021121
133201300212
131232230221
130100022013
020301000203
022030202231
013201320203
013011222001
001030322001
011032200213
110323022021
013023102231
010200220201
211330022321
320330023232
121203302302
212203333020
100233330030
230033323000
030002333000
030133302000
031023332200
332332322031
332232213102
333103221033
131302232033
113002022033
110320303203
300320122033
303020130333
300322133310
132212120303
132223020230
133222000130
133102100120
132131200010
003213112002
002231232020
013232132300
102323233020
010332031102
012003031302
133120233010
331231001130
323110121101
220311002111
223200222112
222313032011
223123201112
222121302202
122110220312
203312302022
031212020122
031222012322
012200102331
201221000231
012103100231
030133100232
002232012323
201222123221
301222011331
122102121022
212122200222
110122203022
113313220322
201121222032
232013222202
311201222122
120113021232
102302122021
121102012232
102123021231
322200202031
222201000020
320220000120
022321000120
212200012202
322000010220
003220201020
023032200000
320123002020
332302310231
233231310031
221323133001
102233113021
213331131231
222230302321
222333013111
202331011212
023102202212
123212202112
021312022120
023012221100
023103231000
121102210000
313211210001
113230110012
113103120312
201301011323
213310123123
203133102121
220333331021
221003033011
100130233011
100123101133
002122120133
102223302113
022012333133
012233211313
212333230313
123232223012
222322132122
122330211231
310203022121
310203321232
311010313132
031023031113
303011333113
311302032233
313003202001
313023322020
310220322203
210003302220
112100010210
211211000021
021111010032
112213100131
031223021130
201122103210
202232102210
012202012133
201120112133
210002230113
100022300101
102032233103
012312233013
001233310113
200110331013
311203031033
011211011033
012010000133
113010020010
001212100033
001220220203
200113212003
011210220013
010122230013
010322123323
013222323232
311302230001
010223021002
031302201002
300102300001
101230200132
010123001033
002122021012
111200103031
100112001000
011213000310
210110000310
101110003231
101201300001
310100020021
120121200123
110101200013
101121200011
301321300101
333230013101
313032302132
130130010213
230003012113
201010312113
120130321110
210032000121
122023200031
330030031213
330103011130
221010200012
211121113331
011120333303
102011230132
100020113010
022011311002
220013330110
220003323210
212021313220
212322311320
212102023110
213212201101
231232010030
021322010320
020113210031
201113201111
311212011121
312220101212
122330112122
131223311212
201120310301
101100010131
300110001331
230123003001
220130101301
202022303301
323022033111
020230332110
223233131130
122231313110
022130131130
312201311332
220132011103
223201211300
232221211302
302223111333
322221113030
322212103301
202221230332
232101210233
231032101132
210312100131
231033231033
003320231032
332013211233
322003230123
112210023121
322310023111
221003231223
021001231112
221302323121
122130201212
231320123120
022022301333
022232001303
222203011303
122200213023
220021313033
220301213023
222010232323
023020101330
020011231300
011220111100
120211111001
102113013031
021101300021
021113001311
111300331211
113320331132
121213113230
113132121300
211132122100
221112122030
113110212230
123112222123
122010311221
112130321303
111003131123
113103021233
121312110030
121321203012
321321313121
323121322321
201212313213
212323322132
021311101130
323212110213
321311123113
321211311333
332321212321
333221231221
231220311300
311120311320
311123232330
031113231133
313313231330
321131211323
213122110023
231131210302
211121311103
122111213100
313220112300
333230112020
313213201322
310232122012
312133110012
311311003002
013210003002
121032010020
131002212002
131032022030
123112020311
112311323032
111132302311
101111232211
021102322110
020100221200
020220022103
122023002203
222230203200
120330032220
320120121030
320302101230
322030220212
320312211223
213012211122
210322231022
213322302232
310012311303
321003101101
321002330121
232110230321
222132030320
221232022020
012123222022
011223230322
332100113303
201102221003
210023222201
200222332101
102100022200
110032220330
103032321130
103020323113
102031310113
002013111133
001311211203
100323212203
103231111210
303023211111
003121111110
001012011131
011112013133
200311011131
102311210103
102333123033
300312202203
000312022012
131003122103
110201321103
020112021011
100322221011
301322223111
002232210111
202332231111
002132230120
201031201320
202010122010
212031201001
121123101001
001123121010
001132101102
000111010100
020113311110
002132331001
030221023301
203102200220
033220220010
330023202210
003133012012
103113101002
103231313022
000331120102
000301112302
300301130321
313123011321
211323211322
210112312320
201011123133
020131321333
230113233033
221123123022
202113233220
202311333001
003123302001
013123330011
313313330211
311323020121
211300010121
113221031021
132230110120
133310112120
123303010220
233210001030
323210101130
332301031013
101220110121
010120023102
013101300232
113133013033
112313130123
313331003321
312303330003
133130123003
133131213102
131132113103
311330110231
313133002021
313213102031
321212131030
323222221300
312122130100
311221001210
232321221310
203221021012
232210113003
322210013103
222003001320
222301030032
322301300310
322111000320
311120012033
331111202233
321121202023
301131202303
221210012203
123210011003
132230011001
313231330020
231231133020
232122213202
033211221002
103331121202
101333313130
123131122201
122130102101
221131121001
212303101200
212130101112
221330201123
312132220113
103221201203
130211321223
130013320123
300133301013
130033200102
112003200101
011011001010
211211101100
012130110100
202102011100
231213200110
122020222100
210122221001
211013100200
202110310230
122231010203
121223121030
122312122301
112321210313
112122020033
131233203033
123122210323
120313233023
312232103231
311321130323
110112330303
101021230003
120102302033
311321233030
313201203301
312312013202
321222002311
222203213131
232233213321
322221210323
320232103022
332212030230
312012033233
322203022332
223022303233
223202332310
212211032310
123212303033
232223103332
233203131320
233123031330
232001321300
122322312333
120232211323
330233201133
023322031103
023312201131
033112021330
101113021300
230313322131
231031321231
110311302211
123301302210
133130220310
030303023130
032130200233
321320023020
033010303312
033031012313
203303322130
023322332210
201332203220
200333322001
000203331201
200203320213
020333122201
003320132321
003303232003
023323200123
030323200202
203332020231
233333230221
300333012323
130233012313
133301231321
233320102303
003313122010
013323122200
033323131220
033302321300
333320333100
333003310100
233323223121
203033231220
103323022300
320023230200
313330232301
231033132320
022313320310
231103233221
203111033223
231233320131
230121311031
232231101311
210231133112
232201133111
213221310311
231133201021
012231103323
022031132330
322231100330
320213111330
222013311333
120013312133
222111132230
222101323302
322213233200
303222232320
302322211220
101320223220
300320221320
002003201120
332223233010
221220323310
223223023311
121320133113
121323212331
213233312332
233321333323
213133233222
121311231212
123123120222
131132012022
011232012002
211333202022
311320200222
331033202002
231012120032
110331020002
311000102000
111301302003
111331132031
110103211330
311033013210
311110323120
331031312200
031300311200
310001122300
100113230020
120311222300
031132322300
133113322200
111133230022
011113020321
021032122130
201210302130
020311013103
002001113110
002110103010
012021100000
211000030110
131100031101
020332212300
021232231200
222032202100
232211322023
222022211200
221213232100
232100322100
232231000230
022012131301
020212100101
021120011020
022022002020
223001300202
022112202000
122022031011
221121132301
212111113200
221213333021
211332330311
232113313331
132113331312
122013333310
321331300221
022122331321
223211303121
220210001311
223031031311
231103130132
311120113112
233120310112
213102131123
232131323112
232130211221
233322311212
221301200131
332032001313
320110012311
121213012311
223032112301
220320201331
030310012301
233213023101
232322302300
332201302312
223312012311
333110113111
303012012331
131201321031
232312033213
232300031230
223000030303
023002030032
323233003020
112032300032
123033301302
123331033303
013310132131
201023001131
133212133211
132100102311
321131013111
113210131112
301120121102
031212121003
032202100032
221200100022
033321021022
133323102211
332130020022
321230000332
331133030222
310111303220
321300002120
310013021202
031031330223
002003102233
313132332120
311112332203
312100001202
230100202202
211021022202
211231322232
233121222221
233201322231
232003132211
122300021203
223101033103
223123300033
221030320033
210103332232
220033113222
222010333202
322013322302
032133222302
212013231222
123220122322
130120102032
120302011303
101103230232
130123021022
023012320021
001123323222
001013123202
200330102302
202003012300
002000120302
020031012032
000000202232
010230313120
120033131201
103313111021
310311111031
231011300331
330113103311
310110033321
120131312302
222300102301
023030310202
100012332301
201123332230
111323332220
211331312220
311131331232
110310133231
210030110323
310301003210
312010022110
121032111101
310101211001
110211130031
112302110031
110212112100
102031013200
012122112123
021232132113
003201312213
012320113223
022011210123
332211210133
102212101333
303022121010
200332012100
121013200100
203032000200
102322002000
102301203203
110223012033
330223212233
233020122332
232031111332
302010212332
232001123132
231301131232
231311122132
212103111223
211211202213
012111102212
112013110112
021103210223
201231310222
201023302222
001200300222
210223232222
120010330002
012200300103
301112003100
013122000110
113232000210
213210012010
221322302021
221132200223
121122330021
111121232001
010302201130
001231200311
020231200223
012211320011
012202113012
012212203001
132211300000
202010320222
200210311022
102332110221
023321013032
033121130120
033321120103
233330111003
032101300300
302101000000
102021000100
310021103200
003100103202
333100203102
320003310221
203013311201
200231202211
032313213221
302312322101
303132201011
131230122211
311011122112
110231212222
310112123123
320331212212
311331022102
121330223100
121321302133
211330321032
111310223030
231133102332
031123302212
110121221113
011113222113
111120201213
321112010120
311322310020
031122331000
321131310202
133311323100
130331231210
001133231003
033011330100
303110033000
011330330020
113233033002
330123030030
323310030003
333310002013
033332010213
333322120011
331322202121
331332013013
330330213010
331203321300
331021301100
130310223102
232310220302
122323022232
123233012032
312213010002
123013320202
122210301202
112220312032
111212303220
112132132212
122112132322
323111013232
233213320212
130323332312
132311330012
231231331212
302133023123
232023311123
022120221123
233213122020
330331220202
303013120002
310301201022
300201203020
323022330202
200033100202
220023100122
230020011122
302011221120
300022012200
000220130002
030221320012
030223230210
032023201010
031222210110
231202220002
232223002213
312222011010
313222002102
332221020101
332013013001
103122100010
101302213003
103322110033
101223132010
121333201031
102033200311
120032003132
222002032132
012003332011
033003130311
310033303011
310102332011
110100332320
010021323011
100232101010
000110320001
000112230203
000222020200
003002221220
001232222220
022301223212
210122320120
201221202003
201111012000
211112103000
210013210001
222013210212
220202102213
220002112230
200211322230
302001232220
230010122203
023001311210
030001311131
013021311320
222022112113
220111012132
222321011132
202320233132
210203213322
211000232322
210100211222
301021122302
031231122032
131313111232
031323011122
011132133112
031311331312
033312130232
233212111232
330313113332
333122233321
331031213321
203123111221
231203011022
230302100211
330210101211
233002112111
010021020302
001010202020
020103100022
022001203223
000310330022
300300200220
013303103300
113300310032
113303130331
130110031313
232111203133
331122313023
311123030102
331230230110
211223023102
101330230120
001313200120
100321203120
103312221120
003312212111
033112120211
031312111011
113121011010
013322111012
201322311001
101323102002
010322321111
111012111031
110322110312
133220110332
332133103032
313233321303
323001333233
310331332303
000331322330
000132211303
130003333223
131030033313
310003331211
010003313232
003003111321
001311013031
001312130021
003122331213
200120303213
202031233011
010320330232
010123203201
203122320201
203322132010
233322113020
003103222020
321011103122
323102123122
230101033222
202131302122
322131021220
221330102230
231300102020
201330313022
133101320223
133113120032
213013121023
231023121020
321023120001
322321321210
032213120120
212233301220
131013232110
201320102110
001220123110
200012112110
122102323210
122312023220
221022120222
231022112232
200221013323
130202211133
132103223133
331131223333
311322013333
311212213313
231012223321
133231233133
123111301133
121011013011
121312011111
220111113013
202211202132
233221202210
131322110220
111322103200
132112302100
112113021021
011312102031
011031121031
100132121021
102101312301
121113133201
031111321331
211011313311
230130133311
210120133031
113113133012
010113330120
113313321203
131120313312
231203213210
130121333012
131211332331
111230131231
112121103023
102111103233
112313332311
011303320311
321313033311
310133030310
320303033103
212123332111
212022331311
213030221301
012233013121
010213310111
312332331011
012102331211
112010330211
001121233020
030111233302
001130213132
000302031312
001031210332
103101200332
133101023130
131121023213
103132113310
003111123310
001102331130
011103231213
211101231122
021112331210
211123300220
201001233120
021001033320
021210102330
032123033230
022120122230
220222022232
322302322221
222130223231
322211020311
201102023231
201201223103
223222212331
202212123310
023123012332
021330113222
221210113322
230121012322
032020120232
033001121032
033130110032
310313100312
301301022312
303212200120
302132212103
321321212000
023100011303
310003133023
122003023303
310032132031
310013120323
101011202203
103101002100
131012102011
310312230213
313032203013
310313203001
300310312001
031031132011
300010332030
303330200311
313333012002
323303100313
323233300333
120231332333
123121333333
121301323033
130132001130
231100211310
021103113130
110303201313
211200020133
112201003033
113022003133
130020231333
300110203103
303001023100
002201103133
003211103321
230211202321
211022000333
202112200032
001112120002
210311122000
200221112202
022111123222
211112002121
101312002131
203121203211
203022112021
300210120221
003231122221
003032312101
002321112021
022201312321
322223102313
320222312110
300202221111
020223101113
302211231103
123211321102
322131322133
321300301233
213003132323
210030213030
100231321313
300221121233
310211121023
212002112023
123211220023
122012300102
232111302012
230123201233
320301321133
220131132113
233311301123
133313031130
331300030130
130002201110
023101022111
210120032110
122123032211
211221032221
031121010222
001122112202
222112011220
023112112201
023221221212
232211223102
023232012211
102231201011
102132203111
031220102120
100100102102
010001001202
010330020221
100203100002
202310300213
020231002011
023020000211
020120103013
202100202011
211302302111
221033001211
322033000111
313020300111
222323000211
302233300201
022330020032
021020021032
021202100313
230211000113
212110021133
121212021103
232100021213
232301200210
133030012130
013303200013
230103022101
231302210010
123123322010
020103302210
120132033120
232123220010
232132301023
331322101232
331222131220
312213212230
213210210222
213331232122
233321232202
202331213020
202103321001
000330210003
100033023300
300323302330
301031333230
302331321130
301313323022
321303121130
032133020130
021332102101
012333221301
213332210013
333221033013
333230211333
313231033333
323110323333
321132332333
231032303300
302031103333
320331313333
312131101331
132031133311
132231123332
222031123322
302330312322
302023303122
103023301022
102032332022
120032201300
210202220130
212012202030
212112030210
321323203323
321032203200
211302100323
210210020321
210200033021
212303000321
021303301321
001333023212
003332332130
030332321231
003322022123
033212100220
032110122020
202112002200
023103330121
011103033021
111003232230
110302333020
111313300020
101230002300
110113000202
011300302220
322011333021
032321133011
033311310131
022303333010
023103132313
300010031323
000210003323
013031001333
311031002133
131130201133
301310301113
330110222133
031022200133
301022100233
130002102203
023000120230
230032112020
213000312020
300310110233
100333201103
310102130223
301122130221
232001220221
331200202310
233311002230
120323102130
101033232020
123023110230
333001301223
310300131123
330310131203
030013010201
003013102021
103301012123
120331100113
103103112302
103313212332
220313013232
322033303202
020333023320
033230233310
031231023113
323102321310
132303233110
312303033310
230202031322
232222332312
332212333123
031233331123
231330332012
200230330122
200300130102
203011300122
203013012112
032111212121
032001132120
322113312310
222113321321
221031313221
232321023122
330033112203
330133122211
313311022221
312303132231
013232033221
031323312231
031132223221
013112230122
113112001321
133012220121
330222320100
030322233010
002021132010
332323302123
032300222010
023320222012
023132032220
102331330122
103130201320
030331202221
103003122310
132003312000
320333302010
323013331210
320313323110
301332133102
331023211302
300323203211
302311201111
030311021113
313231231101
323032020211
230120120011
203002032000
230010320031
313002132100
220110120201
220001031220
223010122122
213001022121
321030010311
323001131001
323021011020
132020113203
131330112203
333131101203
332111331023
032112133303
031301120220
303103301122
231033330112
203203312122
332033331212
203323101202
332023322112
300203313222
320333100222
303303012212
300320023112
030320323212
330300221210
330230322123
230301221033
013320302103
032323023213
313020201030
113022201301
101323201311
113032212001
123222133001
102210213303
031210233033
020102133230
010120221330
310210013310
130221010330
302310030131
130300032030
013300020310
003333002031
333030300231
030002030313
122001133101
110220030102
111222230101
001112223311
112200232013
133030210302
013320203022
303200303022
032010310200
332322032022
331232320312
132122132132
333203201002
133132330112
333323210110
331302322100
133233222210
030233223110
010332332211
202233232311
232132103211
213211322111
013230321211
332203212110
022031033211
333031131211
220223213212
102012313122
012202311220
220230323102
230223221202
330200211202
300202122202
331022121203
301021023223
300100210203
302002311230
100222112310
212002211330
200231303330
003233331330
300111032123
103001032112
323010212200
203310212220
123302122113
300021232103
002032301013
203031220103
233122103003
120233323010
122123331102
122113101130
221020232212
220101302121
112200030221
112323003202
012223000221
032303200121
131303201221
133123211121
322300030211
012300330111
220102320010
202032310001
220231310310
210223030010
021132310310
023120232031
213020232001
230223320323
022331013220
023130023103
223130230323
221102232023
220112232231
221321122322
020131123101
221231202323
213232022233
230322020230
210202022302
011202222030
201032322330
203230203332
231201202133
103232032200
003233032023
200212102133
021211232231
022010223331
223313223331
223002322333
031212222310
131022233102
111202310120
102212303101
311213220101
131213020301
303212301001
222101222223
320212221231
223120322102
223212022303
222200132313
221230033303
232212003201
130232120020
301312310230
303102332330
131321033230
313101223330
310102031302
323010313321
320303132022
010313221022
230313021222
201300321222
120332122022
010323213222
010330323132
221030023320
102203020300
103022332230
002233223303
300332223303
033222231333
122133223323
121033122313
003202231203
000212311313
002023123333
101221123333
001121130333
100111221303
102121131033
102012111310
201211133110
100131103110
120003103001
120013213012
120021230131
113031230130
311022231130
300223130110
302013133110
310230133331
123013122030
102230232203
300201302101
100230312101
203003302101
300133002300
230201310100
102130010000
202033020100
221012310210
223210033020
320322120330
302112233003
330112233210
010313122331
303102233211
322021200300
003232100310
103222120021
213232220001
130122210002
111221010202
112102100012
133121200202
131121221021
111112121023
131113202102
113123202101
111310322111
131131232321
211313120231
111212202301
132122033013
132122330300
232130013013
120122323133
101222303030
121232303310
112122323320
110123230230
102320310030
101213203103
102100321113
101002332113
100202032331
102033002123
210003001133
212110223301
113222112031
211323310203
213301301203
132133013101
321213201131
133122323212
013212012321
013200212130
013332102312
013301013102
210232010102
221021201000
212010110000
210310313020
201031300201
212120310020
211203002002
112230200213
310002302003
033200201110
030230201021
030312201210
330332101020
330312021001
032020223121
033232323112
303200202103
332003101220
303210112110
331010201033
311122003310
231031220310
330213220033
313112010333
310120203313
130020033101
330122102303
032301211202
330202103232
201220132102
302012203011
310212200201
302200211011
031001100211
001021100321
010231023021
013210102123
201012101002
121013301021
122100130301
121211300321
010221333032
020102331002
000103113002
200122110302
303122111002
311312120012
303221311330
030131212202
013221200222
033101111020
322122212223
321212232323
321202221023
121233231023
301222312022
301233130302
320213313102
302132313022
312123002233
121123303233
221201230123
021321230023
321023322233
032002312223
332010332223
033020133320
033003332123
203303021223
203113321213
301033322113
310223201213
302220230111
032223310112
322003331002
201333230032
231333211002
203320321101
310033000302
331033000230
323300023303
323332000220
230333000322
033213032113
133233121103
132112100332
123311210031
120320120001
030203211310
230213011230
320230112301
213230132031
230232300231
332020300023
203023323001
330211330231
213033302311
121323313210
221002303110
023200233100
002002030100
213002101131
120300101101
231300003101
133013011101
013330113031
333001103011
213311110331
231121100311
313121303311
231110303131
120111030111
321111032011
221313101201
323111310121
231313331023
021333030232
330331321323
203023121233
230011212302
303111202020
001212302201
200110133221
002103132221
021013130222
021211131122
021231110022
121121110322
221311110122
221101311033
322111303033
021130301033
021113203123
021323023132
021300323210
021130103201
230132023113
213133031010
300231330301
000223310301
000333030300
003321303301
023232113330
003312313030
203131311030
021313213100
032333131032
033301303231
032300121303
330201121303
332321111032
333011213002
230123300312
030023321312
203002133121
003003313113
000323320313
002323301130
010023233213
020222330133
202203301030
203212332030
002230300313
331322000313
030230003213
030003003101
212003020310
032022030030
003222210303
333222110003
332320221133
332122220233
032312220033
232232220133
233212010313
232322001013
232220121203
202302001123
212303202113
221203122113
130312131132
113332131323
230210231133
232022322331
213021201213
013002110123
211100101023
011000120023
230112002013
001120200232
330113200002
230110310023
203100310022
201332001012
231310212033
331301003322
201213122233
203332222003
201323322213
130220122003
122201220231
120312200231
200312231232
200121231120
202032211120
200212201220
203023222120
201312222320
031222113203
313022113000
202202130010
020210313010
021213021320
023121201223
202210231320
032120213133
221102131330
201203131133
331233111332
122331121330
223011111330
223311131301
013231011310
333311130320
013033010010
032232330000
313211113312
211321103312
323132111322
323023101222
102023011223
101220213232
001303213220
200123321322
301322322030
313222103023
031122133232
131222120232
312211302032
102231102302
100213113302
100120123002
123231300002
032130002001
121230110201
130212000001
102020330001
100221031300
202011313030
232201032030
022201011032
031201110232
032101102132
013120110312
011300100012
112133000121
011133001221
303313302201
331310122311
323312223112
201012202311
323332202012
101321210032
021221200031
012132000302
012322300332
132022300312
103221300322
122333031132
032210300223
220120310233
312202131031
301212221303
022122032032
032121220321
302212110321
321011200231
330131230221
331112321223
331102031230
031102112332
301101032331
011321013221
102113310322
012133231322
111333123312
131323123032
213213232313
203103233032
313023120212
130131320312
031023130032
131033110303
111033103323
100302301030
003000230103
100200023012
102212000212
131101103232
320101133322
100131301322
113123101212
113213311211
331132102111
331110231021
030112310312
203021031031
132020311031
013020322132
110213121312
111121333120
211311333320
213133332303
213031313032
233002310323
132330021013
233110021001
332102102020
030101022230
030112112120
021021012220
123100321021
132310000113
132100003230
313121202230
311220230230
003112000300
030102000301
203300300001
031100200302
030300001001
000300020031
001301202103
201330111210
200200001031
322002001103
032010013113
001020133133
000200313330
020313103301
000301310130
200331131110
001331133010
301032311301
310331130131
212103313011
211303133131
311320103131
130331330331
203323303030
332313033030
332303323023
330013133303
023231333033
022331310133
021320203231
220323021032
302320103210
302122102110
021220130130
022221131013
321220211200
012321021110
022100301102
202321002112
012332010321
002123210032
121303233231
120322232031
231322330031
323003223031
032030032013
022303232131
021132211231
202231322113
023022312221
033012312031
233112333031
033112322023
131112330231
130220320231
130123223210
330112332331
130302320000
131023200310
313111230030
333111223010
021301112230
210122122312
331132300323
310123122131
302322013012
002322031031
023223230131
302332303001
302021011112
302101101121
302301111102
320201311121
023231131201
021033313110
030323103111
010312313311
110111213313
110102121231
030101123311
203203011231
032031100320
032210003130
022102013132
102232021312
102302221332
203012223132
030022110332
001002103310
100221233132
130303212333
300223233203
120020203323
220121020332
300220211332
003201213332
032021210333
000232231332
003021323330
203132131333
223213213323
323212011332
203112011312
020112120130
011101220130
110002212130
211001201130
111231201330
323031200112
112323201030
211223221330
203202321330
210000122123
112000121323
132003011313
213020030233
102010100033
301030003331
021320001003
122122001003
120203012103
120230301121
013202001021
013100131212
010102013321
213100021321
212010011121
210001111331
210101121323
020001121313
020000211212
120030012211
210030011202
103010113121
100020012131
000320001131
031201213121
010202132231
310302021321
031013201121
301003211232
102010001112
021010310121
000000101121
010020013110
011001012310
311020123100
110302232101
301002323101
010100301311
021022030311
121010222031
321011002003
213011130300
213130112000
221103003003
210100310303
100031331330
301003310313
303010003012
001020032012
020313200012
020332111013
032103311023
300103131021
130023110111
300331102121
203211310101
120311121013
002311322013
023133001032
123103101322
133103032213
101331302213
120123310321
020230130322
101301132221
101010132302
101203311322
011123311232
002331101321
112333111023
123330101030
333011011230
121303031003
122132311010
131320101103
010313320103
010032011133
000033010331
002003003312
102313003012
020300033011
023121003011
021301013311
213011031221
201103212211
110331121123
311021011233
113032010233
313320023233
033313200333
132320032313
133210023013
332103030313
021013233131
221332311321
210321213113
230312113111
013311303111
023331303021
002331303113
300232011123
001323030112
303210211203
021020120113
022213211223
202221331213
203212233111
033113311231
322211121230
322320110230
221211120130
022111220131
220103111030
121031133030
132131103303
211312210330
212213320320
212213221201
222321312221
212200210030
222001010003
222220210100
223220100301
211322020302
231303223202
213033203230
232200203010
320202030303
032232033313
321020102130
232030023001
321020300302
320103023120
001013022323
321023223312
322121230312
232013323323
220312323333
130112323323
201112232303
231212233302
301202030231
022021121030
121021120330
110011223301
110211233322
113020113331
021021113301
222023121301
213202212201
233020221021
332022210221
123322301221
103323123221
103330310222
213330102023
120331302321
231220210221
213122312211
211210231001
211212321203
212120112212
221130112213
112101221230
121111221231
123100123213
120101023211
020210212131
023102101101
031012030101
331000010101
330100033001
121001101230
121201111213
221003132130
312210032133
221103201231
112231031233
031232100103
032320302031
031131102003
130311113003
031101332031
311032323311
303131322001
313013211301
031302102311
011033130312
031032312312
313030313211
301103023012
303011030200
310011131000
010003111000
012031113300
211201112200
112301132100
110110321020
101203012031
210203312203
222333112030
221333223012
222323303102
322131120301
213101113012
130131122120
131011223233
030132230333
013221301303
200032230303
030000322323
320022203012
322012210031
312122031021
320122031232
321220013032
323022231323
210223131131
211023231313
212010213313
021121123313
021231213331
121023131013
231203110103
321223031103
212232031321
211202031210
021202302121
021233202012
022203202123
302200310130
301202131310
200101311101
201011321301
022110110030
102301100110
021211030003
102201031023
103211130310
300111230311
130001223021
313020003202
313220013221
232322203221
232200302131
010210332020
012333320220
331213332000
133210320300
321133200000
320121310010
322133030103
313300301020
132030203210
211010023210
213010301320
123010203212
221020030020
201202003200
011230102200
112031021210
110101002221
201030030300
230310300000
220303202300
203022013100
030203112003
000201221003
002332220103
300213201003
013020120300
031010120303
121100102030
132130031030
132331012201
131223012101
301332230211
210303322211
313332322103
230333202110
313322032110
333131202110
331313203133
330131032013
332001110103
333202131103
302021110033
132121110003
302111310013
312111322003
301130132202
033013220302
002323103302
033131321012
003120320130
003113231320
102112323130
001120301313
011230201113
110202202113
112103230113
112100111331
111323031133
111133331103
200133233103
020123323310
112320021333
003112303013
100300310313
103013030131
013001033133
001330001323
230001300123
023003300133
010013300132
123102033011
120201300133
220130303133
001230031331
002130023031
300213102310
300232312230
300123312313
001203223232
102001223232
120210023332
120320223312
122022233223
223021220223
312032012333
120202120230
122321132030
120221123201
012101212201
011212132023
221030122201
223012133201
203201202320
002032002300
012323232001
002122322301
302123232011
002102202320
233203030201
302013032031
321122022320
321021232031
322120203100
332021232310
322011232100
312200322120
223020312110
022333301210
122302030120
222031321110
220332100001
220032120030
202000232003
003210031012
002110301222
322031213000
320032113001
203301131021
223301023120
200303211320
200322100321
100022003212
013003220022
000322010212
301032012012
001203120121
200120101021
310010102212
110313010221
100100201211
002100011231
000211030131
100211300213
210011102031
210031123131
002301133121
120113322121
120011303210
110023002010
110031303320
130113310131
101330331001
130230333131
102130313313
302030332313
323232131313
013123231130
012320311011
012122310311
312313121131
032131031213
023013010120
221303013020
320323210231
232012310131
323213123001
003220102333
013220233030
303223003300
023032103313
003321101133
101300303201
103303003200
100320032100
031310203021
032003321031
012300033202
022320330021
123031310021
220013231031
220211230331
003013003100
003230313201
203132333101
033213230321
203303223011
101320322301
201332302301
302133320230
200333120233
321013310033
210233320003
210002133200
100221332013
033321322331
023233223231
223231322021
223023132213
312203102223
312131202022
132310202321
133002233221
133022313200
213300233130
210320022133
032010211321
212302033133
233302231233
031301223133
323302331333
123333321333
330213123320
310202312020
020031210200
122031202012
132022201233
313202122123
302021213320
222023222012
222112213012
023320121301
200233011300
200023113102
000231110110
330023101103
103300223103
313300200101
013133020002
232231202002
202120120202
223221230200
011300203301
021300222331
023323002311
301313020331
323213220312
232313303312
231300300212
301300213332
303001221332
310303012133
303132102302
103021013012
030203013122
020020230312
021302233012
020130213000
010102112200
201101001300
001021001200
032003022322
002001311322
300200230232
002331202032
001310121302
300121101202
330112031022
302231311122
030231131120
013011121312
333032311112
131310331131
023132331133
021030133213
023030211323
210322132331
020222132301
031221232021
003212323022
032112032222
020132303202
202101231203
232022120103
332031221010
332322230210
331223300200
023231030320
023101321202
032321230302
033231301023
003213013123
032230321323
010331013033
023111130330
021012103030
210012120100
023100312010
321031320210
202321103033
023110103122
203231032312
002112013212
021231312210
302312021212
020310222123
021022232123
012012011210
012011231113
120131213223
111011230213
111013122223
103312122233
103131232132
130100123132
112012321132
110212310332
312221033121
123113310210
102032130210
120232013111
120302213131
112301231213
103200213111
323123232123
321303222223
321312202331
313122220301
310112220230
312220303020
302222023000
300113221032
301013202132
103030132021
010032213301
012010202301
010020112031
100101030231
001003031023
001200102010
130020132020
232010103020
132023232021
303012113210
003020112310
210300201201
120320021120
220330010203
200030221020
201322210120
033200102203
320330221000
203232010223
202321301201
212311301011
123130313221
213233011021
121201313021
111210213022
211120021002
111012010110
111010302120
112131011202
212103010302
221002101322
201022032323
132010020122
320300011032
323101000132
323010111113
230011010130
223131001303
323130100001
333013000113
230030301131
302033013131
023021330310
310200101131
333131303031
330232030113
322311313010
022111321010
320111322210
330213022201
302020321013
202003311013
032023300131
202330321313
230300111132
330101101332
130101110320
230331110120
232311110203
231110202010
313030111023
310320011102
310231100123
132001202202
200123022031
113320032221
123320013211
133203012222
123200103222
233110322312
023311322121
203331103221
333121013022
331230032322
131221003222
113120022202
231320022001
332200230021
312322021002
212202300232
202220100233
230232102003
023023321033
200230231003
231231032101
230121113203
232103102203
331103103103
133211010201
303113213303
202101033031
201030333013
203133300313
201332100133
301320333313
331003331323
103310331322
313033331320
030223331331
233021313312
121300013132
213020333120
132031331123
130233113232
313302211222
013223112212
030322031222
312303231122
232213131132
210220311232
323011221012
212031300120
231201303012
320130330102
321120330310
322230331310
021203133101
103203330101
103323321013
130333220133
131332301312
123023011311
103320101310
133020100311
330221203110
123303212012
331033101311
123303111301
231131113011
031130131211
310133131231
320133110201
310131223201
311231311203
011313131223
312121112031
312101133131
321201203112
303101013112
312111021310
232211021330
312100203030
332110203310
332132031301
222323101330
223210330333
233203232033
012333023133
021203331333
010303333203
010323312303
302123333130
232000213033
310003230330
032103012330
031113033301
030121003330
233031003301
333303330131
201100133033
120011000103
121300112013
213030122012
121302301102
123123021303
120313332102
320231323321
223302302302
203002230232
123002201231
122320202131
010232100031
211232102131
212121020121
223121210231
221211021011
021121321121
210101323111
103100130233
101300101033
113301020133
133201201333
321022012332
320203201323
230201013213
320310103213
322311010303
123110031032
320210331033
323031301033
213110032021
231311023013
221031212300
010330121300
211031130023
321031122022
323121021032
202300212032
203113220332
031132021013
113211201013
021323122013
023200130213
023211312133
222111231123
022323011203
212223011233
013111212013
011132032033
011123210313
101113322013
103213323201
101231233320
111201233130
111310120323
211131203322
121310303121
102213132121
022033321221
021020322321
132201212221
021003022003
020013220023
020322003232
011213303003
331012113003
330313311100
210032202313
100231220232
210220012121
221101210112
210211112012
120211010120
102012010231
103212112221
313212131223
321203212231
022211301021
322213130113
202111121210
232131121320
123101011120
133001112003
013331120223
010333103231
010303131031
010303030110
010320231313
013012301011
001130312013
002131212011
301101230103
030100110103
330212011013
030220010113
233101001113
233021010001
023022110013
223002120101
223230012120
321312303210
131231212310
101203113110
121202331110
122233001120
312012330120
120213302110
312011312011
102123120310
210313230030
301302303130
330013230010
300103030100
102102330230
113021223230
211100202330
102300331130
101010330130
100120321230
302032323030
320312310302
320023032032
022021323202
302200112302
032201023022
020300231223
033010202233
030113020213
232033203302
230200323312
230303230310
230231322300
330132212310
202313322322
203133201232
322130012032
221302020232
213320212030
301331212320
233003323131
333313323231
323213321233
221331232331
112013312320
301121112310
113231123200
211310102300
231211013001
322010102001
123221010011
122000100313
220010110213
022030101122
202001102102
222030011011
122200110330
221202010220
132030100103
313011301103
033032131303
320233130230
013321230230
103300120210
130112020030
011323200330
012310222330
322302223300
320112300321
201100032112
022013300321
122030330321
223102213200
321302013203
303301102010
003323110210
100333102210
103012102202
100102210132
102100220032
101002130321
132102210321
113011013202
310221113223
111221111323
111202112312
312031131323
312100100323
310021301032
111320112123
231101121211
131032123111
101023023112
131331121011
201201120210
303100121221
310113011210
013031100212
303001122021
330021312012
133312301031
013313213313
331230133203
013321133123
212322113112
313221121112
120112113101
321221121301
132021120011
212301110123
110200110123
000200010023
011020000002
010203101023
020331032003
002033130033
003310302313
022333200331
031320033013
120312002003
103310230203
010332130023
030313030230
013131130200
133123310000
113133310320
103220333130
023223331010
102312333113
321301233100
332123312100
332333012130
033133231210
201321333130
202312113302
203113123021
123103303110
022131300110
221320010011
121120022011
113020012210
212130202201
210213002210
302113200211
021313312021
323313311221
303311313122
320323113122
323232333121
232020333012
212003323003
001201333030
002101321330
000123330330
220012303302
132001303323
102013023023
023031020303
331002100303
120233020303
222323202023
222032000332
232010200333
212320300003
231020002030
220320300210
223030002103
232033001130
231302113303
212313211213
223133212212
232133332231
133213302231
131210301123
321313132230
332111032330
302120113233
321002132313
301321102333
301210133333
301012132033
132010121003
130031013013
112300101312
312300312132
313230303232
323303001232
322303113201
323103110330
031031033130
030200332300
030330033201
032313312300
002103033300
000121022300
010033123200
010031132123
201031102033
103110321301
010312212230
201020122121
002121300230
200132301230
001320012023
001321021231
101030210111
111103101131
111311113131
311313210113
030131010030
031131201310
130130313100
301003013000
121021223023
212133123023
212323120300
221312231300
322320312002
312031030202
323103011211
321100311210
320130033211
200030023212
012302321232
111220221222
331123023122
231130021322
101302312122
200230033231
200320313230
200210113210
322020031320
001003332330
203010333330
202130331330
013001330220
013123033302
201311301330
203123313013
310312133100
220310233131
022033123013
223320130313
003212020331
022323213031
022322123130
203031022331
223103123301
231023323212
321002033232
331000313212
231202123311
230022303112
220223011020
202213110102
222201101101
222310111001
223211101313
031110110311
322233111013
302213321301
211331213301
121231123013
012113311303
112231130312
011231131012
031321101320
031030101203
010300210213
220113201023
210110101231
212011123212
212221101031
210201101312
202110013123
221021102313
223122131013
212021010133
313220211013
313200331032
333220101320
323312021320
302303100221
331310023230
003123100233
012310121023
010123100112
203331002300
301203102102
333210133120
233103313123
230323112103
210322330103
213220323103
232232321012
032323221021
032331021230
112001310303
112120031310
112020001302
011222203130
211313021310
121133013220
212131330132
213120303132
322110033132
312022100112
300212131102
030202222102
320322322102
330321233102
332303222102
220131033032
013232330132
012323333120
312331313120
011322332003
102123223003
002120232103
003021222211
310213233013
312232301003
332032302000
303203022200
312321300220
212123233030
231231230333
231233122303
312223123323
232320313023
232310321223
233130202333
123310223223
013102322303
320313020203
021102021203
323102220231
223100202123
022301021020
203121001023
200311110010
331131120020
131031101020
002231030212
223013302221
221013020311
111211321311
131220131111
131222021313
131312221333
233223213133
223031233123
220321131230
223223221123
322032231131
101220312313
022032213112
020121233112
020233310021
132233231302
221030221112
220322210012
132220301012
132202032122
212320201122
132022102120
013102021010
130210213110
122101103113
121131002103
321211210212
321013211112
322101112101
222123111313
122121023132
121200221312
121220002020
122021211312
123121030020
301210230020
321002231000
320220101001
320120020111
330120012101
312300110300
031123001101
322030123101
203120230003
202131203003
122013030003
122303003332
320012132101
003102112121
100312213211
301201113221
130122113311
312213313311
311103312311
110330112331
210330031233
212023100331
321100210331
211122030321
211002223001
231202022230
101202322130
100103223320
100033221132
211212123031
120023221212
212002310211
212030232213
120323003011
123200301010
113220301120
211320130100
211032013033
202010221303
211010320103
121030302010
112003301020
311211033010
231111330323
311201323003
231022013313
212202201313
221022021303
011013313020
011301331032
013110320320
031122032313
031320132132
010313023210
011010230030
101103032000
232011332000
013131031321
021131031132
031103121120
303121032012
311133221030
313113320232
131030132232
103020222032
102022022031
120222202023
310111101012
120121301002
012023010202
012000310120
132000231010
012020230101
020023010011
202030103110
212033012110
120132132001
320132123013
101232112102
101322131210
101013213120
110132311203
113101333203
313120330103
213033100123
213231101223
211322121223
213232321120
212321232330
220230121330
220120013120
110210200130
321231033120
310212301320
312202232322
220323120113
132312011230
123332011232
233031300012
230311030101
230131001022
223013100013
130123120103
120301231000
122002313202
021203032020
023233120122
311021312120
231130223110
311323222313
110332301220
211030200122
201130202120
221103102122
101102001212
313110100131
113032313120
133230301200
333030102003
203231230120
202301221220
232303112220
230310102232
320010022303
200301002231
202011010323
203011102310
202323112310
232230231210
222320321033
222022310321
203202123102
233200210102
232021102032
301310200032
300130222003
303220223003
313302310303
031020310331
030120333231
133010330323
031332031030
032023102303
202303133210
200013323130
002010331230
320023133113
231200033113
312010321203
311003120131
311033310103
110310331003
310331031010
213233110100
223213110030
201311103102
112033030133
301123103033
012323030233
103302131133
132033023113
132010323231
102303111233
102311012331
103221003031
303231001323
210022310132
121000033103
303201231311
203120032231
300321010300
131303300300
130322301100
130312333300
320233332002
023323301002
023303221023
223312210123
022312212023
321313330002
321303323302
321010130330
012132202130
012212302120
130313102320
110131030021
133132033201
303310320330
303332013200
121112100013
220110223112
312320030321
312023032221
322021301221
032220130211
131022031330
031311230233
102000210020
120031021003
010203303211
103102121110
333323012322
333322322223
332220310000
332000022230
331131322212
331111000001
331101310012
331101211133
323000201100
320310200100
313320122312
311121322132
311111013021
310000111112
303111000212
300032302213
233333032013
233313211321
232210311231
230000333331
223333000003
223323211131
223303230031
223303133322
222212031211
222211211112
221110230000
221000011120
101222000323
100013103321
033330203302
033300033330
032111111232
031112303200
030003201333
023331202100
022220102201
022200022220
021333333121
010001302111
003330121021
002220313013
000312123133
000231312322
000000000000
000123231211
001110232032
011100011110
011110301103
012223101300
013222222313
020002103222
111131023133
111133133331
112202120023
112202322211
112212133323
112222000002
113000033310
113330120000
120000222223
121130233123
122222021032
122232133213
130120300200
131000302200
200021201132
202333000131
210230100300
212000103300
