--- Global Parameters ---
Code Length:			10
Min Codebook Edit Distance:	3

Max Run:			0
Min GC Content:			0
Max GC Content:			0

--- Generation Configuration ---
Generation Method:		Random Candidates
Number of Random Candidates:	26000

--- Results Summary ---
Number of Candidates:		26000
Number of Ones in Matrix:	376904
Number of Code Words:		5681

--- Performance Metrics ---
Number of Threads:		32
Candidate Generation Time:	0.03	seconds
Fill Adjacency List Time:	1.36	seconds
Process Matrix Time:		1.02	seconds
Overall Execution Time:		2.42	seconds
=========================================== 
2100211011
3310223210
3311200302
0033001132
2313000330
0021211333
0232013333
2333122220
3001011322
0203001330
2132233333
0010131330
2302122011
0001030311
0033212201
0112110223
0023230001
3322230003
3033300021
1000011232
0330301110
2122102201
0221132112
0222032222
2200003320
2333323212
3100110331
0222202323
0232002013
0002000222
0031311112
3102022233
3013301202
3012111303
2221103011
3200331011
0113032002
0221223330
1120233001
3331223302
3323133322
1110300111
2231133330
2111221333
1333230030
0110100313
3112222230
0233300321
0012130333
0123033311
2032013130
3323210320
2300302130
0011303011
0222232113
1003021302
0302221001
1003210130
3300131232
2330031122
1013220033
0211221001
1102033022
2102233322
2102013323
1120333232
0112232221
1322233123
3323333301
2323122302
0233012211
0033032331
0033203320
2011122202
2011123211
3212300020
0232103300
3023323103
0332111330
1002313223
0313320110
3310023000
3330102200
3330021202
3010221002
2202130303
1112023302
0023332300
3102012111
3112233010
2203222123
1012233333
1022223300
0022123303
3212321102
1320000011
0031033321
2111033031
1000122301
1233331121
0302112003
0303332001
2220132332
1303222223
1303202200
0032122000
2121233021
2200313131
3321012202
3211301222
1311221302
1311031223
0022231003
0322310003
1022203122
0033210110
0022113110
1000311303
0301302233
1031223211
3230032201
3031102001
2331000000
2133203132
0220133122
2020121133
0131333110
0100311122
2212111321
0030002211
1011302313
2011123132
0320323111
0332323131
0220223131
0113122222
3211123033
3311023023
1121121122
1021123222
0301202201
3202131033
0202131330
0332330110
1012300330
2122313230
1221111110
1011003232
1112230233
2011223200
2011231303
0000121001
1020121331
0200000111
0021113030
0023321030
1110332122
0122310222
0300333122
1030003222
0130000312
0213000013
3231300003
3310000310
3310021323
3313321310
3312022333
3221111132
0033122211
0333123311
3103103311
1121012222
3232023033
3320023031
3320022010
0131223122
3132032001
3020312101
0332031211
3221000332
3223011331
0231321122
0203031122
0203321121
0323330122
2323230022
2333301022
0222313122
0220311222
0323122212
0031112212
0032112022
0033220202
2031131222
0303122221
0321012122
2223313123
2212312131
0232031132
0220122302
0020130302
1131033313
1331133301
1112033013
2113133013
1131133111
1111210111
1131213120
3231121111
1031211111
1333311111
1220233300
3111223311
0220232330
0220200130
0201200020
0032032221
0022232220
3320023112
3312133310
3011033311
3320303311
1013321001
3013321333
2313301333
2320330333
1120230331
1112033231
1312233221
1122213330
0122113331
0221103333
2300130103
1023110101
3120332322
2030132322
0030333022
0033332032
0213322113
2212320213
2211330003
2212300303
2131230230
0222111310
2333022310
0100020311
0200023113
0201133113
3020213300
2302132300
1023320021
2123202321
2221322022
2220122033
2201221323
2221132001
2222102012
2200113233
2000223233
2101113330
3211133230
3211213300
3011211230
3321113332
1311132320
0321111232
2232111102
0331133212
0311113012
3301133221
3031113322
3211101123
0021111123
3003332011
3003331113
0002333123
0302333321
1223301021
2223300201
2213210201
0032122321
0001212222
0001221220
1001112203
2001211223
2021211210
2221221113
2223203113
2211210220
0111202200
2211310300
2111313320
1111011322
1211010222
3213202002
0021213203
2121013203
2011111203
0231323032
2312323012
3122230313
2310222312
2000202311
3213223032
3213222133
3003222032
2331123322
2300133322
0301133331
1301113133
0032302233
2213322101
1003332133
1213302133
3003010333
2033302221
1033312231
2030313223
3310211133
3300311333
3220332333
3200212303
3200011330
3220022300
2222330133
1000002113
1002001102
1001002223
1002132112
0000010211
0001000101
0100100212
1011200212
0112112100
3032000302
0111312232
1020200232
0102002331
1000233321
1023332311
2221001110
0220010101
3122201001
3122220300
3102310001
0312221110
0102231300
3302221300
2300223002
1122211111
0122311131
2122111121
0233231110
0230331100
2230033200
2201031000
2101032200
2100310000
1033100030
1001000330
1031130332
1132230032
1112203132
1102003131
1110222112
1111222022
1330233132
3030101330
3300013312
1023002030
2000112300
0103102300
0131002100
2200132200
3220033203
3223013220
2220301220
2220013221
1201332220
1101330222
3230011200
2320230311
2330032011
2332021111
2300021112
2320302111
2302010111
3300010113
2232002311
2123000331
0221232311
0223222111
1223221110
2321221100
1222200113
3311211002
3321211110
3303111110
2330311132
3323010111
3330200111
3002200011
3003100312
2012020011
2232021122
3233021022
0233221023
0233111122
2313302122
0303302202
3032033002
3003333002
3112333002
0033300123
2123111322
3101021022
2201020021
3301022021
2201120332
3101331122
3213121122
2330211202
2120221302
1100221001
1102222111
0303202110
0203002010
0330020310
0130020132
2333002033
0032000330
0133003301
1033030330
0033320310
0233320112
0333022132
0323320013
0323332010
2231303223
2222331223
2322332233
3322220233
3322122022
0202011223
2023030021
2320130021
2320011001
2330001101
0003003121
0201001121
0202103111
0120231011
0121011010
0333233120
0333232113
1210333330
1322333320
1102310020
3230213320
3230110220
2321133210
3321233320
2221133123
0311133023
0301111223
0313112331
0333130331
0303130110
0323101210
1033101201
3031032100
2311213022
3221121322
2001113022
3001120220
3013222202
0221113322
0222033302
2221113232
0003311111
0000330111
0013301110
1003302110
1003030121
0013101333
0023131321
0033231122
0312311332
0123112311
0003322311
0113022311
0110022231
2110323101
0300321311
1203322012
0010031110
1110011102
3120031110
3100021210
3133021213
1311031100
1100311202
1103303002
1100113232
1110311032
3110111202
3203111002
3201111030
3001113300
3203210103
2011301002
2001130012
3011130002
0011111302
3012120032
3021102132
3021121113
1031021113
1001121303
1011011213
3031001212
3032001130
1332021130
1320232301
1032323311
0322122301
3222231011
0222231022
0232210222
1221233222
3122233023
3101333023
3333333023
3033333320
1031333310
3122133122
1003333300
3332333201
2312303101
2333230320
0333203002
0333220000
3132210000
3111230003
0333221011
3333210011
2313200311
3033230023
3332221031
3333031111
3133332101
0333310101
0032321001
1232321012
1213210012
1213300030
3233120101
3223310301
0023310201
0003300000
0012331311
0023313120
0003331020
0013301321
0012330231
0013321102
0013300022
0013220021
0013211311
0032211131
0001231121
0201231333
2222231333
0033200011
2203200031
2032020331
0233101111
2203111111
0203201311
2020313311
2131111110
2132211130
2120011111
2003011130
0003001100
0030303111
0233031313
0033030120
0033333011
0002133311
1001333130
0010300211
0013202111
0020232111
3012321110
0132311110
2123131110
2113111102
1313121103
1211311123
3211311332
2103113002
3231221103
1311111132
0133312121
0033322021
2333220113
0311331121
0001112021
2000111321
2022111331
2201111331
3120221111
3310221112
2000110232
0013323211
0111223210
2221122310
1011121320
0013112132
0201333132
0120132132
0200002132
2201222220
2111222010
1213222000
1230223000
2030213100
0203011001
2131223000
3013131312
3001333121
3001312111
1011310011
0011131003
1010310210
0030313310
0113031330
0130333301
1130121301
1101211330
1101233133
1301221132
1133121330
1033322300
0113332130
2031333230
2031320233
2033223330
0013213330
3223131330
2012333223
1012031023
2123031020
2230231221
2230301201
1023033020
1021330330
2021313333
2102113033
1202033220
2030323120
0311021211
3313102111
2331320211
2310220211
2312302313
1231232113
1232303112
1123322013
1212022012
1233123233
1303131011
2113331011
3132311211
1312101211
0020101211
0030201202
1030131002
1120111002
1030031201
1030232230
2030022030
1002332310
1322322312
3322022311
1301131101
1030113311
3220111101
1302011211
0130201112
0331031112
3322031122
0332211112
1331211312
3301211213
3330211010
3210211012
0010111012
0012101013
0013102012
0020003012
0023003113
3030003310
0230003330
1130002330
1132200130
1102002120
1302102222
1122112232
1101121232
2101131233
2211333233
1101332233
1011331033
1101312032
1001312122
1220131112
1322131132
1302000212
3300202102
3300222322
3312223022
3300221003
3302232222
3300233202
2331033002
1310233002
2320212002
1323213003
2320322003
2322321002
2313123002
2301123010
2322123032
2232123002
3331122002
2212300231
2232121033
2230111223
0213211123
2131112230
3221111223
3011313030
3013033032
3013330101
2313333032
1333333112
0323033112
0223331012
2221331122
2001131123
3001133323
3321333123
1332123112
0332110113
1212111112
1021231022
2331333122
2232333221
2222233211
3222133221
2122213223
2112233123
2112320123
1122330023
3111020122
1121023323
1231023333
2121123333
2031133303
2103123133
2122132131
3222213230
2222120230
2123212030
2230020220
3221022201
3221013001
3123012001
3122122001
3302202001
2300102001
3122013100
3301023002
3301003333
2301022000
0111023000
2300230000
3230200000
3230120002
3232010022
3320110102
2130110100
2130112002
0233112002
0303113302
2131120101
3131110113
0033110103
0000113032
0000120332
3000111102
0000012000
3300002000
1002000000
2302120000
0002100003
0000103300
1012100223
0110110000
0000210002
0000200122
0011201132
2011311130
0201331230
0201300300
1102320300
3302320003
3202132000
1100223300
3102103300
3200303301
3201333303
0101333203
0101303032
0001332003
0013312010
3031331110
0031331300
3033331301
0001322020
1000120200
0333312130
1033331333
1013320331
3021331020
0213211200
3231112000
3231121202
3212121301
0212121022
0212113102
0222111032
1222301032
1212113231
1221132121
1221312321
3121112331
3121011301
1221211311
1221122331
0223211211
0223303121
0323313211
0020303221
0200031221
2003332321
0100033023
0100033100
0121213100
0321211121
0121211212
0032101121
0012111232
3121011232
0301111100
0301011030
1010111030
1012211102
0303211102
3012200002
1110311120
3012210100
1223101002
3002201100
2302201200
2222031200
3301220020
3002121000
2222022032
1010022032
1012013032
1012223031
1013111002
1033011010
1331112012
1331111120
1021311120
3332012012
3301021120
3311302120
0011302330
3313221120
0031021120
0032213120
0022133212
0013133112
1203113112
1203331312
0332132202
1220302312
1012032312
1112332012
0111030012
0111301123
1011022013
1002022303
2100320233
2100021131
0131302312
0101302301
0210122311
0031032312
1033102311
0001031320
0001301030
1001211033
2001003300
2001123120
0200200331
2000001330
2032000133
2010021233
3010020303
3010020120
1000002020
1012021030
2022102300
0001002332
0010032311
0013302302
0011312312
0011332222
1111332020
0021331231
0021323230
0022121230
0302222230
0302220302
0321322030
2302220333
0022320020
2332320033
2133231133
2033330132
2233310322
2233311112
2213311133
2333311330
2033311233
0033011123
0030111220
0030021222
1033111230
1133311130
1033021131
1333113300
3331303300
1103321132
1133211311
0013011021
2033112122
3203310222
2032110222
2332230222
2021000212
2311300022
1011300023
0023000223
0302300020
1130230100
3302300101
3303220210
1300322030
1230032300
1203012300
1003031200
1020033200
1030203200
3120133200
3122132233
2002132223
2012210223
2010211221
2010213132
3302112221
0020211021
0012110021
0023100021
0033311002
2031330002
2030233002
2000230022
0023300212
1003300232
0003000032
0333000022
0033120022
0003021232
0020330222
0030312232
2303030002
0303030201
0033302003
0030301023
0031301220
0020102323
0001201022
1003302203
0003020331
0003002231
0221332021
1021212232
2332300302
1233030032
0023112322
0002110302
0010110323
0101103013
0011300133
0011113133
0011233123
0021123013
0121103022
0023123111
3023130111
0022103133
2032213033
0001100132
0031133131
0000132133
0000000130
3011100113
2020000000
3020301002
3030301100
0000030001
1203033001
1220332001
1020222001
1022322000
1203203000
0203200002
1030323002
1103200032
1110320132
3020002001
1332000002
1331321002
1302212002
1333310002
2103231002
1032310111
1032331112
1033120112
0003020112
1101132002
1310322002
3003102002
0003122202
0003101222
0000111233
0000211330
0200201030
0300021121
0110021320
3010021330
0000221131
0100301333
0002031333
0002213323
1000013323
0002202303
0300202300
0102012313
0000132222
2203222002
0020310102
0300022001
3202112102
2000231323
0023233323
2033233322
2010323222
0333223303
2013232320
0012232122
0332233022
0013222310
0013222003
0013312123
1013311103
3013311013
3301311012
3020011012
0022311212
0022221112
0002011112
0022101102
0122011002
0012100110
0013110030
0003031312
0100331012
0023031111
0022111011
0212311111
0203333111
0231331111
0320011013
2320111113
0212212023
0312312113
0022220322
0223223322
2220111120
0020111100
0001010200
0001332210
0002302002
2002112002
2021220202
0202112020
0200110300
2002210032
1000221022
3012112012
0002223002
0022130022
0021310121
0230131121
0222031121
3033020002
1033023000
1031320000
1010130000
1023000001
1013000010
0120000010
0012001000
2012221000
2012110120
3221211000
1030000233
0100130200
0000302120
0020132120
0000233310
0020203110
0020212013
0001012013
0012203100
0021120300
0213120000
1213111100
0000003103
0000220321
0020201220
0023211130
0032021133
0003112120
3003012220
0303310120
0012211210
0002011300
0022311301
0322331111
0223312112
0322331302
0023331103
1323311100
3023121100
3012031100
1012003110
3013120121
2121300010
0100032112
3102032122
2102022002
3102123002
3132202300
3121222301
2021213002
1001213132
0033313132
1100211132
2002111132
2002113320
1002223120
0203213320
2002121012
2203321032
0021233102
0033033101
2001123302
1130021133
1130032131
1230332231
3303322301
3013223011
1200111032
0031031013
0021031130
0302112130
0011101230
2000101210
2030030110
3200001110
1220000110
1020301110
3010101232
3201013112
3231003222
3331012221
3333010023
1333310220
2311012320
2111123020
2131121023
1010112102
1013011222
1013013320
3001331330
1023010120
1113010312
1330133012
0211213230
1030221333
2001103230
2110232230
0011321210
1001311211
3013112301
3023132001
3001011031
0310320220
0110033220
0300002220
0331222220
0001130031
0200313001
1303103001
3301103000
3300303003
1323123000
1301232100
1301230002
0100313320
0100003210
2010311320
2130131132
2113311312
0113331112
2313121112
0333121102
3331211131
3032231101
2003000320
1022000320
2011212113
0001023100
0000102102
0030232132
0010033132
0111133032
0011123322
2022123322
2022232023
2020222022
0020222200
0021020102
0023021022
3023101023
3012311223
0030222322
0302312102
0322212132
0000232023
3000331022
2000103122
2000331220
2002031322
2003212322
0000012322
1000202222
1003010212
1010321212
0010121202
0010120100
2333120100
3303223100
3203122100
2303312300
2313312231
3303310201
2302322320
0010022130
0312022131
0310122121
0212322121
0212231212
2111231012
3001231012
3001221102
3002210212
0312211022
3311011222
3112212122
3122211222
2313111222
2013103222
2010211110
2000230210
3003021020
1010213120
1002111202
1002001233
2022111200
2322112000
2300113000
3221131010
3202311310
0201112310
0020122310
0002123101
0001211301
0001210312
0000101313
0101022031
0010232231
0113233232
0012233213
0001320212
0030231012
1111211301
0000222011
0302322031
0002122032
1001023032
0300122100
0000121110
0012121211
1021212101
0013130213
0013122233
0011313221
0013311220
1300211200
1300203100
2300121310
0020202312
0201212000
0131212002
2122133010
2020133221
2020001222
1220002222
2020111312
1201111312
0202111121
1003111121
1030111212
0203123120
0301213120
0301323300
0201103320
0101311332
1012101132
1021111102
2021011032
3021101202
1121111020
0111321322
1111322333
1010132033
2011132020
1201113323
1301223303
0301223312
0202222312
0202212233
1231110320
1211130200
1321111200
0012320203
0001320333
0002303330
0033200333
1003100323
1003112222
1003111332
1001103322
1020310322
1123031002
3333331002
1003133221
1001100121
0020133333
3023033330
0321321312
0320102110
2202012110
0301013332
0310013232
0310112312
1310110111
0030013131
0030132101
0030023301
0030121300
0132023310
0222323312
1312303312
1123233121
1123213323
0031312001
0033113001
0330213133
0323313103
0311313100
0311121300
0311130000
0330012230
0300012213
0300103223
0030203223
3000032233
3303033223
3003003232
3030032330
0331122312
3231132313
3231333033
3131313330
2330012222
0330012002
2030000221
2020020111
2031020310
1031203010
1021200000
1031000311
1031103231
1031202331
1032320332
1012330122
0323001332
0222011322
0220113200
2201133220
1201123310
0211233110
1031231210
3223133020
0322133220
0023103010
0033100300
0030100002
0033123302
2033121312
0323121322
3012312132
2012213012
0200021012
0332021312
0322023300
0020023220
3302022212
0310213112
0100113112
2000112112
2132112112
2231211212
0110131122
0110201130
0310011130
0230021130
0320021132
0221021112
0220022120
1330011100
3300131000
3330033100
3033203000
3320021100
3123202100
3121200220
0111130220
3121210132
2212221012
3231220012
3323102012
3322113012
3122131012
1312211212
3302111212
3330331212
3122113213
3331113210
3331211300
3322113300
0332210300
2003210300
2003202102
1103220000
0303000300
0332223200
2332223320
2033221100
1130221120
2300221120
2210021121
2333222102
0332333300
0333231300
0333112010
3231311010
0031211010
0313231010
1313222101
1033223101
1213223301
1103213001
0311232102
0312131101
0111211102
0031230101
0331223111
2312231122
1231233131
3312231312
3332201121
0302211123
2302213110
2302011102
2301301102
0201101302
2201311002
2202110012
2330201113
2322013112
0302020113
3312001133
3303011121
1301212121
3300111011
0030230221
0031213113
0302131113
0302300213
0303311213
0002330013
0023330131
2032233113
2031213011
2031130213
2021130200
3321130202
3321210222
2301211122
3020210122
3002121222
0302121220
3021232122
3022313222
3021002220
3001200120
3003222120
3002020223
2002220203
3000202003
2000003033
2001000003
3001010012
3032310002
3023220022
1023121012
2223131032
2223213300
2013230032
3123231300
1213021112
0210302111
3030310112
3032212111
3031111311
3321111211
3301001111
1010011123
2310023111
0313000111
0013200130
0010001312
2010320000
3010120013
2210123113
2310223100
1313030101
1313321211
1323131212
1333132211
0331132110
1301331200
3130331302
1003313022
1203223023
1200313012
3003313100
3010333200
0003133000
2001333000
2001331013
2001021212
2020022232
2000023200
3120000200
3001000210
3000022132
3200020112
0020022112
1030031132
2120121112
1200121113
2210321313
1110321303
0111033130
0101023133
0201022111
0210321133
2121322133
2221321333
1012122111
1312013111
1110332300
3000332302
1220321132
1223231332
0012223332
0011231331
0013123032
3012233321
3011233222
2212231021
2312021022
2012031002
0123100102
0023120312
3123121212
3023201222
0023012221
0103120302
0003212030
0303113031
0303323011
2300113111
2323003111
2113003112
0220031113
0220033331
2230013113
2200113310
2200203130
2320222130
1230011131
0002320121
0203320201
0301310103
0003110231
0103102121
0200202121
3022021211
1032201211
1020201011
0123332321
0123322202
0103100020
2111310023
2022311102
2022212222
2002311312
2022001100
2023002122
2023031102
2002033102
0203002322
2302222122
3000231132
3000213110
2021231132
2023131231
3000221123
2001331202
0013213212
0011013210
3011201300
3011001110
1001101112
0211011330
3221012333
1011313212
2031323312
0203313312
0011221111
2012221132
2202221100
2222213022
1232313022
1221211122
1202311122
1203021120
1203211101
1200231000
1200112000
1200101010
1000231113
1002231011
0100231101
1001222311
1331222010
3001322322
1010122312
0101230112
0012322112
0022222232
0023130232
3103222112
0323230212
1310230232
1200230112
1200301322
3310200212
3320200100
3330000130
2332000013
2331200011
3311200110
0311210310
1331201100
3333201200
2123200110
1232000120
3133202010
3223000010
0113000000
0300320000
3010320022
0020320012
1000032012
0032013012
0320132011
0332013302
0220120111
3220001311
3002013003
3201233002
0211133001
3311131021
1011113331
0313133301
0330133111
0113103302
0111101312
2110301112
2011321112
2301103211
0331032101
2311022112
2311121220
2301112103
2201111023
2001311020
2001102100
2111021110
2023112210
3023312000
2230122012
2001322012
2331222032
2333232232
2231232332
0331331332
3301313320
0333131220
3313122230
2311322332
2221322230
1011322302
3031322330
1011332231
2221302302
1231322322
0301322132
3013220320
3011023320
0011030300
0110333000
0101330010
0123330211
3212333011
3032333111
3032101112
3002311121
3321133112
2332133132
0001330201
0200302201
2200022010
2002011010
2033111011
2033321111
1203031111
2000321011
2100011002
2000010310
0020010320
2000000011
1200200001
1230010000
1100100000
1103010002
0100200100
1110131200
2203010000
2003002012
1030302011
3030100011
1203120110
1130020110
1303000120
2010100200
2030322013
2020021020
0030021031
2021021011
2221121012
2121021030
1210213032
1112132332
0212133312
0233133013
0110233013
0132313011
1112313031
3331303011
1330101011
2133011131
3330120010
3010120230
2301021223
3030110032
3031202032
3013202013
3001102033
3000021033
2011020232
0011202021
0201120222
0233020222
0133202213
2023222213
2012312321
0120123222
0101013022
0101211003
0312013122
0312030311
0112230312
0302011232
0302023120
3030200220
3030211211
3030212200
1303021321
3000212012
3000220202
0002202211
3002212201
3032122201
3022212302
0003231201
3002333301
0002230301
0002303203
2002211211
1000303001
2300022032
2303320232
2303022103
2003001203
2003030133
2002101303
0013031233
3200303233
1000003231
3001001023
1003033113
2202303313
3102333133
1023000133
1313003132
0313003100
3031000320
3230011033
3233300110
0013032023
2000233101
2303233112
2200322112
2200321101
2323331101
3200001201
2322331020
3222311022
2222233102
2223232010
1122333112
2022232112
2020231120
3022221020
2032222302
0032203312
0232211302
2002221331
2021222003
2012122231
2022222031
2222221221
2222322123
2322322110
2221223231
2122123221
2002212021
3023212023
3011312022
3323212122
3031111023
2221212132
2221201202
2201202003
2232002002
1230302000
0331332000
1331331010
3323320001
0320302001
0320201000
0323010000
0320113002
1321011302
0023011003
0023002202
0100133302
2011333012
2210133300
2210122120
2311212212
2321212120
2301231020
2301220310
3030031020
2100203202
2101021302
2000020302
0310102002
0321222002
0332220012
0313212012
0110212332
0131022230
0132032200
3132112200
3101122000
3010113001
0010112200
3200122030
0102122200
0101312220
0102133222
0212003222
1121123200
2030113201
2001013202
2100101022
2200100302
2301001022
2010100032
2010013220
2201001230
2203001112
2203210110
2223102100
3023210210
1020110202
1020300020
1303300022
3202300012
1132020012
1032021210
3032020212
3132202022
2102200022
3203323112
3223320111
2003311201
1010313201
1322113201
1301101321
1031013200
1031033233
1332033333
1230033212
1231123012
1131322112
1013221122
1012213113
1131223312
1312202302
1121033012
1121123032
1111300332
2331222313
2233222013
2232223223
2202123122
2223123112
2023232202
2013322023
2011222323
0031022023
3011310323
0213322220
2131120220
3221312212
2222130111
2220131313
2202123311
3200123111
3010220111
2010310111
2100101113
1013101212
2010322211
2012232311
2302233311
2021323201
1301123201
1331023230
2321323011
2122311011
2120311022
0120013322
1122113322
1223103322
2131313222
1311322121
2132130221
1012221221
1010221130
1003211020
3103211022
3102112010
1103211110
0011222120
0011330120
1011123121
1013123231
2120132022
2102321122
1022221123
2320233122
2232232022
2132222012
3122222010
3122232002
3122223102
0102223112
0123223012
1122231122
3312221201
3322210101
2100222211
2001222101
1000210101
1000110003
1001232001
1030122010
1001121010
1001011310
1001232320
1011210322
1012121302
2021213123
2212233232
2212313322
2112113222
1212331232
2112333132
1210331323
1201223322
1100223121
2100233221
3200123322
2200223332
1203233302
2023133302
3200323330
3220221130
1003132302
2212003302
1011031012
1011231120
0111131110
1011112110
3011123100
3011103122
1031110122
3011111120
3311303322
1031233100
3101101100
3302101102
3332130111
0102101122
3203101120
3313123110
2311122100
2321312200
0301103110
3211110022
1001222030
1002222210
1012333030
3111300223
3112310022
1231100221
3203102201
3201032101
3320003101
1000101120
1000130011
0100011200
0020031202
3120023120
3130231003
0002003132
1002023112
1302033312
1000023010
1133223010
1003233010
1003220012
1002230102
1032202102
3003211011
2001110113
2010110213
1003101103
1030130113
1031010110
0102110111
3010111111
0101123111
1032211012
3010131201
3013033120
1313330120
2313233310
2022233330
2022203221
2021200223
2200120022
2200121003
2200121221
1200213221
3002233230
3003203130
3301231302
3131233032
3131333000
2011100323
0100101220
0210020110
0221002301
0021200302
0221100002
3023110020
2211002022
3303311000
3312312002
0320000301
0011220330
0030220010
0310220102
0110202012
0110210120
0111202122
2101122122
2301133102
0211112222
0221110120
1202113120
0122111220
2210112230
1211120120
2010222102
0110222101
0110012122
3211000212
0111012221
0011001223
2013130122
2013112111
1031321232
2301231111
2101202111
2113020111
2110221310
0211201310
0221201332
0223121300
2023021121
2123010101
2210222111
3300222111
3210122112
3331222112
2201221131
2212221330
2232220110
2320201310
2201322121
2203211202
2200212032
2020312332
1210132012
1020113012
0232221310
2012311001
0123111000
2133101200
1333101000
3033101032
2201232310
2211210313
2313211013
1010000121
1010011001
0011010001
2003101001
2023120001
2003200023
2003130003
2013121021
2113221022
1211331022
0211321232
0211120230
1213231023
2033122301
1022011000
1312030000
0220110031
1233333000
2133333100
0033221331
3333112112
3333012210
3301212220
3330311221
0222223110
3212223212
2321221222
0222223032
0202222103
0232022100
2132023101
2132022313
0200323100
0100322310
0220302100
0302002100
0302101010
2232132310
2212133020
2232213330
1222213312
2322213301
2312212102
2212213311
2211320130
2211323221
2121132320
0121032120
0221231320
0202231220
0022302200
0021021200
0221032200
0221333210
2223333200
0221121201
0200313210
1222123320
1211323323
3022223130
2212333301
2102222323
3013101131
0213101102
0213003332
0130012111
0133021111
2133011210
0133003220
0133133230
0123122030
0323120032
0313131032
1300100110
1133003110
1131020331
1100020231
1100000222
1011000002
1110000001
1110023201
3010300003
0100000033
0300000202
0320020002
0210033002
3202021032
3022021132
1322020032
1222120002
2221220032
1222323001
0120232100
1122321102
1122313101
2110233102
1102310112
2302310322
3002301322
3032303303
3020003303
3020202330
0302303302
1012313302
0023213302
2032130302
2013211332
3003211302
1323212302
1023210002
3033311332
2220203000
2322023020
2002303321
2302221032
3302020322
3030120312
3002120310
0303122310
0303032230
3203120320
3202002022
2120200122
2012001122
3301000122
2212300122
2223200132
2222201213
2221031213
2231032013
0223001321
3020123022
3020131322
2233120333
2030321332
2230302132
2213012122
2011011121
2012201101
2222011311
2312211331
2002001131
2000022121
1203012121
2330312101
3033011101
3320311103
3300331110
3301031310
0330131231
1303121231
1300301221
0300101133
1000303133
1000313121
1300032132
3002032110
0300001323
0130002303
2030202333
0330002131
3000301203
3001303200
3000120323
2030100313
2030103012
2111103012
2003121323
2023122123
2013002223
0220312123
0121031312
2111000312
2031300112
2111330122
0321031032
1113230112
1011230010
0321001020
0210310201
0210300000
2010210202
1110330202
0311033222
0310301302
2322203202
2222202020
2212201110
2321200320
2112202002
2211031221
3201031220
3330113122
1331132122
1311233322
1311233200
1011203330
1131120300
0333113222
0223213232
0023220233
0222212331
0203220323
0203221210
0202322300
0222232000
0210222230
2112222300
2112222213
0122022223
2122122303
3203220233
3001222303
1201222333
0211122332
2211130132
2213330111
2213333122
3213333110
2210033110
2213120011
3321312011
0332202011
2021312010
2002131310
2210312301
2213112021
2211300321
2121130030
3211231101
0132031101
0320010021
1211203111
1232031110
1230203310
1030300312
1220003301
1112001301
1330001321
0330201322
0330101212
2333001212
2331101202
2131100212
1111002012
2111110112
2133010112
2132213122
3122213121
0132221102
1302201122
3032011202
2030012021
2300320013
1203100021
1211101001
1312220112
0133233102
1332032100
1131010132
2112201222
2232012132
2331011213
2233313213
3333313310
2233312201
2233132303
2033300301
1033310213
2033010211
1130210211
3033013022
2013023122
0201030212
0101031102
0010301131
1113323022
1213320320
3213120302
3212332302
3211323302
3031010222
2032012101
2033012003
2003012301
2232032121
2032031103
2122232103
2122323100
2120223110
2120133133
1120122320
2123223200
2232301312
2211013212
2203010232
2203002202
2212303220
2123032232
2111011202
2111102102
1111012120
1131021102
1100003102
1100000313
2020003132
1002003313
2002203212
2100201312
2101001120
2210003122
0100023122
3030002022
0102000102
1010020102
1011021202
2230211332
2112011332
2312012312
1312012221
2131001132
2130011330
3300110320
0030130320
0300110022
3300310021
1320111222
2330100120
2330010313
2333130312
0331230312
2210011232
2300201132
2300110130
2100030230
1023001232
2201102322
2202301222
2203300223
2200332022
2100032223
2302032022
2303031120
2310032121
2311133131
0012030121
2111130100
1211331300
2022133100
3022230120
3023331122
3022323112
1223213111
3232111011
0022333332
2311311310
0321311300
0212301300
2221333030
2311031212
2221303212
2231302012
2201300132
2230130003
2231132223
2330332220
3301322200
2303331210
3003330220
2201330210
3120133021
2200130010
3100132012
0200320312
0200010323
2200020123
0200310132
0210310330
2000320132
0200132213
0023201313
1023221003
3003322230
3023312232
3231333120
2312232200
1020331031
3020332132
3021232231
0212032130
3031232212
3001132202
3332232110
3233213110
0233213311
0302130211
1301332011
1330012121
2110111133
2112001130
3133333132
0123301132
2100330112
2100311310
3210031112
2210331302
2311131302
2110013302
3112013322
2302133012
3112033101
3010013102
0112213310
0302212010
3022130102
0232132012
0132131232
0321332232
0122322032
2121232222
2312312222
2320322222
3200022223
3020121223
3201232233
3301032213
3010102213
3100322213
3020120211
3200110211
2210310212
2303110212
2210230312
2211023002
1200103002
1202103312
2120100312
2022100112
1022120212
0320120213
3202202230
1022300302
1202020102
1101323102
0101333322
0100330332
0103303122
0113303212
0103312322
0003230322
0022302322
3022103332
3021333322
3222233332
0322323222
1032333222
1313113102
3331131012
3302121013
0302110331
2302230031
3021101031
3221200031
3200000031
3202000113
2010000113
2110010123
2313003013
0313010301
0303212301
2023212331
2013321231
2222121131
2221311301
0202331301
2220101132
2222101123
0330103132
1310000112
0231000012
0310001010
1210000020
1111200320
0031200310
0331202330
0012323301
0011323002
0203132003
1203113003
0012012302
2102010302
2210320032
0111313033
0111003333
2110023331
0321022233
0323020211
0302102332
2300000332
2320002302
3323002132
3332300222
0120002332
0320213332
0031012330
0030100230
0300100330
1300100201
1301021012
1302100302
1301000001
0301020231
1311222231
0300032321
0332100130
3101000032
2020110301
2030113030
2330130330
2131013332
2332011032
2123201032
2101331032
2103333010
2130330010
2013310012
2021330011
3021310032
3020330320
0203230300
0203333330
0203031033
0021320003
0233121032
0231021302
0211112130
2210312110
0221212110
3222212112
3322332112
3303330112
3033321012
3132322212
2132322102
2120320002
2020333032
2132033032
2033323022
2333023001
2333202120
2330132100
2130013211
1300132031
1300012011
0131132231
0311112201
3311132200
2331232300
3001132310
3111122330
3221332110
3021321130
3020311330
3320211031
3010222031
2202110131
2220101301
2220130102
2221000102
2323010122
2201010122
0202010133
1001010023
1031012321
2031010123
2031011333
2231012322
2223032322
2110032332
2031022222
2010221322
2013022332
3011232332
3012132322
2210222333
3021023202
2032102120
1332002122
1022002112
1021001312
3320011223
3122010221
3012113221
0322002211
0331001222
2310331222
3110312222
3101122212
3201202212
3201231021
3201223010
0012023013
3301230200
2031202013
2312000132
0220001232
0302000121
1112020121
1112022130
3312322030
0323220103
1112220301
1012230001
1112323000
0112321100
0322321210
0223212003
0322232021
0222310110
0022010010
0022010132
3100220132
3100200321
1033003021
0100121321
3210220122
2102120322
2212120312
2211120303
2221112013
2121212323
2110112322
2122012133
2120032113
0102332113
3102301112
2102333111
3103101132
3102102032
3300103332
0331100332
0203110032
0212300032
1002100032
1202102003
1002010231
1002300211
1020103321
0122103121
0022102221
3003203321
3003023322
3002012321
3003133210
3303103202
2023112032
3000130330
3200100230
3221130233
3201100202
3320313022
3321323020
3211222020
0211222012
3320323130
0312223011
0312033001
0222103001
2023213021
2033130220
2003303220
3101323220
3300303220
3003002123
3003022111
3013003111
3033022232
3031021233
3010210313
3030011313
3002301133
3000112123
0100210301
2012022301
2312022202
2321022301
2021002330
0021002313
0231002333
0231020330
0231222033
0233120203
0331301203
0331231123
0312021123
0122012112
1322030112
1322333211
0322130312
0332311031
3032130010
2032110000
2031200030
2312220030
2012320220
2032122210
0022112213
0003102213
0002102123
3000102130
3002102331
3011023231
3011332301
3311320300
0312100300
0012103020
2031103020
0030103021
0333012321
0230012301
1312322300
1113103021
1113132220
0103233220
0223233130
0321223132
2223332130
2023330113
3021010113
3011011133
1101113031
0110111310
0110011333
0223210113
0233010310
3102221113
0232121113
2213212130
2201302330
2203132030
2210113202
2310310102
2013303102
2030010102
0203012102
0203130202
1331302032
1303130132
3332313132
2030201032
1203021003
0213023001
1030001003
1300001030
1310001002
3120021002
0113001022
2011012102
3200013222
3320003320
0320031322
3200132320
0210132322
0210100332
2123102332
2121312312
2122231231
2213232112
2021210332
2031121331
2031002131
3011002011
2001302031
2012032031
2012330332
2002332032
2002022130
2032002332
2012312033
3203231203
2011002033
2010120321
2101210232
1012202032
0101120032
0112210030
0322213000
0300213013
0202210013
0010210033
0232213213
3300313213
0130033213
3332013113
3302132313
3301320110
3000320113
3100220010
3102000130
3100120001
1200320010
2312002010
0330320113
2310213313
1231011013
2310121031
2312113113
2233211310
2332113200
2333212200
2032211321
2232211231
2320112311
2230112111
2130212312
2330213322
3130313322
3102330322
2031212310
1021112300
1112111300
1212012100
1211221100
1212210020
2322100020
1222100232
1211123232
0222100203
3223100221
3223230211
3122023231
3221231312
2221023132
3122003311
1212232030
1132001200
1332001231
1221220102
1221222200
1232120200
1202101100
2020301300
2323101300
2013131000
2013333001
2223313001
2012313200
0012213201
0002132201
0202032211
0312313233
0320233233
0302230203
0022233011
0021303301
0021100311
2121200311
1022100010
1123110012
1012101021
1022100331
1222300221
2021301221
2021111111
3021201101
2102131101
1102031001
2211313111
2202313100
2320313300
2202212101
2203111303
3203321300
2232321303
3210132100
2101323110
2101320003
2121202000
2103020001
2121023001
2100032001
3123020003
2210332000
2213032100
2323320200
2330310200
0330110202
1333033200
3310110200
3312102210
2320310020
2301330030
2101110020
2011102301
2330111021
2311110230
1201112101
0231102201
3021110221
0213110210
0231131210
2101102010
2100020212
2110012212
2100212222
2120001012
3121002212
2200010013
2201000313
2201302213
2201223212
2203230212
2320323102
2120331212
0122331200
1123231220
1103311220
1101010220
2102011220
2102312202
0212302102
0110301020
0110003030
2013000100
3013020200
3222002302
2103131021
2310310221
2310313120
2120312221
3112021220
3320312321
3320332031
2320021321
2031320121
2031110321
0200112321
0130102320
2031032032
2201032132
2103311121
2301312221
2100120121
0301330021
0303300323
0200330033
0020033030
0023003031
3002003101
3001301301
3030020101
1001033101
1030201101
0010202103
0012000103
0022001203
0012002232
3013232103
3103230101
0311220222
0331221233
0310302232
1103322302
0202302232
0202102210
0120102200
1020102230
1200010230
1310130220
1010302220
3103022300
1331013021
1310311021
1330311013
2210311031
2120330031
1231213321
3231222331
0123302230
0123200030
1002320030
0103200303
0233022323
1132223131
2132231310
2232131322
3232131020
3032301020
1211022320
1211012301
1213201130
1130110302
3132110012
0111322110
0111322201
0221322223
0201223223
0212223233
0122223230
2132123232
1130213202
0321232213
1121230212
2122230202
1221230011
3122123030
1221223020
3211203220
2213223220
2220222320
2101223320
2101232030
1013232130
2130103322
2130312320
2120211232
1120221222
1030231222
3220222222
2121230300
0123130301
2120330200
2100020100
2120220220
2120021200
2020101203
2132003300
2322000300
2332021300
2303221000
2031302000
2213030030
2013102003
2331021033
3333021000
3303323030
2223301000
2212100000
2222210000
2303232330
2323201130
2023020230
2032330320
1230321001
2033331310
2122311300
3212011300
0312001330
3212003330
3202203032
3021130312
0021130010
0122130031
3012213023
2121300121
3033330312
3102203312
2102023312
1103023012
2103120012
2130013120
3302333332
1302333031
3212331000
2012130013
2231120013
3203303322
2233323302
3233333311
2230333102
3000333103
2130332103
3303002302
2123120120
2021100013
2031103113
2301200113
2001032113
2320103313
2301131313
2301013100
2301003112
1202112113
1330102301
1102203110
1132301113
1122021300
1222021111
1133330113
2300303010
2000303213
2002113213
2111113210
2131112313
2132303212
3122303032
3023313012
3323301112
1313201112
3223210312
2133132012
2123313112
0120313113
0110313223
0112022322
0221022322
0011022321
1013021311
2013031301
2112030301
2110223030
3121022332
0312032332
1303022332
0231103232
0331100200
0201100103
1201320101
3201101213
3031200213
3201002013
3331100121
2231101122
2231103321
0221123021
0221212221
2321100201
0210021332
0210211321
0211020301
1031021301
1210201300
1201030100
1210130110
1200302210
1213202210
2230001123
2230022133
2200231233
0230122103
0230112132
0230122330
3202122333
2322101013
1301010130
2322010230
2323001010
2320210210
1320210112
2103100210
2332101210
2331013220
1330010322
1333303322
3230221322
3220222313
1230211313
3130221212
0132313202
3132311102
0113311202
0113113200
1332300010
3322310010
1320130010
2323213010
2032320010
2002223010
2032123013
2001223023
2210223023
2230023322
2131020322
2310203032
2010230003
2112232033
0112331003
2212122023
2332113023
2332102022
1220212202
1213312002
1132122002
2130122222
2130002122
0213020121
0213021310
0133313210
2222023013
0032032030
1131123021
1231020022
1320202322
1320100022
1323000312
1023100222
1220232022
0120230022
1212001022
2202021023
1133220022
3200230032
0221230232
1020122023
1200223230
1120222210
1200322123
1330322111
1303032221
1130322100
0211230023
1200302032
1302302112
3200301212
3222320232
3023232030
2033232021
1033230231
3203332032
1302323210
1300213310
1300231211
1301321111
1030132331
1301223110
1110031212
1003123123
1103121213
2003320213
3023322223
3021302023
3021312133
2300203121
1010333102
1210313103
1200011203
1120001000
2112010100
2232012200
1230013220
1202012222
1322202212
2220112212
2220223012
0020223213
0120212211
3012021121
0110211001
2210211020
1211011000
1131113000
0111112010
2102213000
1102110100
1102012200
2211020200
2231222100
2032223001
2132211001
2113222001
2211232301
1211022233
3212022232
2213322232
2233202323
1102302001
0102301201
0112301232
2131321100
2110321220
0120203311
0122220111
1122202311
1221223213
1220203212
1230130312
2132321201
0203212021
1002321201
1023232123
1211131131
2020333123
2022301113
0223011230
2022210313
2202103133
2222303131
2222102321
0222110221
1202303130
1202232131
0020321123
2201033312
2000033311
1001322131
2100203013
2100112030
2300112223
2301222203
2302232213
0310022223
2110112101
2101312011
2111212231
3211122223
2110210131
2100210330
1211221223
1120302102
2012013103
2211233103
2213230120
2003013111
2300013331
2302003301
2302013030
2313013020
2131201300
2102101000
2310010030
2310020133
2302102030
2331102130
1133110110
2311012133
2311201121
2313201220
2310100222
2330120212
1301220212
1300112212
1310022122
1310023220
1100212020
1102233212
0110023312
1110233210
0110230223
1023023102
1312323132
1132302232
1100303332
1330333302
1333302102
3033332202
2010003101
2010233011
0321102230
2103000121
2103300013
2123010313
2102001213
1210001013
2210002213
0210202222
2103302022
1130023022
0112302022
2131231202
2133221223
2132212210
3113221010
3212220010
0212012212
1002322232
1200232332
3201212332
3231213132
2230210130
2302101232
3213133132
3202101332
1202013332
1230123332
1321023332
1221332332
1021003333
1020210333
0022013330
2022013031
2022033121
2123233332
0112310200
1203110200
1233111301
1213011201
1212112202
3120211020
3102023110
1201102011
2123222122
2123223033
2301322033
1222230330
0122223021
2321222021
0321102321
1023102320
2032310230
1130333120
1330303121
1331020121
2301030101
2333123121
1121133120
2121233113
1100030120
1100130322
1103123322
1120110132
2120312013
1120020122
1302110210
3201132211
2211122131
1002013301
1101023301
3000031331
1010001331
1120001211
1120010311
0101001011
0101001300
3101201010
3022012210
2022312211
2323322121
2023221311
3203221312
3102121312
0122312210
0122120000
0122121213
0102021010
0122101023
1122210200
2122220001
2202100201
3010201021
3001020321
1001020120
2110200021
2230210002
0231110102
2312130102
2221210103
2220223103
2230123303
2200103031
2220233031
2222003030
1311210102
1310210000
1212101330
1212000133
1232001332
1122101130
1121111332
1221101300
1220011320
0230013102
2220021330
2033021320
0102003000
3202023001
1202003021
1120011021
1200123021
2300333021
1120212321
2113011221
1130112113
2130110011
0130121010
0103121230
0103320210
0123323000
0123230320
0132031020
0132030122
0102332302
0301032302
0100232202
0020323202
0300223232
0100221203
0112221303
0122210323
0120110333
1202010303
1200203113
0202311103
0332011003
0232311000
2323110310
0223130310
2213102310
2223100330
2223020310
1021023310
1021131310
0222332310
0223312320
0230332320
0303321200
0313123220
0133330200
0333323020
0233103020
1313332312
0133132203
2222312220
0232122220
0122332231
2222212033
2232010030
2212330010
2222300011
2023210133
0123320133
0122202130
0120220212
0110320213
1100323212
3100023202
0102322222
1200322202
1300222021
1230000202
1222020222
1232200322
3100322332
3100312311
2102312330
1000312330
1100231230
1110231121
1110221231
1110322311
1113032110
3130033121
3130023300
3111022200
3330023321
0332023021
3222023323
1222313303
0321003011
0121003202
1100321330
1200311331
1200330311
3121330332
1312133022
3311330222
3110333212
1013330212
2013331213
2013003210
1011232213
0112322233
1013332000
1023322032
1020322130
3133233020
3023222333
0220221333
2302331033
2102302033
2013012310
0113012300
3113013110
3122303110
3102030310
3203303010
2033021013
1303301113
1303000013
0030300031
1333301310
1330113001
2022310123
2032230121
3232233021
0303233021
3323330213
3223011212
1222310212
2122210211
2102213331
1032133130
0003223313
1003212113
1002020013
0220301013
1013113313
1111123313
1031101333
1032231330
1032311331
3210221311
3030221301
3030223112
3023022012
0210221213
3220102122
3320032022
3122012020
1300320222
1300123213
1023233230
0232300230
0122323323
0122303300
1123333310
1103031310
1303331130
0121233310
1112312310
1111212210
1111112311
1113312212
1113300123
2133003123
1112302221
1111310231
0121102310
1111330110
3111330030
1111102030
1212222310
0121213013
2223303303
3223223203
0332302323
0323222323
0332321120
0330322023
0300332020
3222103200
3320103212
1333031332
3033231232
2131303120
0332103322
1102022021
1312011103
1322121110
1222130100
1210221010
1221022030
0202213030
0323211303
3321113103
3201020033
0222020033
0022323033
3202001303
3022010023
3322300021
3022103011
3012010312
3010323312
3301332312
3103033313
2230330313
2230311300
2230131030
2233233030
1233221230
2323033000
0010303333
1013303113
3010303110
2010331030
2113313130
2113322331
1110312131
1132112331
1102111131
1102121011
1102121123
1102112223
1102132210
1121321010
2120301030
2120012310
0212012320
0210103120
0212001201
0113021201
0130213221
0131111211
0111103221
0112132311
3102332211
3112230211
3110203011
1100033011
1311220321
3130133010
0130312022
3303120022
3230231202
3231233200
3303102323
3321320322
0102120231
0132100211
0332120232
1032120320
1112121212
1112212303
1211032112
1111132212
0233023312
3202233300
0320223320
0200333202
0201213202
1202231201
0121231201
2202200320
0012200320
2301030320
2321130322
2321132333
1323100321
2321110002
2321120232
2121120022
3121112022
0131102032
0112031032
0212203012
0121200012
1212113010
2233110010
2013210020
0312120013
0222200010
0213200212
0230223212
0230021211
0112023211
0111011111
3110011211
2211011011
0211111013
0210112001
1020232212
3022202213
3230123210
3200232013
3211320210
1211220211
1212200101
0221220210
1320020210
1322003210
1220033120
0200233120
0210033121
0213133320
0113333123
2113332121
3313233121
3312103121
3333332120
3333320121
0333322222
1133322223
2303332223
0232332223
1231332003
2333320303
0223302213
3221102210
1133303213
1103332021
1313302021
1310202011
1310232123
0310032013
3101032010
2321032010
2221010210
0321020010
3331010310
3202322010
3210231210
2302102121
2233102121
2233302031
0331000120
0333100013
0331003113
1211030310
1213033130
2120331320
3102320313
1122120013
3322320113
1131320202
1131301320
1131313302
1321213202
1031330031
0333330033
1101230021
1212300200
1122301020
1132333021
2113203211
1113203101
0110013101
0111233301
2011323330
2003323130
2311213330
2003302333
2123023330
0103203330
0203222331
2200203211
2101030211
2231130231
2101310301
2331103001
2101113201
2123112203
2131012201
2132012011
2132012223
2033013323
3032210323
3322010302
2022103023
3322100230
2013201323
0232001323
0320012331
0231001213
0231322210
0130200123
2113123031
2113130332
1113111031
2110300232
2101030033
2100301223
3100211223
2002012233
3110100330
1110200333
3112111030
1121110211
1211100112
1021020211
0211202113
0311121113
2221202333
1311101310
1331001330
1311013300
1132010300
2332010203
1110020300
3112002030
3130013030
3110113130
3311013120
3312101012
3212130112
3102130011
3222330013
0230330012
0222330102
2222330300
0233330302
1230020011
3233023011
2330220132
0230203011
3232122312
0231023121
3322223221
3022222321
3022123121
3122120321
3020233121
2120223321
2120133311
2100131331
3111130322
3022132211
1122131211
1022101111
1012011131
1212331101
0130111131
0120121031
0120300331
0320100131
0321000132
2321003232
2232102232
2222122213
2220212231
2330021231
2330220223
2233220221
2302020201
3230320020
3333330010
3022330000
0221300033
2223320003
2223020223
2323300032
2223102231
1123310221
0223333031
0223202031
0113222032
0103321022
0133321232
1223010031
1120102021
1103010321
3103013330
3100013131
1230103201
1210133101
1320123311
1120123101
1222112301
1022112031
1221112032
1022122133
1121020133
0113210013
0113200322
0113201011
1132013210
1332210321
1312010332
3330212311
3332213312
0133223332
3032213331
1232213232
1231222232
1212220032
1232223103
1232220213
2322300210
2122030210
2120320211
1032230220
1302332201
0032220211
2030220231
2020210031
0312100231
0332212221
3032120131
3231120132
3202222132
0212210132
1202220130
1313220330
2103220130
1122220132
1121220110
1110202310
3120201210
1121201231
1202012311
1120201113
0112030113
2111303113
2311030123
2311101231
2301000233
0311303223
2311102213
2103102223
2110002220
2110122000
2112121032
2102121203
2112111003
1210211003
1010223003
1030222213
1333222333
1033202223
0110303201
1311001201
2112103200
2110103110
2011303203
0110331321
1103312101
1103313113
2102323013
1120132013
3110232113
0311002123
3111032121
1112323111
1113230201
2113200223
1111333131
0321333101
1321122101
0321102103
0320232003
0202030030
1321102031
1231102303
1133102001
1103122031
3133100000
2131300200
1103300331
1123302031
1113330031
1113301311
1211001311
3211023313
1113030232
0121300232
1211000230
2210002300
2210000003
0210000233
1232003233
3232003211
0233203210
2023303211
2233030210
1233023210
1203303201
1030320301
0032003201
2320030201
2030030232
2222030232
2132200232
1032200031
2122020130
2232200021
2232202133
2321202131
1232322031
2323212211
1023222231
1302202231
0322202310
1102203221
1113223221
0032201230
3012001231
3013200301
2001200201
3300002231
2312002233
3310020231
3312021213
3031010331
3031330321
3203123301
3021233001
0322301030
0323221330
0323023030
3223023002
1322303232
1332230302
1130220332
1333223202
1330122232
3332123222
3220123232
2202023232
1203201232
2203203222
0223303202
2003203231
2303221233
2330321213
2103232231
2133322312
1311223123
3302231231
3102203233
2010203230
1210203231
3211030231
3231032021
3231231211
3210032031
0211032313
2100130313
1210030131
1201320023
3220132023
3201322232
3202312323
3102211303
3322211332
3322202030
3322030320
1302010320
1130230323
0131221323
1332213220
1131203232
1133011232
1130310122
1133301222
1333111322
1331110232
1331112223
3331102222
3331022131
2131022103
3332022023
1331103220
0230112023
0132112233
1133113231
3113313011
2311233013
1313330013
2013330323
3233332013
2213302013
2131301013
0131201030
1310201230
3300201233
3320212232
3320122221
3320321201
3002200333
3001220133
3130000333
3002021313
3022033313
3011221313
3031203333
2101200333
3131203113
0132103113
0132300310
0102320130
2012310310
1221310010
3321013010
3310113023
0320111323
3322131321
1032021322
1022311323
1321313001
2112100310
3133233212
0103023321
1032232321
1032133211
0113213321
3113011320
3110001321
3103031321
3133031312
3133002320
3121102120
0231202120
0221220123
3121230123
3201233123
2201230121
1222120121
3123023010
3322223013
3332231213
1032331203
1022233202
1002220323
1101221321
3310102321
3110320321
3110032202
3310032320
2310033330
2333033130
0331033030
1310032231
2322033231
2323123331
2312103031
1211210331
1301112331
1302320331
1212330333
1202332013
1213333313
1301030331
1320010131
0132010321
0131200021
0130001021
0132101203
0232130101
0132130002
0133021300
2113001300
3112300100
0323203101
3022031010
0332300201
0202203201
2232203010
2032202201
0132220220
3302013201
3302113230
0303313230
3302123303
1302312333
1332312320
1332311200
3222311200
3212233120
3310203120
3332003020
3312203103
0312203220
3312202223
3322213203
3102213202
3323223232
3232232311
1232101311
1212132211
1121013331
3023203201
3123221221
3102322120
0103221301
0102201031
3101220201
3201322001
0201323231
3203222011
3202320021
1213200321
3200220221
3300232210
3210332213
3310302211
3310330210
0310332310
2312033213
1320332210
1221332213
1320031130
0320311230
1320013102
2310311000
1031100003
2111100033
2111110001
1112112021
3111132001
2313111001
1112132103
0211110333
1311012002
1100220023
0111020023
0113200231
3112322021
0313110221
0131330022
2132331222
3232332122
3233222122
1233233122
1233212102
1231221021
1332121001
1322100101
3221031202
1231231002
1231132202
1230312212
1033231302
1033233003
0033333233
2200333333
3030333232
2303233323
0301202323
0301033313
0322103330
0101230323
0102033233
0132033323
1223033323
2220031023
2220032303
3220030322
0322003233
0322010313
0322030133
3221231133
0121221130
0131220113
0111122103
0121331133
0132232133
1232231133
3122011333
0122201333
2121001333
2221030331
2311033301
3020001233
0212001033
3132001033
2022200103
1220111013
1223121211
1213321222
1223211223
2030200203
2220300103
1220000032
1221002002
2321001031
2112000031
0112321031
2132303001
2133010021
2113000201
2112120201
2110103231
2110120023
3013123023
3233120023
1232110013
2331100303
2123110033
3103131003
3033121003
3100312133
3130330033
3110002133
0110122033
0120202033
1122202023
1032212123
1312212133
1131202133
1131222003
0121222203
1031212220
1101213223
1032101220
0120012202
1120010103
1320220101
1302200311
1303201131
0130301311
3130320310
2313023200
2323303100
1130022013
3230022311
2130102211
2132202331
1323013310
3233113330
3233003331
1023300313
1223002310
1223202120
1233312120
0230312030
0223022203
0201312203
1232132120
3132332320
3130303200
3103223222
3012203232
0312200332
1112200202
1112000220
3312000202
0132000223
1020030123
1320033222
1132123220
1112232320
1133232322
1002130123
2322130123
0222101231
0220213023
3110302320
3120322220
1132130310
1122300103
1131310101
1131331201
1303312321
2133301231
2133332210
2132332013
2330332112
2332332311
2031332101
2032332133
1201332102
3123321032
3222322033
3012132203
0012332303
3022132123
3033132221
3331232321
3233322221
3002323221
3000023211
3000033021
3323023201
3023023213
3303230321
3230203232
1010033221
3032223213
3002122103
3032220102
3032232033
3030323203
0333232031
1323212131
3233212213
3031223123
3233213303
1233313202
3232133213
1232132033
1232333210
1223333212
1233132101
2333201301
2331311201
3331001301
3310111301
3323121301
3313100001
0133100031
0233310231
3331230001
2332310001
2331230103
2320123023
1110133023
3010133113
3110123122
3112132120
3011132130
0210132131
0321213231
3321123231
3323012231
2323012220
0202013231
0311332031
3213012033
3233212030
3131012032
3233322000
2233311020
2333211221
1333323221
1330232203
1330212323
0230231303
3332311303
3321331303
2301332303
1130033230
0221301323
2002233303
2020331003
0200030103
1102133333
1100132303
0110332333
1202233003
1100313003
1103330303
1123311023
1103110023
1013110123
1313131122
1130330001
1130100131
1300333323
1200311023
3200031302
3203321023
3333321323
3133331221
3323320333
0323310332
1300131223
1102331223
1132321321
1130331213
3302321321
2330301331
2130300321
2213000021
3103030030
2330333131
2230123131
3030321131
2303213131
2223113131
2231031311
1231031122
2231301131
2233133133
3131032112
3133100112
3113302312
3133120232
3213112232
1113012132
3333300311
3003300111
2303303311
3303202311
2303100111
2313120210
2313322130
3323100113
3323032110
3222032133
0223132133
3232321332
0203113133
0213210233
0112102031
0213232333
0211321303
0222321101
1022332101
1121002101
1212102131
1020002131
1022020131
1300202033
1330320230
2132103131
3321103130
0321233303
1121210303
1322033101
0132202121
0133212103
0133122313
0213013303
0321312333
1320112333
3011112333
1113102333
3032112232
1213122313
1213110131
1203023313
1201303013
0101303310
2111302310
2111321211
2111301331
0111300031
0211310021
0331310023
0301220003
2310202003
1011210003
1303121020
1311021020
0323021220
3322320220
1322222220
1333022120
1332020020
1321220030
1212100313
2232200313
2132203203
2132220103
1012220103
1022203003
1322002013
1322022323
1322032202
1322103002
1322133033
1321103121
1332322123
0132012120
1322011121
0310212020
0133212020
1133212012
1213323011
1231012020
0131012323
0131232303
0331223023
3123230203
0210323203
1021032302
1221030201
1221303101
3021003100
3111203102
1222003100
1221002231
1121000221
1021030003
0121002003
0121313002
1121020000
1130200013
1020323303
1020133003
1023133213
1020320033
1120223333
1021133201
1223133102
3202133101
1112020003
3111231132
3111322132
3101202132
0301203131
3130232232
3130112330
1110113320
3113203332
3211002100
0130323231
2312323231
2213133231
3013022221
3113202222
1132011022
0123201121
3121301111
1232311221
3113320112
3103202333
3101323333
3221323031
3021033131
3200332131
3201332321
3031302121
3033302322
3211102311
3311100211
3301110031
3211100131
3212112111
3112111311
3132002131
3022200131
3223200101
3222020210
0220222021
3231202221
3212202211
1332123331
1312332331
1310330301
3112110121
0121321021
1013212021
3111202033
3123032221
3120031323
3103131211
1103132311
1123032011
2230220311
2231322301
2233022230
3233322333
3230112233
3232121323
3022121033
0130222233
3302231103
3301213030
3302130120
3321310100
3130210121
3322131200
3130101312
3213031200
3233231220
3232313231
3230210031
1230213101
3230113021
3330231021
3333203021
1333233011
3320330101
1320331123
3301203301
3302031030
3302310133
3201313133
3202013213
1232012213
1123012210
2222002210
1033012312
1233031231
2203021231
1231103130
1221302130
1322310130
1321212013
1321322113
1321231131
1321201010
1323200102
1201321030
1303310330
3303310313
3103331031
3320133131
3312010131
1312020233
1313232233
3113332033
3112302333
3123003131
1123223130
1223323331
3223303130
3203300231
3303302131
0311330211
1213300211
1133030221
1213030220
0210030320
0210303023
0213113023
3202330110
3230102131
1220202331
0232030231
3202330331
0232310311
2320302320
2300003203
2100002103
0321330331
3211330313
3301330013
3301310230
3133022331
3133230331
3132203031
0213030022
1110030022
2121003020
1313100020
1302203020
3122203320
3100003020
3011010020
3112030020
1100300230
1123300130
1323301301
1223201303
1233202301
0233232121
2123301203
3020300230
3320203023
3131010120
1312101120
1310231320
0313102130
3310213302
3112231330
0313101121
3111210010
1310123010
1330110030
1330200331
0330210003
0030013003
0300013303
2030033031
3103023031
0313020031
1130202031
1203213213
1332213013
1220310313
1223313013
3201010300
3213303021
3211301011
3112010011
3003320031
3321003302
3222303321
3210010010
3210002230
3110012023
3120003223
3220003231
3210103221
2101103323
2010033323
2112031323
2212010323
2120320323
1320120323
1121313123
1113112003
1133123003
1113123202
1133100202
1233003102
3333000102
3303203122
3332001322
3322000223
3232200033
3212313033
1303203233
2333213233
2131332333
1133211003
3111311020
2013013331
2213100123
2103003333
2123021303
3222302103
2101033303
3101013321
2201213301
2221033101
3202110023
3222120223
3211000023
3321120023
3112200013
3212201131
0212230331
2212210031
3312200031
3313220312
1233013023
1333020301
0331320301
3331120331
3331312301
3331311232
3330031230
3230003103
3210021103
1220022003
0222022001
0212220201
2111220203
2201030203
2203030323
0220030223
1232222201
1131202201
1313120222
1313002202
1131102213
0210022102
3113122102
0313030323
1200221033
1202032233
1210002333
1101012103
1201023103
0221011103
0222133103
0202233133
0303200133
1230123123
0233323133
1300032003
3333232003
0232332131
3022331131
1112301131
1122332130
1023311302
1323313132
3132331130
3313212113
3132201313
1023330102
1311301030
1321130230
1313323230
1133303330
3122333330
3332330330
3320233030
1321333032
0223331233
3223330323
3233132123
3103132130
3022231233
0330023123
3012222123
3111022323
3112122013
3112022310
3121322310
3103212310
3030231310
3330203330
3121321302
0102220123
0101321120
0101212123
0101122023
3131002313
3133023130
3133221101
0123121101
0113223100
0133121120
3131212110
3331121230
3131112102
3311323032
3133132332
3332132230
3322323310
3231302230
0131131320
1311313010
3131131121
3111313312
1111133302
3021310311
3121210021
3212130321
3212323201
3012323131
3212320311
3121323211
3021313210
1213103110
1110100210
1210133213
1231030323
3111331213
2131003230
3233032131
3020303013
3020030031
3322003003
1321023013
1223022132
2322302132
0303132131
0313031131
2333131131
2323310131
2033101130
2033103031
2303311031
2003130331
3003233031
3020113331
3000223331
3303213333
3100213332
1331203031
2331233201
3313233203
3133213201
3123213103
3103111101
3121211033
3112221033
1322210231
1301210233
1233133021
0313333333
3231220230
3121320103
3100323021
3333212332
3333303032
2333312032
2131310031
3122320031
1131210033
3131321011
3131300211
3121100001
1311100013
1301120223
1311202103
1231200103
1231300210
1232330020
1330300211
1231310133
3332210202
1031120230
0323133203
3210101002
3133222303
1223032033
1223022021
3131222213
3131023221
1210230221
2203231301
2213201331
2332101133
3113120130
1231111031
3120121330
2310133223
2130010003
2110310303
2113312020
2133022000
2130222020
2330233020
3130223220
3130213013
3102100213
3101100123
3200310203
2220211203
2310031033
2310311233
2210101233
2303133033
2303313013
2103332003
2103210203
2123211213
2103213212
2103023210
2203033211
1210212213
2310231130
0231223313
1023102013
1322320201
1131300012
1131102322
1131001023
0310132203
0311011203
1301013003
1121301003
1313010003
0123021013
3323020130
3331300133
3330101123
3101301323
1101302123
3313110323
2313113333
2302111333
2331310333
1331330311
1311023311
0131303331
2321303331
3213001301
3311001313
1103201313
1132313333
3131103132
0131310313
0133311033
0133203033
0213303233
2113023233
2103323323
3013303323
3333003313
1313012313
1332202313
1303230313
1333120313
1031112033
0103312031
0101310131
0111010332
1103212033
3323131313
3223031223
3323113223
3331032232
3101033232
3131133201
3332032331
3313032311
3213101211
3213013121
3213312223
3213003223
0123003023
3113312321
3313313331
3213102220
1331302221
3220302221
3312112320
3210112020
3212110203
3232000203
3132023203
1322021203
3012201203
1211301203
1332012030
1312301303
3322301323
1322201133
1211230303
3210230330
3110230302
3100310302
3220031030
3220110330
3230111303
3231010103
0231103003
2311130203
1321131003
1032131013
2003213103
2132133003
1232330103
1323112103
0131330103
0233332103
0313330202
0313311003
0313322033
0330303033
3300230333
3212210333
3311010233
3311220333
3212320133
3212012123
1312300033
3310100033
1211003003
3110030013
3320101303
3110331230
3311233130
3311332330
3113213230
3313210130
3113121331
3113101313
3101111313
3220113123
3021013223
1302101033
1322111023
1322312223
1321311033
2201311233
3112103023
3031033023
2213332203
3230220203
3303122203
3330222033
3313302203
3131303233
2130300133
1333001203
1303131303
1331313233
1113011303
1233131310
1300013032
1200033030
3322130333
3332101331
0221303113
3331030333
3321032323
3132120333
3100123313
3100133233
1002123233
1032103033
1311103233
3111033203
1103003203
0103313303
1301300303
1213100203
0230300303
1330201303
1003320103
0103010103
0110311103
3103001103
3210301101
3110102201
3212301113
3223321313
3230210113
3220010003
3120310030
0220310233
2023033233
3223010233
3023330033
3312330023
2313331023
3131312203
3113111023
3111121203
3310120223
3310122303
3312013223
1331203323
3133310303
3103300203
3113201233
3223121233
1203112233
1202132323
1230101323
1212302323
1122033203
2331201230
3313301230
2321231233
2323101233
2111101223
0111111233
3123112133
3331112133
3120122103
3112032213
1033002333
1011030333
1013012233
3213030103
3313201003
3313211021
1111131123
2311101103
1111001103
1111031030
3110031000
3200030000
3330030002
3330300203
2310300213
3332100003
3313230102
1121103102
1211031332
1211033021
1120300213
1120202203
1213020213
2213030202
1121300323
1121303311
1110130133
1111012033
1200120330
3110103103
3102030203
3101030113
3103030212
3113133222
3123333223
1223323223
1123330322
1123200301
1123103030
1113001033
1123031233
1323330133
1320030303
2330030321
2323031323
3203302303
3303020303
3233030301
2331010302
0331010133
0333101323
2333103320
3331120203
0031123203
3031123030
3023013033
3230130130
3030123133
3120130222
3310301022
3331332102
3313032122
3220130311
1220133231
3330302012
3103023123
3130302023
1303201023
1303011230
3130321103
0310303103
1310113303
0123033103
1113003313
1031113103
3132320122
3123001122
3323002023
0212320322
3232033123
3130100223
2220100223
2120210023
1120103303
3033030233
3330130031
1333010233
3133010133
0131030233
3100010233
1011102133
0011210213
0331121020
0311120021
0111120331
0311220131
0111210133
2101121311
3132113323
3132312313
3132310223
3121310233
1230301133
1330300023
3220300023
0220200221
0321320221
3223033113
3231031113
3331023103
3333103100
3123113120
3123321120
2333131003
3123302020
3123300321
3123301310
3310132133
3313033133
3110033333
3011333133
3333121133
3301121131
3311321001
3311332113
3010231333
3012031332
1113212330
0121312130
2313130321
2312320021
1300302313
1330032113
3230233313
3300233113
3120313333
0101300221
0323201223
1133003032
3133003003
1230321320
0232323321
2220002031
0201311011
0211213011
