--- Global Parameters ---
Code Length:			10
Min Codebook Edit Distance:	3

Max Run:			0
Min GC Content:			0
Max GC Content:			0

--- Generation Configuration ---
Generation Method:		Varshamov-Tenengolts Code
VT Code parameter a:		0
VT Code parameter b:		0

--- Results Summary ---
Number of Candidates:		26164
Number of Ones in Matrix:	797244
Number of Code Words:		3269

--- Performance Metrics ---
Number of Threads:		32
Candidate Generation Time:	0.03	seconds
Fill Adjacency List Time:	1.48	seconds
Process Matrix Time:		2.08	seconds
Overall Execution Time:		3.60	seconds
=========================================== 
2000003210
0000013211
0000003203
0000002101
0000112103
0321333333
3210321323
3132321333
3233233333
2321223333
2310333333
0210233333
3210223331
2210123333
3213233300
3213133323
0321222233
0320123333
1321112333
1310222333
1321031333
0210000001
3113213213
2321222222
2321032223
0321031222
0302103210
0210210020
3210321211
3210320302
1111112103
0011112101
1103103210
0002032100
0111032103
2222032102
0000023102
0002222103
2222222101
0111222102
0222132103
0012132102
1112032101
1123032103
0011123103
0000133100
0001113200
0000123213
0011113212
1111113201
1122222103
0222223102
1111123213
2001123210
1002103212
0321112222
1321111123
0321111111
0321021133
3321030233
0321010333
0321321332
3321111233
3321031111
2321021122
1321030123
3320111113
2320122233
2200010210
3310222223
1210222222
3210122221
0320022223
0210122233
0310111333
1310112223
2210111233
1210012333
3210111331
2210022223
1320011233
0320002333
2320013333
2320111222
3210013330
3210111120
0210111222
1210111113
2310111111
0210011111
0320000111
0320011122
1320001113
3310001112
2210011122
3320001223
3310011133
0310002222
1320000222
1210001223
0210000333
0210000122
1210000013
0320000003
2310000002
1310000133
3310000023
3210000110
3210002220
3210001131
2310002233
0213222220
3210012232
0321020112
1321030011
3321030000
0321010001
1321020003
3321010222
0001223211
0001233102
0012223101
1111223100
0111133101
0023032101
0113132100
0033132103
2333032103
0233032102
1333232102
0123232102
3333132101
2223232103
1233132100
0022233103
0112223203
2222223203
0022223212
1112223211
1112233102
0111233212
3111223210
0011233200
0002233213
0003333103
0333333101
1133333102
1333333203
2233333100
2223333213
2333333211
0033333212
0000333201
0012333202
0122233201
1222233100
0123333100
0113333213
0222333203
1223333201
1122233213
2222233211
3122333210
1112333200
2012233210
3001333210
1000233210
1002102101
3132133233
3213313233
2023233333
3113223333
0000010021
0000010232
1100010320
2213233332
1323233331
3103233311
3123033333
3222123333
1012103103
2022102102
2003102103
3002103102
3223102102
3220032103
2121132103
3221132101
0000110330
0001110010
0000020110
0300010310
3301110210
0200120210
0002102120
0002101031
0012103010
1112101010
1112103232
1022103201
2022103213
1033103203
3012103200
3122103103
2112103101
2113103203
2003103201
3013102101
2133103102
2313103210
3122103211
3223103213
3013103212
2113203211
2003203213
3003213211
2133213212
3233203211
1023203212
3223213202
3033213203
3233203103
3133103200
3003203100
1013203200
1303213210
2023203103
2013213202
3023203201
3113203102
2113212103
2123102100
1003213101
1033212103
3033202102
1023202101
3231232103
0003102132
0323203210
0003103230
0012103221
0222103231
0022101020
2222103220
1123103221
0022103130
2222102131
1112102130
0112102032
0222102030
0122102121
1112103021
1122103110
0113103120
0013103031
0003203121
0013203232
1222103032
2223103232
0023101032
1113101031
1222101021
0123103132
0333103232
2333103221
2123213200
3223212100
2110132101
3110232103
3130132102
2132332103
2130032100
2010032103
3020132100
1030032102
2031232102
2120332102
1021332103
3032232100
3030332101
2321010012
2103233303
0313111110
2321321110
0102111110
3111110323
0210321331
2210321230
2310321332
1210321132
0310321110
1310321221
0321321220
0321320010
0320321131
3320321330
0310320232
2321321231
2321310332
1320320032
1310320330
1210310332
0210320130
1210320021
0210310221
1210210230
0210210132
2210310030
2210210121
1310310120
0320210220
3310320220
2310320010
3310210110
1321210110
0321210030
1320210021
0320310331
2320210330
2310210232
3310310032
2310320131
2320310221
1321210231
1321320130
3320310130
3210310101
3210210300
2321320021
3321210121
3210310213
2010321111
1010321233
1031321333
2120321333
3021321233
3010321222
1021321222
3110321113
2110320223
3220321133
3220310333
1021210333
2010310333
3231321113
3130321223
3221320223
2132321222
3032321123
3030320333
2032320233
2131321133
1010320113
3121321111
2131310333
1030310233
2020321123
3030321112
2030320222
1010310222
3121332100
0321001010
0102000010
3233222223
2133222333
3033123333
3233112333
3003222233
2023222223
3113222222
3213122213
3213222311
3103222313
3203222200
3213323111
2133122222
1003223333
0103233332
2103133322
2002133333
2111033333
1203233330
2021000210
2212133330
3212133311
3102133313
2212111110
1023113333
1033122233
1003222222
1013033333
0213133331
0313223330
3323133330
3213123302
2323123332
3303223332
3323222331
0313222232
1323222230
3303222221
2323122221
2213222231
1203222332
2303222330
0103222231
2103222202
2113122233
3113111333
2303122232
3103113323
3203122322
3203033312
3213111103
3233111222
3223022222
3122122223
3023112233
2133111233
3133012223
3003111133
1023111111
3012111111
3012122333
2022023333
2123012333
2112113333
3313122230
0322122220
1321023220
0321033121
0321022020
2321033020
0321013110
0321023032
1321033232
3321023231
1321013131
2321022031
2021320033
3321013021
1321011030
3311011110
1322011110
1321002120
3321012130
2323112330
1322123330
0323113331
1313122331
0322122332
1323112232
3323111132
3133111111
2313111332
3312133332
0322033331
1302133331
2203123331
1303113332
1212123332
2303033330
3311033330
2321003230
1103122330
0102133330
1303122220
2213022332
3003112222
1022122222
2002122223
2013022222
2322022232
2311023332
2202033332
2102133301
3103123300
0203113330
0103112332
1102122232
3103122211
2103113311
2123111113
3113111122
3213112300
3213012323
0212122330
3203111311
3222111112
1213111330
2213111131
1013111233
2003012233
1002112333
2033003333
0322111330
1322111131
3312111130
2323111120
0323111221
0313022221
0213112231
0302122231
3303112331
3322112231
0323012230
1312112230
2212122220
2203112221
2303111230
2213012230
2202112330
2302111132
1203111232
0312111232
1313011132
0103111131
3303111121
0212111121
3323011331
2313013331
0312013330
3322022330
1303012330
1203022231
1012022233
2311022230
2001022333
0212022232
0103023331
3302023331
1202023330
1101033331
1322013332
2302022221
1322012221
2312111221
2112112222
2111012233
3011022223
3213022201
2322011230
3322011121
1302111120
3302112220
2303011110
2002111113
3022111123
1003111122
3003011112
2103111102
1013011113
3033011333
2113011133
2012011333
3313011220
0203111220
0103022220
0102112221
1102111230
1103011221
1213011120
2102122200
2323002220
0323001120
2321001021
2113002223
2103112303
3103111213
3213011212
3212111302
3212112211
3312012332
0213011332
1213003330
1211022331
0313002331
1312011331
2203011331
2103012201
2103022213
1101022221
2323002332
0323001232
2323001131
0301022332
1213002232
1311012232
2212011232
1202012332
2201022232
0212012220
2212002331
2303002231
0301012221
3312002221
0213001221
0322000221
2301012331
0212003332
0212001110
1201011110
1103001110
1103003332
1323001330
0323000031
1002011111
1102011132
2211011130
1311011121
0311011230
0312001131
0301011132
0103011330
3302011330
0101012232
1311003331
1313000332
0202011231
1201012230
0302002230
1203002220
1102002330
0102001332
0211002330
0301001331
3303001132
0101011121
0102001220
1302001221
2202011121
2301011220
1203001131
1212001230
1211002221
1211001132
0311000232
3313000231
2322000331
0311000021
1313000121
2213000130
2203000221
0103000121
0213000020
2212000032
2203000010
1211000030
1103000030
0303000330
0203000232
0202000031
0201001130
2202000330
3303000021
3301001121
2302001130
1101000131
0301000220
1302000020
3312000030
1311000110
2201000120
3301000010
2301000132
2323000110
1322000130
3302000332
2312000220
2211000231
1201000332
3301002232
0021000100
2113000333
3202111101
3202122301
3102111300
3132133000
2102111211
2112011112
3113001111
3212033303
1033012222
3022012222
2023011223
3112011223
2133011122
3013001233
3223011233
1023002233
2122001233
3222002333
1002000333
1001011233
1003001223
2103001212
1012001133
2003000133
1001001113
3001000233
3011002333
2133000111
2011001111
2023001112
2113000122
1022011122
1012002222
2002011222
2001002223
2011011123
3233001112
3233000333
3123000133
3123001222
3033000223
1023000123
1003000112
1001000222
3013000113
3002001123
1001000011
3223000011
3002000111
2013000011
1033000001
2133000003
3003000002
2033000022
1011000023
2002000013
1012000000
1022000012
2022000222
2122000113
3122000022
3113000000
2122000001
2103000200
3222000003
3103000311
3213000102
3103001103
3202000100
2102011100
2103003313
3011000012
3111000033
3213003301
1021033033
3111001122
2102000102
2102002203
2101000211
2103011323
2021310223
1031320123
1031022133
3021320113
3102011202
3203011200
3202112203
3203002213
3202022212
3212000211
3103012312
2103023302
2102022322
3103002300
3203001322
3102022303
3102000213
3202002201
2102002311
2101033312
2101011213
3211022302
3202013302
3212023322
3212000323
3212002312
3212001300
2101022301
3101012211
0121022211
3221033222
1021033321
3201033301
3201011103
3211000203
3211011201
3101001200
3221033011
3221023133
2021023222
3102003322
1121000102
2021001033
1032133133
2132133113
2032133222
2031033233
3021003223
2021013133
1021023111
3021033112
2021033001
3021001001
2031033310
2131033111
2032133011
3032123321
2132133320
3232133012
1132133312
1332133323
3032133023
3132033122
3132113222
3232113113
3232122122
3231033113
2032113233
2132023223
3232310222
2132122133
3032023133
2132033033
3131013233
3231210233
3032210333
1010210133
1032210223
3020210233
3220210222
2223210233
2223322233
1123323333
2213210100
2103210210
2333210222
3031210222
3030310123
3110310133
2130210223
2031210133
3010320003
1020320000
2130320113
3032320111
3110320011
3021320001
3021022321
3021022033
3121022001
2021022012
3121033003
2121023113
3221022112
3021012111
2021002113
3121023022
2031033022
1032033112
1021003122
1032123022
1032122113
2032123003
1032033000
3032122210
3032111320
1032123310
3031320022
2121320122
3120320023
3220320112
2111322220
1111312222
0012322222
1031023002
1132122323
1032122001
2032320000
2131023000
3032022000
3031022122
2032022320
2131022023
2132111023
3121012123
1021012023
1021022000
3021013002
1031011001
0021011102
3021011013
3031023013
2031003003
1031013223
3232003223
1032001023
2032001000
1032013033
2032013001
2132112000
3032112013
0021033313
1021013310
1031012112
1121033302
1121022322
3121023310
1121011100
2121011022
3021002022
2121003012
3101013300
0021023301
2221033300
2221023323
2021011320
3021002310
2121012210
3031011210
1031022210
2221022203
2121012003
0021012213
0021002201
0221001101
3211012213
3211013311
2221022311
0221023312
0021000311
0221022300
0031022202
3211011322
3221012320
3231033320
1131033323
2131003222
3121000320
2101000323
3032000310
2032002210
2032002133
2032013113
2032310023
2032112122
3032013022
2132113012
2132022112
3132122002
2132320012
1132122211
1032112321
3232022321
3232022033
3232320001
3132023011
3132013003
3132002113
3232113001
3032002011
1032111003
1132111101
2232111103
2032011012
2132002002
3132001033
3131003023
3131320003
1031002320
1032000321
3031003321
2121013321
2131012011
3131011002
0032000102
0131000201
1221000200
1132000100
2231000103
2221000302
3331000101
0032011100
3332011102
0232111200
1032111210
1232111311
0010211210
0013201010
1121002203
0121001300
0021001323
0121012302
1221012201
0221011203
1231011102
0331001103
1221013303
0131023303
2221011313
0031023322
1121000313
1121011311
2221001211
0221002212
3101001312
0131000322
3221001012
0231022213
0132022200
0232122202
1132112203
1332111202
1332122200
0032122303
0032111301
2232112201
2331022201
2232000201
1331000202
3231000210
2231002200
2331011100
1332001101
2131001310
0132123301
0032113312
0132111313
0332133311
0032033302
0232133303
0232123322
1232113300
3332123300
0331033300
1231023301
1132011300
1132022302
2232123311
2332033301
2232023303
2232122213
2332122302
2332111300
2232011302
2132011321
3332111312
3202011313
3232011000
1332112313
1232013323
3332023323
1332023312
2132013310
0032012323
3132002320
3332000203
2331000300
1131003300
1232003302
1132002201
1132000212
0232001202
0132000303
0032002203
0131001213
0132011211
0332022211
0331011201
0031011303
0032001312
0332001300
0031012311
0231002301
1231000311
1131012313
3332012213
1332012301
1331012203
0232013311
3331023311
3331022303
2331022322
3331001302
3332001211
1232011213
2231012212
2231001322
2232000313
1331000323
2332003322
2331013313
1331011312
3331011323
0232001323
0231012322
2331002311
0331003312
1221002323
3201003313
3232002022
3232012111
3131013112
3231003000
1031310003
1021320012
1020310023
2120320002
2030320011
3030310002
2131310001
2021310111
3010310112
2110310013
3010210023
2010310001
1010210012
1032310011
2032210002
1021210001
2021210013
1021210122
3031210011
2030210112
3120210111
3121210002
3020210000
2132210113
3113210010
3133210232
1133210333
3233210330
2033210230
2113210330
1003210010
3003210120
2013210021
2023210110
1013210220
0003210222
0003210033
0003212130
0013213110
0013211031
0113210112
0033210111
3230210113
1113210003
1123210011
0203210211
3023210032
1033210132
3123210130
3013210231
0023213230
0113213221
0113210233
2123210221
0103210100
1203210102
0313210101
3323210200
0323210212
2323210102
2303210203
2003210332
2213210212
1313210302
0213210322
0223210002
2120210022
2233210003
0133210123
1223210113
1323210323
3313210313
2303210311
3103210321
3223210021
2133210031
3221310022
3231310111
3232210012
3132210000
3230210001
3333210023
3130210033
1333210012
0333210000
1113212131
0113213032
3333213231
0333212132
3333213110
1123213232
1233213221
2223213131
2333212121
1333203131
2233203230
1233213032
2333213030
3333103031
2333102132
3333202130
1113202110
1113211020
0113202021
0123201030
0133203220
1123213120
0223203130
1133103130
1133212030
1123203031
0223212031
0233212120
0133202131
0233103121
1333102120
2233103110
1233203020
2223103021
2223202120
2223211030
2233212010
0023203020
0033102030
0223102110
0123212010
0133103010
1133102032
1223201032
2233101031
2223101010
0021121010
1123102020
1000100020
0033202110
0233101020
3333102010
2333201020
0333201031
0033211020
0121100210
1110200210
3100100210
0020300210
0110102210
0020101310
0010200320
0032301210
2232211210
3232310033
0210102101
1210322100
2220102210
3330032132
3223323330
3122323332
3133322232
3223312332
3121322132
3233332212
2233311333
0233322333
3333313333
2133313332
3333332332
3232323231
3233303331
1333302333
2232322022
1123322222
0033322223
2003322220
3222322220
3102322210
0233312222
2333312223
3222211120
0001110131
0000120032
0011110220
0111110021
0011120030
0000121130
0000021221
0000030131
0000220220
0001220021
0001130120
0012220010
0111120110
2111110100
0001221110
0010221020
0010021031
1110021020
0220021010
0100021310
1100030210
3300021210
1000010101
1000010213
0011110332
1111110132
1111100012
2111200010
0111100000
0110131010
0010032110
2110101020
0010101001
0011200022
0011100113
0011121132
0111101111
0001220232
0002220330
0222220110
2222220220
0002200112
2001300110
2001100220
2011100021
3001200020
1002200021
1012200110
0000230030
0002200000
0001100002
0001300013
0000200011
0000100223
0001101122
3001101110
2000211110
1001201120
1000101221
3000100121
0000300122
0000201113
0002221131
0022221120
2222231110
1222221130
2222221232
1222220032
3000110102
2000020103
2000010302
3000010323
2000110211
1000020311
3000021101
2300010321
3000020300
1001110103
1000120202
3001120100
1011120101
1011100130
1011110300
2011110213
3111110202
3011110311
2001110322
1201110321
3001120212
2000130101
2000200130
1000100132
2211110310
0211120320
3111120300
2111120211
2111121102
2221121032
1111120230
1111121121
3222200010
0222200022
3002311110
0001121331
0000131232
0010132131
0011130231
0112200002
0012300011
1111300001
0010202111
0010102022
3010102010
1010102120
1110032130
3110102121
3132322121
1021103220
1110103320
1032322120
1132323320
2010322020
0010322310
0010212321
0110213310
0021311310
0110311320
0221301210
0021203310
0232200210
0302220210
2201220210
1102220310
1112221110
1122220020
0022220031
2222230021
0222221221
2220021021
0020031020
0010332021
0122221330
1322221210
3222200221
3222221200
3222230213
3222220322
3122221313
0322220320
3222230101
3122221102
3222232323
1022221101
1122220231
0222230230
1122200013
0122300000
1002220100
2122220100
3111220101
0111220032
1111130031
0111221130
0112220220
1111230120
0111131220
1111100223
1211130210
0211221210
1112330010
0112230021
0012230130
0022330020
1111121332
1111230232
0112221232
0122230132
0010231032
2122221211
3122220301
2122230323
0111330030
1112230330
1111132330
0111132232
0011102223
0011221221
0002230221
0011330121
0003330021
0001132221
0000332220
0001330230
0102330210
0002331120
0013330110
0111331110
1111211112
0001301111
1112231131
1122231220
1111232221
0112332220
2322221321
1111331230
0111231331
0012330331
0022231231
0122330221
0122331130
0012331132
0013331230
0023331121
0113330131
1113330220
1123330021
1222330120
0133330120
0223331110
3123311110
1233330010
3333330020
3233302220
1033300020
3023300010
2223300000
3022201110
1133330330
0223330030
2233330220
1333330121
2233330031
3333330231
0333331220
0333330032
1333331232
2333331330
1233332331
2223331332
0023300022
2113300020
0113300013
2333300011
0233300001
1123300002
1223300023
1223330132
3223300120
1333300003
1133302223
1133331221
1233331130
0133331132
0123330332
0033331331
0133332230
0223332221
1233300233
3333301233
3133311230
3223311131
1133311133
2333311112
3233331101
0233311111
3233330322
3223331313
3123332322
2133331323
2333300123
0333300112
3233300132
3113300032
3133300021
3112300110
0133300222
2233301222
2223311123
1112300022
0333311123
0033300133
0133301113
2223300112
1023301110
0013301112
0022211112
0002211123
0022200123
2222200033
0112201113
0111201222
0011201133
0111300123
1113300133
0011311122
3033311132
0123300111
0112311111
0013311133
0023311222
1222200111
0001301223
0002202222
0002231332
0002332231
0011332330
0023332232
3223332200
3223330103
3123312221
3023322230
0003302233
0002200233
0000211233
1033322330
0000102333
0000332332
0020032032
2123311232
3013312232
1113312233
1113331331
1122231332
1112332232
3112322231
3112311332
3113312330
0110332132
2111311132
0222331232
1222330331
2222331221
0222232331
1222332230
1023312220
1033311121
3033301120
2133300130
2023311130
2222311111
1033301230
1001300030
3222311330
3123301331
3222201332
3222231311
3222232202
3222302231
3122212232
0123311333
0122322233
1111322333
0012323333
0002311333
1013323331
0222300133
0022201333
0223301122
2222201122
1222300222
1113301222
2122211131
1122201133
1112311123
1222301113
1222211333
1222312223
0122213333
0112300333
0111311233
1122302333
2122322330
2123303330
0023303333
2222313333
2023312331
2111323331
3033302231
3122200330
3112201132
3111213332
3011322332
1022322332
1023300232
2033300221
2123301121
2113311220
3113301130
3133331300
3111131100
3011121201
2111101221
2111100330
2113302332
0111103333
1111201333
2111211120
3013301221
3012221100
3122300131
2113300231
1013300031
1022300121
2000300021
2022300030
3002300130
3002200032
3013300330
3033330100
2112301330
2033301332
3001300221
3111200220
3011201121
3111100131
2112200121
3112303331
3022213331
2122203332
2012313332
3012300232
2022301132
2011200132
1012211121
3022211221
2022211330
3122301220
2122212220
2022302221
2002301121
3002201220
2012200230
1002300231
0122302222
0122211223
1112202223
1002302220
1011311220
2011202220
1001212221
3002312221
3002211232
3000202221
2013302230
2011301130
2003322332
3000322231
2001211230
1001211132
0001213333
0012212233
3022202230
3112211230
3111302230
3111311221
2112202231
3011202232
1022212231
2012311231
2000311221
3000211131
1003312231
3003313331
1022301331
1012312330
1010312121
1000311330
1003303330
3001301332
3012201331
3011311330
1012211332
2001313330
1011213331
2011103332
3011203330
3001212331
1022203330
2011302331
2002202332
2001312232
1001322331
1001202330
2000103330
3000203332
3000301230
2001200331
3000101331
3011101230
1011101331
2000300232
2001101232
1000202232
2010102132
1032313232
1021311021
1010311032
2010301010
2123330101
2133332201
3133330202
3223330211
2123331311
1033330201
2032322132
2032323221
3132303221
2132213231
3132213032
3032203232
3032313131
3132302132
3110322130
2132323130
3031323230
3121323221
2130323231
3110323232
3021313232
3221213231
1121313233
3232203131
3231103232
2231323233
1332323223
1031213230
2131323032
2131103230
1132322033
0110103222
3011130102
2011120302
2011220103
3001221102
3022220203
3001220301
3001330101
2002220211
1012220202
1022230200
1022220313
1022231212
2122230202
2002230102
1012330101
2011231101
2022330103
2112231103
3112330102
3022331101
2022330211
2111230200
2112220213
2012220300
2022221302
2002220323
2122231300
3112232200
3112230211
3111221311
3012221212
3111221203
3000221211
3011220322
1011220311
1212220321
3000230202
3000121203
2000220312
3000021312
3000032211
1000120323
1001220213
1011121212
1011130203
2001131103
1001121200
1301120310
2300130210
1000032200
1000130300
1000221303
1000231100
2000132202
2022232201
2112331201
2111330212
3111330301
3113332211
3111130213
2111121313
2111132311
2111231302
2111332300
2111130322
2113330313
1011221323
3001121323
3122332301
3222330302
2212330210
1022332300
3011131312
3011232211
3011331202
1012230322
3011230303
3002230312
1001130312
3000130311
2001131211
1000032312
1000131213
2000030313
3002331211
3033330311
1001330211
2033330213
1023332213
1002230301
1012232203
1000330203
1001231202
3002231203
2002330200
3001132213
1001132301
3001131300
2011132200
1011231300
1013331103
3003331102
1033331312
1003332202
3023331212
3022332203
3113331203
2023331200
3012331300
2122331213
3022330313
1012330213
1013331211
1011332212
2013330202
2023330322
3022231322
3000330322
2011231213
1001330323
2012231311
2002232212
3001232302
2001332203
1011132322
3013332302
3000331303
2002331302
1002231313
1022331323
2000231301
2001231322
2003332300
2001332311
2112331322
2022332312
3111331313
3112232312
2111232323
2002332323
1000232323
1323330320
2213330321
2323332321
3312230321
3311230210
3311121310
2311220320
2211121321
2201230321
1311130321
3301120321
0211132321
1211330320
3313330310
3213301210
3212211310
0203330320
0101230320
1303330210
0200331210
0301131210
1200230310
2200120320
2202221320
0200220321
1200030321
1102330321
1300021320
0300130320
1100131320
2301330310
2200031310
2302231210
1302230320
1301221321
0301330321
3300031321
2301131320
1300132321
1303331321
0322331321
2311331321
0313332320
3323311323
2211231310
2201332210
2102202210
2102300310
1212232210
3322232210
2322331310
0312331210
0212231320
2313332210
1202331310
3302331320
2100121010
1200132210
1101231210
2332300210
2232200320
3232213220
3212213321
3213311321
3211300321
3212323310
3213303320
3212303222
3211213223
3212213033
3102213233
3201303233
3231313130
3211323122
3200323223
3232323020
0220323233
0010323223
3230313221
3010313230
1010103231
1010201021
1020101030
1010203032
1020202010
1032201030
2021213221
1032203221
3031203220
1010303220
1110213223
1132203233
1230213233
2221203233
2221313222
2232203222
1131323222
0132313223
3331313223
0030213223
0031103233
0110303233
1120103233
0232213133
0031303222
1020323230
2021322130
3021102120
1021303231
1032303130
2032213120
3010212120
0010213122
3110212132
2010203121
3010303132
3020103232
3221303132
2110203232
2110103130
2010313110
2030303230
2010323032
3031102132
0010103133
3110101032
3010202031
3010311021
2020201032
2110301031
2110302120
2010213030
2110212021
1020212130
1032202132
1020322110
1110322123
0110322111
1132332131
1212332321
0010213001
0110211033
0110201012
0120121032
2020213132
1021312132
2020103031
0110103011
1110132021
0020103321
0110323321
3010323121
3020303221
3120213220
2110313221
2121303220
3021313120
3030213130
3130313132
3231212132
3212232131
3230322131
3220323032
2121213130
3021203131
3021201030
1121121030
0021131031
0031221030
1110221031
1030211031
1020302031
1021102032
1030102131
3121103032
3120303130
3220103010
3110203110
1021203021
1031323021
1030213020
2020303020
2220101022
2120323030
2220323321
3201323321
3102323222
3101323133
1221323123
1130323133
1110103113
1110213111
3110313031
3020312131
2120322121
2030323120
3030103110
3230103220
3130103131
2031103020
1031203110
1031303032
3030303031
2021313031
2121101031
0021213111
2321213213
3031322110
3131303110
3032313010
2132311030
2132202130
2030202120
2120202030
2031201021
2130203221
2032203031
2031303121
3031212121
3032212030
3031311031
2132303020
3030102021
0030232132
0021332131
0021202122
2121202132
2031212032
2130212131
1030322032
2131302031
3120302032
3110312010
3021212010
3121212031
3121322020
0021322123
0021323320
3121301010
3131203030
3221202130
3221103121
3220203031
3200103133
3220211032
3101103223
2101213222
2103313223
3121302121
2132201032
1133201010
0132221010
2031302010
2030311020
2120213010
3221303020
3221213110
3202213111
3102213310
2102323111
2103323321
2100323122
3220312030
3230102032
3232202110
3130213021
0030313321
1121232130
0131132131
0121232032
0031331032
1120132132
1110202122
0110232120
0021232110
0032232121
0120032121
0220332130
1220032110
1221322210
2220032131
1230332132
2221332032
0200032320
3200132131
3230202121
1330032121
0030132120
0120132030
1110102033
0010302123
0110212113
0110312022
2221132120
2231132132
2131102110
1121202210
0131211210
0120312210
0020302320
1220211210
1120331010
1110031032
1131221032
1121331031
2220331030
2230031032
1230021030
2330021010
2230221031
0330221032
0220031031
1130031021
0132231031
0030231021
0330021021
0131121021
2331121030
1110302310
1121102112
1220103111
1121132010
1220131020
0221221020
1231121010
0231102210
1330101210
1131300210
2230100310
1221200310
3201100320
3131101020
1131100320
1110300321
1120101321
3120201021
0121102320
0221100321
0031200321
0121303321
1230103321
0032303320
0130300320
0220201320
0220232010
0101132310
3331131032
3101132032
2101102122
3332221031
3212221030
3102221032
0100021022
3200021031
3331132130
3213331031
3211132030
3211232110
1201232320
3211103113
0221103133
3211322033
2221312133
2231332121
2101332130
2100232132
3100331032
3100032030
3100132110
1100032122
3100311210
2101211310
2101221030
2101132020
2100131031
2103331030
3201121020
3330221020
3330031030
1330131031
1221132031
1220232121
2230132021
2230232110
1132232110
1132331020
1130332120
1221332020
2131312120
1130232031
0231232030
0131332021
1331132020
2231231020
1232221021
3132202021
0102232321
3102232120
2101312321
1232232032
2330232032
1331232131
2331331031
2330332130
0032332030
0330032010
0231332110
3201322111
3201332132
0332231020
1331331010
2332232120
0330322210
1132312210
0030212310
0132212320
2102232031
3213332120
3100332121
1120302111
3212312123
3202323113
0232322123
3332323122
0032323012
3103322123
2103323033
2100213133
2101303123
3203303123
3213313022
3213323003
3101303320
2103302320
2102203321
2100102321
1231322321
2231102320
0121302133
3100302133
0330323222
0211121022
3201201210
3100201320
3300231310
3330101320
2331100321
2230300321
2232212321
2102212123
3101312122
3102203113
2102203033
1132203310
3331200310
2220202321
2221301320
2221212310
2220303310
1331212210
3330202210
3130211010
2330311210
3230312110
2231212111
1121312320
1120213321
1120323310
3130323010
3101323012
2101323310
2232322310
0332322320
0131322310
2101322113
1131322111
1121322013
0121323112
0030323113
0321323213
3100313113
2321323202
3321313211
0130322122
0220102122
0220101033
0021103023
0110303112
0031103112
1321103212
1331103310
3331322133
0232311310
1230213310
0231303310
1230302320
2230211320
0220313320
0221212321
1220311321
1332311321
3332300321
2330312321
2330323310
2310323213
2231313320
1331303321
1131211321
0132301321
1330201321
0330203320
0331301320
0110203023
0120313222
1120323022
0221322022
1110301023
1121203222
0220203223
2220103123
1121101023
1121303113
0101121033
0021211023
0121301022
0021303012
0020312112
0021322011
0032312113
0020313133
0010313013
0220322113
1220302123
1130312113
2332313133
2330103233
2230303133
1231303223
0332203223
0332213321
2221303111
1221323011
1232213011
1232323013
1232302133
1132303111
3330323111
2332323011
2231323112
1232313122
1332313310
1332322112
1331213222
2231213123
1330313123
1332213113
2230323023
0130303123
1131103123
1130202133
1131302122
1130213122
2220212122
2220322012
0220212133
0221202111
0021201011
0221213122
0132203122
0131213113
0121313023
2332302122
1230313111
1131313012
0331303133
2331103111
3330102112
2330302111
3330332021
0130102113
0130203111
1230203113
1330103122
1330212112
1331102113
2231103013
0131102022
3330203222
3332203112
3200213122
3101213023
1220213023
2221213012
3212203012
3212302111
0232302112
0232322011
2221203000
0331323023
3330212123
3201212113
3202202122
2331202133
1231313033
0332323000
0121323000
2102313013
2232313000
2101213011
3101103111
1321313200
2321312101
0320323201
0020323002
0020211002
0020202033
0030301023
0030101012
0220203012
0120313011
2220313003
1120101002
0121102001
1110202001
0110303000
0120301001
0121211000
1320103200
3321203200
3321313103
2320323100
0310323103
0210313200
3310322101
0210312102
1310212101
2210323102
0210323212
0320303212
3310103100
2320203211
0320213203
1310213212
1321213102
0321212100
0321322102
2321103103
1321102101
1310102103
0210203103
0210203211
1210103202
1210303101
2210202102
2210203200
2310213103
3310213201
1210303213
2310303202
2100203310
0020312000
0110322003
0120302013
0121203003
0221102013
2221202023
0132202033
0231202123
3211202320
3331202321
3332212310
0132303013
1132323001
1120312033
1120211013
1120213002
1110311000
0031312033
0320103102
3321202102
2320202100
1320303103
0320302101
0031202013
0032212011
1332202111
2232202012
2232212033
1132212013
1131311023
2211232133
1332312023
2331312113
2230303012
2103303112
2100312111
2103322012
2100323001
3103313011
1130103012
1130201022
0032201022
0032303001
0221303001
3221301031
2220301011
0220322001
2220212001
0220311012
0221311033
3231211030
3201331030
2221311000
0031301000
0232211023
0030212022
0230313022
1231212022
3212211022
3211312012
0230302033
1230103033
0331102033
2330312033
2330102023
2230311013
2332211011
1232311012
0032311002
0130311003
3212331010
3103332010
3101311033
3201311320
3100322320
3200313310
3201313003
3212311003
3203312033
3200322022
3203322001
1130311011
1121312001
1131213000
0131212002
1131202011
1221211011
0231311001
1230211002
1230323002
0231322003
1231302013
1232301000
1130322000
1131102003
1131301002
1221101000
1220302002
2220201003
2221102002
0231103002
2230103001
1330102011
3330322013
3330313000
3331323002
2331313022
2231312002
2331102000
2330322001
1331313001
0331311013
3331213013
0332213002
1232203003
1331203012
3332212022
3330212011
3200212321
1330212000
2330211022
1330302022
0030203000
0230102000
3200102310
3332332010
0232212000
0332302003
3332203000
3213302002
2332301033
3330303023
2330203003
2330301000
1330101003
0330301011
2331301012
1332201013
1231201033
0230201013
3330211003
3331101013
0330202002
1331201001
3331302001
3212202000
3211103001
3211301023
3202201321
3102331021
3211231021
3201212001
3201202033
3102211011
2100103023
2100302022
3102302023
3103311022
3102312000
3102203001
3103303003
3100203012
2100202113
3101102013
3101201022
2100211023
3100103000
2101303002
2103302001
1101131022
2100312003
2101202000
2102212002
2101311012
2102301003
3200101023
3200303001
3200311011
3100301013
3101101001
2100201011
0101221001
0200121011
3200201000
3211201002
2301121011
1211131011
2201132001
2211221001
1100021003
3300121033
0200221023
1300121022
1101221013
1202221033
2201121003
1311121002
0301121000
3300221001
2200221012
0212221011
0311221033
1301131033
2311121023
3311221012
1312221022
3322221023
2302221013
0322221000
3302231033
3300231022
2300132122
2200231033
1200031023
1300031000
1300332310
1300231011
2300131002
2200032012
2300032033
3300032001
0200031002
0100032011
0100132023
0300032022
3300132013
0200132112
1100132000
1100232012
1101132111
0201132133
1103332133
1101232033
3300232111
2202232111
1211332111
1200332113
0101332123
1102231002
0100331000
0102331033
2202231000
2300232000
0302232310
0300231003
2322231001
0211131003
0201231012
0102211212
2211132022
2201232013
1212231013
0322231012
0212232112
0202232023
0300232123
1301232022
1311132112
3311132123
1323332111
0103332112
0101332002
0202331001
3301331011
2300331013
0301331023
3301332113
0301132011
0311231001
2311131000
3311132002
2311232011
1211232000
1211331022
0203331022
1103331013
1102332022
2203331011
3303331000
1200332001
0203332003
2202332033
2212331002
2213332000
0211332013
2213331023
3312331022
2323331012
2303332022
2213332112
2311332122
0322332122
1302332123
0212332133
2313332133
3322232133
3323331033
2322232112
0302332111
1302331012
1312331033
1301332003
1322232023
1313332013
3312232013
1312232002
2302332001
3322332002
0323332000
1313331001
2200211211
0323323323
2201212200
0101322322
0213322322
2201322323
2200322311
0101101323
1101213313
0211101213
2211101103
2211102201
3311100201
2211100212
0211100102
0201100211
3300101211
0203322211
2203300213
2200101213
2201101311
1311101211
1211300211
2201103300
1211103322
1201100313
1100102313
0100101311
1200101300
2200100201
2300101100
1201101101
3301101102
0311101100
1211200100
0100100101
1200100103
0100101203
0101200103
0100200212
1101100202
0101103312
1201102212
1100102201
0102200201
0201300101
2212300101
0300100202
3301102200
1101322200
0201102303
0311102202
0101202213
0300102213
2300202201
3311102311
0100322202
0103300203
2301100203
3300103303
1301102323
2311101322
2300100312
3300102322
2200102302
2200200303
2200300100
0323300100
2200322203
0211212201
0202202211
1102201311
0212200203
2211200323
2211102313
2201202322
2213312213
2200212313
3311103323
3300211213
1101200322
0101300300
0301100322
0211200312
0311100303
1301200311
2211203311
1202200212
0102200313
1300200213
2300300211
3300203311
1100200301
1103300323
1200203323
0301103301
0211203300
0211211103
3301211100
3300200103
3302200200
1102202202
0100202322
0100203303
0102302301
0101212311
1200202311
1211201301
0201311211
0103301211
3311211211
1201211323
0200202200
0103312200
0300200300
2202201201
2201300202
2201211102
2202203302
0202201100
0300201101
0322200102
1212201102
0211301202
0213301101
1301201103
1303300101
1201302201
0302300103
0202311102
1102211103
0100211201
0101311100
0101211303
0100301102
1100212203
0200212212
1100211312
1101301212
0301201212
1301211201
2301301101
2200301301
1311300102
1311102300
1211311101
3301300303
1102311201
1212211200
0202211301
1202202300
1322201100
3322201201
1312200201
1213300200
1203311100
1100301200
1300201302
2211300300
2302200322
0102213322
2202211312
2300211300
2212201213
2322200212
2311201200
2301201313
2323300201
1323311101
3312201103
2313301102
3312311101
3311301301
0302301201
0322201213
0312202200
3303300202
1323302200
3311300212
1301301300
1311203302
2311202212
2312211202
1211323300
3312200302
2312300203
0212202322
1202301322
1200300312
0201303322
0203301300
1303301203
0200311203
1300311102
2203311202
0322311103
1322301202
1213301302
2212302202
2302301212
0213302203
3300302203
3301212202
3302202301
3322200323
0302201323
0300211311
2300300323
2200311322
2202323312
2202213323
2301213301
2212213300
2212312322
2213311300
2211212302
1211322202
1213312201
2311311103
2201311303
1103311303
1100302302
0202300302
1103312212
1103322301
1202212213
2202312211
3300312211
1300312200
1100312323
3301212323
1300213303
1100313300
1101323302
1201303303
1213302323
3311302322
1102303312
0302203312
0200322300
0100323313
0203303311
1202313301
0211313302
2302311301
0102313303
0202323323
1311302203
3311312200
3311213303
0311211300
0212212303
0311202313
2311213322
2322213311
2312211323
2311322312
2301322300
2212322303
1302322201
3312322202
0313322200
0301322203
1300322212
1203322313
2302322213
1302322322
1203313322
1300212322
1322203322
2322301322
0300311323
3300313322
0300323302
1300323323
0103302313
0201312313
1300313311
0311213311
1302212311
0211322311
1301302312
3300301312
0203311312
1303311211
0313311202
1313311322
2303311313
0302311213
3322311212
0212312212
1311312211
1211311213
0311311312
1312201312
3312302213
2211301312
0212301313
0303302212
0323302322
0322212323
0323312213
3323302211
0322212211
3322202312
3322212203
0322211302
1322212300
3302312303
3302322311
2300312302
2323312202
1322312312
1313322302
2313312311
0303312301
2323301213
0323301301
2322203303
3322301303
2312300311
0322300312
0312302302
2302303300
1302300313
2311303313
1311312323
0311323322
0312303323
0312322313
3303323313
1323303311
0313323311
1322323301
2322322323
2313302303
2213323323
3322313313
3323322312
2323313322
3323312300
2313323300
0313313303
1212313313
