--- Global Parameters ---
Code Length:			10
Min Codebook Edit Distance:	3

Max Run:			0
Min GC Content:			0
Max GC Content:			0

--- Generation Configuration ---
Generation Method:		Differential Varshamov-Tenengolts Code
Differential VT Code syndrome:	0

--- Results Summary ---
Number of Candidates:		26216
Number of Ones in Matrix:	1045416
Number of Code Words:		2729

--- Performance Metrics ---
Number of Threads:		32
Candidate Generation Time:	0.03	seconds
Fill Adjacency List Time:	1.52	seconds
Process Matrix Time:		2.58	seconds
Overall Execution Time:		4.15	seconds
=========================================== 
1230111111
2301200000
3333330123
0000023012
3332301230
0123012111
0123222211
2123222222
0120222223
0123012223
2023012222
3013322222
3123322220
3322221230
2222221201
2222301301
3012303332
2111012301
3012013222
2222301233
2222220233
1222211230
1110012303
0100012301
2200012302
3000012303
2220312301
3300312301
1000012310
0000012023
2000012012
1111312312
0000312011
0000312330
1012300333
3012300030
2012300022
1012300001
0312300003
1202300000
2302300002
2312313333
3302310000
0112310000
3012013330
0012323333
3020222221
2011222222
1121222221
1030222222
0001222221
2230222223
2331222221
2320322222
3012310011
0123013200
0123123000
1123013221
0123013312
0001231230
1230123022
0230123001
1230123130
3230123033
2130123000
2230123102
1203333333
2201230123
3001230120
0131230123
1101230121
0001230132
2031230122
3012323321
2012310331
1111111023
1111110330
1111111311
3111111012
2111110010
1111100021
2111111220
1111110222
3111111300
0111111213
0111110111
2211111313
3111110323
2221110012
2222111302
3221111212
2221111200
3222111233
1211111233
2311111231
2211110211
2211100023
2221110223
2211112222
0111112221
2111113321
3311111203
3321111301
0211111302
0222111201
3332111231
1331111230
0022111230
0321111232
3331110233
0011111201
0211110200
0211113223
0111100220
0111113310
3111100311
3311110312
0111000023
2111000030
1110000001
1111000332
2110000022
2211000011
0211100012
2222000013
3111000222
0111133222
1311110301
3221110303
1211110113
0011110233
0121110123
2221113310
2222100300
2222223302
3222210301
2222210212
2222223113
2222210100
3222220102
3222223000
0222223232
1222220131
1222223033
1122220123
2322220120
3332220122
3322223133
0222210133
3322210232
3322223201
1333220123
3333220130
3333323121
3333313230
0333323030
2333323023
0033323123
0002220123
0022220130
0332223230
0333310120
3333300131
0003323010
1333323011
3033323012
3333223032
3333313001
1103323012
0000223023
0333110230
2222212223
3222213203
1211113312
1221110202
1222113301
1222200201
1000313013
2003223013
0122223013
3022223011
0322223002
2322223031
3232223012
2112223012
1111203012
3000213012
0000303123
1033300123
0000110123
3332210101
3333110132
2331231230
3331201232
2131230130
3230230120
0230120121
0130123132
0123123233
0123123112
1230130123
0120230121
3130130122
0130130130
3230120230
2230130131
2200000031
3000000333
1100000033
2000000002
0100000021
2220000020
0200000222
0110003322
2110003333
0100033333
3200003332
3300333333
3323333332
2303333331
2220333333
2220003331
2211103330
3111333333
2111133332
0210333332
0013333331
0111033331
0110000330
0300003330
1200033331
1300333322
2313333222
1310333330
1023332222
1223333322
2323333320
0221333330
3013333323
3013333211
0010333222
0021322222
2222033330
2222233323
0123333302
1211333222
2300032222
1210002222
0330022222
1311022222
0230222212
2230222111
1230221113
0130221111
3231211111
1201211112
1231211100
0101211110
0121311111
1230222000
0130222200
0230311110
3130011111
0301211000
2301211101
3301211113
2301211033
1201220000
0123332200
3023333300
3222333321
1123333220
2123333313
2123332211
3123333110
2123023111
1023333311
1120333300
3123010110
3023013211
0123020103
3123023213
2123013323
3023010223
1123020223
1123010013
3123011212
3123010303
2123023300
0123011301
0123021232
0123130132
3323013333
0023013331
3023010012
0123230230
3123030233
0123030201
3123230101
0120120101
0120121230
3130123201
3123123302
1121231230
0021301230
1221301231
2311301230
1123301230
0330301231
3321301201
3320301233
2323301231
2221301212
0211301233
3013301230
1030201230
1011201231
2130131230
1120101231
3020101230
3030121231
3030230230
3021230131
1121230132
1130230231
2123230133
3120120133
2130123233
1130121232
1130123302
3030123103
1130120103
3010230133
3023230232
1111301211
3111301200
1111302300
2220301200
2222203210
3222200113
2222100111
3221110110
2222212111
3222233111
2222133311
1222333310
3222113312
0222110112
3322110103
0222233312
3322213112
1322223122
1222213102
1222212000
0221112111
3311113111
2111301012
0111301302
2211301303
3211302301
2221202302
3111212302
2100303012
2233313012
1111301323
2300301232
0010301232
2101221111
3001311111
2201311110
0000301130
1313301233
1220201233
3221201203
3333303033
0321231233
1331230133
1031230101
1011230233
3010231231
2123231231
3120130231
3123001231
2120121201
0030231232
0331231201
2011230201
2321230232
2311230103
3331230100
0331230112
0221201301
3321232301
3330201301
1310301201
1211201202
3311201302
3220301302
0223301203
0023201233
0020201201
0013301301
3323302301
3322203302
0030230301
3030130101
2330230102
1030131201
1120130301
1123230202
0021230202
0011231301
2120130102
2030130232
2030120301
1330122301
2330121202
1330131233
2020121233
1123131233
2310231233
2320231201
1010101233
2010101201
2013201232
3013131233
2120123113
1120123200
1123123313
3023123110
2123120100
1123130113
1123122301
2020123303
0030123300
0030123111
2330120100
2030120112
3020123212
1120120212
2123020312
1030123213
0030121203
2330123312
3010120100
3023120203
3010121202
3012201201
3012230203
0011230100
1020230103
2023230112
1011230112
1311230302
1010231202
1221230100
0221230303
1221230212
0330230203
0030130113
3010130112
1020120110
3023030113
3330101203
3310301212
2210301223
2221231223
2221231300
2211201210
2221230013
1211232301
1111230331
2111230222
3013230301
3311230111
3311231200
2012230110
3300301200
1200301203
3111231211
0311231212
3321230312
3330231212
3111201223
3023131201
1023231301
1320101301
1330130302
3023030302
1123031302
2123021203
3023011200
3023022301
2023001301
3013001202
3013123300
1223202301
1220231302
3012123211
3013020111
3013023220
0023023222
2023123223
3013010310
2013023311
2323023221
1023123211
1023023320
0020123220
1223123222
2023020210
2010123210
2323123310
2323120111
2323230100
0320230110
0023130111
1223230111
1023010311
2023011313
1013013322
1223013332
1323010222
0023011221
2313013331
1012023331
2013010221
2323011211
3012011211
2012311222
3012311320
1012123222
3012120223
2012123320
3013021213
3012010023
0012310032
2010022221
3010332220
3012331223
3012330310
3013030200
1011332221
3011322211
3011022223
3030322223
2012330221
3013120312
2023121212
1020121302
0020132301
2010130302
2310230212
0010230312
0023230213
0020131212
0211230210
1023130312
1023120300
0020130200
3320230300
1310230200
3311230223
2310130110
1300230111
2320130203
1323230303
2013130213
1012230300
0220231200
0013231200
2013121200
0220230223
3220230211
2211230311
0111230013
0012230211
3111230320
0220201212
0310201203
3313301303
2303301301
3333301000
1213301302
1200302301
0300301302
0310202301
0213312301
1210112301
1233312302
3223212302
0323112301
2223302303
1303212301
1212212302
0012212301
0111232303
2210212303
2111202313
2210302312
0220102302
1220122303
2220112312
3310112302
3110302303
2100312300
3100312312
0103312303
2223112300
0110301213
0323201302
0010101302
0013232302
2323121303
1013102301
2312112301
2313232301
2013122302
3012121303
1010123323
0330123323
0330120210
3330121300
3330121012
0020120012
0010120211
0220230012
3320101312
1220123311
3012131212
2012231302
0010130223
3330130223
3012322300
3012132301
2323032302
1211100303
3010000301
3010033303
3020333312
3311333322
3220033322
3310033331
3320123330
2220123332
3110123333
3300000321
3310000023
3310003222
1300003221
2300000223
2300000111
3330000012
0300000010
1200000320
1210000013
1211000223
2211003322
3211000320
2221000221
3220000311
0220000323
3311100300
0010000012
2310000312
2300000300
2313130300
2300131200
2300230303
2323101202
2303201203
1303301212
1013101212
2323031200
0023030220
0023031300
0023122303
1323231212
3323201200
3320000220
2310002220
2300033320
2323010320
2310333311
3330333321
0020333320
3330003323
3222000223
3221103323
3211133321
3311103220
3311132222
3221112220
3221002222
2222033222
2222102221
3311000211
3330002221
1023001203
0311002221
0220003221
1320333221
0030332221
1210003311
3221103211
0221000111
0120000122
0221100213
0311100110
1211103111
1211102220
1210101200
1223101303
3220101223
1013120220
1310123221
0013123321
3310123322
2300120211
2303123222
2310120223
2013020323
2312020222
1012320322
0012030222
1222322222
1220120220
2220130222
1220131213
0320131303
0320121223
3320121211
1320120313
0320122312
0010121313
1013131303
1012231213
2012321311
2312201212
2310120012
3012321013
3012022312
2012002302
0012201303
1312201200
3322022222
3323120222
3323230220
2303230210
2323030223
1323130210
1310121210
1210130211
3222232220
1313123330
0310122300
0210123331
3012030012
2012120013
2312230313
2312101303
2302231300
2302202302
2300102301
1300232302
3220232303
3211232312
2220201313
2220101211
1210230313
1313230012
1312232303
0200112303
2012001200
2313001213
2013031312
2323030012
1023021012
0023011010
2012011010
1220121012
1210101312
1300101213
2300121313
2303231312
2313030211
1013030013
0023020023
1013010020
0013031211
0010033311
0010003220
1310000210
1012030311
0013130310
0012230323
0012231012
0221033311
3321033221
3222003310
3321000313
0222000312
0221000300
0023002302
0222103303
0311113303
0011000303
1010003300
0311003310
0011033323
1211033320
1221003313
1323001312
1320000303
0030000302
1320033323
0020003313
0020000110
2010000100
2010033223
1011333310
1311033211
3320120010
1221032221
0222113100
1222000100
1222100233
3322100212
0322100301
3332000302
3333100201
3332113301
0331110201
3321113213
1221133223
1221133300
3331103312
1311133313
2311033300
3321133310
3323132300
1311100212
1222103212
1222232213
0222133210
3322133223
0322333323
0322033300
3332333310
3322103200
3331003300
0330000200
0330033310
0222202200
0322200102
3322212100
3322000110
3331100113
0321003223
3331102223
0323101213
0222112213
0012101210
0011132220
0013001313
1012001012
1013031223
0311112210
2311122220
0321122221
1222122211
2312121211
2312130220
2313021220
1012021221
1312001211
1012121310
1013022300
2303122300
1012132312
0011103312
0011113113
0011003111
1010002211
1020002223
2120332223
3010002200
3010001111
1030333223
0331333220
2321333223
2330332220
0021333211
2011333111
0031333313
0011133300
0021113301
2011103301
3010033110
2020333210
3011333200
1331333300
1121333312
1030033312
3011033212
1011003213
2311000113
2311101111
0321133111
2321000301
2011000202
2311100233
1321103302
2321033312
1322233301
3333233301
3333033312
2011032210
2320032211
2030322211
3020332111
3031222111
3020022210
1120022220
1020000212
2020003302
3120033301
3121222210
0322332221
3322132211
3332122220
0222002211
1222102110
0222201111
1021022211
1011132111
3011121111
1031322220
0022022220
1021122223
0001332223
2022322223
2012332313
1012333012
1012330020
1312331222
2322322211
1331332211
1322333111
1030333111
1320003111
2320003213
2330033303
2021333303
3031333301
2331133301
2011133203
2311113202
1311113100
1011112203
2311112113
2301112303
1321113112
3331112110
1011110102
2321110101
1321110133
0022110101
0021112212
2011102212
3011122200
3001222213
2011112000
0021100112
1321102213
1322032223
3322202213
3332200133
1330000113
3332213003
3332232200
3333212201
3332112212
3333302232
3333233233
3333032223
3333022211
3333033200
3333000233
0322000203
3332003213
0331000212
0030002210
2230000230
1130332210
2120000201
2020000233
0331133213
0322103113
0022122111
0031122210
0013122012
3022321111
2121322111
1331122111
1130022111
0120322110
0131222113
1121121111
1122322210
0333301133
3333301112
3331003111
3332233113
1332333213
2322333200
0322233203
0322113202
0022003212
0022133302
2332333302
2230333301
1230330000
0002333212
1322110231
2322213230
1322212201
3332212233
2321112233
1332210130
1021100201
3011100231
1101011111
0000121112
3333231110
3332101111
1322231110
0333121111
0003011111
3020000102
3011000133
0120332212
3312202300
3210201300
3300202303
0302212303
3312212312
0233212300
1313001300
2303002303
1223001210
2223201220
1223032300
1213231300
0203301300
1213201213
1312101223
2302101210
0303232300
0100202300
0113112300
1212102300
1200132300
0213202303
0110112312
0113302312
3303302312
0303112312
0200202312
0110201012
2113312012
1012311030
1230333230
1120033213
0333003301
3333203102
0333200122
0333313022
0333312333
0003301333
1233301313
3213301012
1113303013
1110301010
3200301313
2213301310
2203312313
2333312322
2223232310
3303301223
2303011222
2313011023
1012011123
0323011123
1112311110
2132311111
1131331111
0031131111
1021001111
2120031111
1120002110
1133011110
2331333110
2331031111
1032021111
3032011110
1001322111
0002322210
0032332111
0001333110
0022033110
0032333200
0332032210
2331022210
2330002110
1331101110
0333001110
2332121110
2322122200
2021122110
1322002200
0333302101
3333102100
0333122200
1333022110
1333302122
0333033113
1332122213
0033122113
0333113101
0230000120
2230021110
1001333302
0012011322
3323011322
0012311121
2312311120
0013011330
0012331330
0012120330
2312330330
0012032310
0012322011
0012020021
1012022013
0012322123
2313022012
2312122313
2312322010
2312320021
2312011321
2312031310
2312010030
2312131012
1312010022
1212310002
2322032110
2312030023
0012031023
1323022313
1312002313
1312332311
1312332023
2302333013
2301003012
1301112012
0312003012
0312333010
3312333123
2301002310
2301001221
2301130222
0300120222
2301101013
2302231223
1300230223
1200231210
0313231223
0223231313
0223131211
2220130011
0220120023
3323230013
0323131012
0323130323
0220130310
2220230320
2220132323
3323002012
2223202012
0233302012
1323020010
1313011011
1210120010
2303010021
2303021311
0323010030
0223010022
1223011020
1113011000
0323030311
2223010033
0223002313
0223033012
1213002012
1223031013
1303033012
2303031013
2302001323
3312233012
2210233012
3220132012
3110103012
2223133013
2200113012
3302113012
1300131012
0310130013
3300102012
3300230010
3310231313
3310130311
1312130010
1313120311
2302130311
1300130310
0300132313
0300131211
1302231211
2303120010
1300120023
1313121013
1200122013
3310122013
0300121010
3313101211
0303201210
1302201313
1203201012
0303232012
3203212012
0212112012
1212232012
1212033013
0313130221
1233233012
0312101013
3303201013
3323021011
3313033013
3323031023
3223101013
1223121310
1223021221
1303001220
1303121221
3313102313
3312201323
3323122323
0323021320
0223122013
3220122310
1213132313
0313032323
0303230023
1303032310
1313030320
3313031222
1302132013
2303020330
2302123331
2301023333
1303023332
2302010332
0312123332
3303123333
1312311332
2302311022
2302330322
1302230320
0302230222
0312330022
1213230220
1203230010
3210230023
1213130023
1303131323
1110130333
0213023333
0313010332
1212010333
1202123333
1301011333
3323020331
1223020330
0223120321
1200120321
0200230311
2200120333
2220120030
0300120330
2223120022
2220121321
0210121221
3310131220
0312121222
0210122323
0200122311
1212130222
1302120322
1213020322
3300122320
0313120020
0110120322
3312230020
0302230011
0313022311
3223032311
2223001011
0233301211
0103301013
0303002013
0203103012
0133213012
0100233012
0200231013
3100301211
1203101211
1213031311
1212231323
3312231221
2210231221
3200230222
0200201223
0200101310
2113301221
1100301222
0103301220
0113201211
3300101323
3110101221
3313121321
0100231221
1202201220
1203031222
2223031322
2223130331
1233231221
1202232310
1232201311
0212201310
0312131311
0302101221
1301101311
2301122311
1302121011
2302121320
2301120021
2301021322
2302322321
2302022023
2301222022
2301332011
2301030331
2301011130
2301332330
2302321030
2301320032
1301221002
1301310003
1302320333
1303011030
1302001010
2301222130
1301222333
2301321121
1301011122
2301031020
2301332123
1301033023
1301102323
1202112313
1231112311
1233112012
0302102310
0312001320
0213101220
0212001222
1232101222
3313001010
0110231310
2111231010
1111231123
0112231222
0113230321
0303030322
0110101323
2110201311
2210132311
2200101222
3223131320
1213001323
2233301222
3302232311
3303230321
1201103013
1231112023
1233101010
0301222101
3301222232
0301322230
1201222231
2201222212
2231222200
1231222102
1230322201
0101222202
3301222003
3201221100
0301221133
0231222233
1301032321
1202002311
1301322031
3110102310
2210102013
2200201010
2210101320
2110112323
0112212313
2000312323
0000302322
2200202323
2000302311
3000302013
2100212013
1110113013
1110212310
1113312323
0100102013
0110122010
0110130020
3110230011
0213130011
3210121011
3200133013
2110133010
0113133013
0113101010
0301133010
3213232013
3113112013
1103312311
2100112311
1133313010
1133223023
1102223010
2122223020
3032223023
1032223120
0033223021
3022210123
0032210121
0332200231
0022213231
1022200230
2332100230
2021110230
0002223030
2021112201
3011112232
0021112100
0021003200
3011003000
0001003301
1130003301
1022003301
2122333301
3011113002
0331103100
0332233000
1322133100
0332112000
1331132200
0333132212
0022232212
1322202112
0332201113
0332202202
2322002212
1322203232
0332213132
0333212002
0033301002
0033231112
0333232103
1333131113
1333231000
2332231112
2333122112
0003230000
1000120000
1331112103
1322212133
2322232233
2322200131
0022212102
2322233102
0022201100
1022200122
0022100232
0332103233
0333002203
0032000201
1333000101
0031000233
3030000231
0031110132
1331100102
1332000232
1332003112
1130000102
1021000103
1331003203
1030033200
2321003100
2120003112
3011102103
1233003013
3233113013
2212113013
3102213013
1332003000
2322101100
2322232000
2322112102
1332110122
2331102202
2332003201
0031103202
0022102203
0032112201
1332133202
0032133112
1021133212
0001000102
0001001110
0001132113
1001121110
1332203101
2022000101
3022230000
0002110130
0003000230
0001002212
1001122212
3121000230
1122000231
3030333100
3130331110
2130333113
2031333212
3021332213
2022333113
0022113133
0022103000
1322113003
0031113003
0032213001
0333113033
1022112232
2032331110
2122021110
3021031110
0122011113
2230332212
1130002212
2130022213
2120032200
3120333203
0130333201
2230332100
2031332200
2030002203
3030001100
2130001113
3020002113
3030032212
3120002202
0120033232
2121032212
2130033202
1130003233
1121003202
1231003123
0032002113
1031032213
0001032200
2332032203
3021002233
1031102112
1022101113
1021103233
1022033203
3030033233
3022333202
0001113231
1001100230
2333032000
2332212001
2333132201
2333122233
2332233231
2333033232
2021110122
2331113132
2121000132
3120003133
2100301320
1100302023
2110201023
3110232323
2203301023
2223001123
1110102011
1110201330
1000301331
2110230030
3203201221
3000201222
3000201011
2003301322
2333301032
2333231133
1333232232
1333203230
1333112231
1333213031
2333312030
2333303120
2333100121
2332213121
2333233122
0033302230
0033213130
0003200120
0002212230
0033312031
1033303030
1003303011
2003312010
0003312120
0033212122
3033312023
3033312311
2003302123
3113232311
0033232201
2022232201
0000122201
1000212123
1133312330
3033213010
2033213123
1033110120
0033100131
3000112010
1333103132
0033133232
0032232233
1022233133
1332203033
1232202013
0032202003
0033203032
1033302332
0003212332
0000201032
2333202333
2333201101
2332201003
2331103003
2332133133
2032333233
2121033233
1131333203
1333133003
2021113033
2332112033
1033112333
1121113231
1031113101
1032113230
1122110130
3022233230
2022133232
0002033233
3022100130
3022003231
2122103230
2032200120
2332202132
1131100131
1001110121
0003113121
0002100122
0003033201
0002132202
0003032112
1001033112
1033022212
0003022203
1101332212
1033001112
3022001112
1022103102
2333002102
0033003102
0033033000
2030003000
1031002100
1031133000
0032132100
1032022200
1001133201
1101322200
3032322212
3230322113
2022132112
1122033112
2121101112
1002332203
2022033000
1121033100
0002002000
1033001000
0033101103
0003121100
0000131003
0002233002
0002113032
0000133230
1022213032
1122213121
1000230002
0000232001
0000232333
2022212333
0003112001
0003201101
0002103101
1033301131
0000202121
0000103031
1000101001
2200230021
1110230022
1112213023
1113233011
2000233011
2000113023
2003113011
1033113022
1000112021
0003133033
0001102233
1001112033
1001003003
0002202132
0000122133
2213230322
3312130322
0312030331
1232230322
1002333000
1202333011
2002333201
2121133201
2022113001
3313030021
3303010033
3223010001
1213010031
3223030030
3210130330
0212230330
1212330332
0100230330
3000230031
2210122330
1212120331
2000130033
3000121333
3002212011
3112112311
2212212310
1112212011
1032212131
0112232010
2032202230
1032002233
0003002133
2022003133
1002000131
1033003231
2031003232
1002202333
3031103230
2033000130
3031000122
2033021113
2003011100
2022231103
0003231133
0003233122
1033203121
1033233001
1033033133
1002213021
1003113030
2032213030
2132213011
3033301120
3133301011
2233302311
3232212311
2233212010
2232213023
3212112323
3301112023
1301122020
0303122023
1303021123
1302322120
2203112023
2223122123
2223002320
3312122123
3110122321
1312022320
3302232023
0232212323
1233232323
3233302323
0233232311
2233202123
3231113123
2132110123
2231100120
0122212123
3201113010
3202233010
2003301030
3003302320
3103212323
3203112310
0203102323
3000201330
3033212330
2033112130
3133301330
3113201320
3112201011
2213231011
0103231011
2213003010
0133201222
1133301022
0233201023
2133302020
2113202010
0133112010
0122113011
0101112011
0101113023
1201132011
1233032011
1232133010
0132203010
0102202311
3100132011
3303131011
3312032011
0100132320
0201112320
0203132010
1213022023
1203122320
2202202011
3212102010
2212202023
1033201033
2112103011
2033201122
1032201102
2033212021
2233112321
2000201120
2000233123
1000203020
3003203023
2113233023
3233233023
1110133123
1103113123
1112100123
1113202123
1133212120
1113112020
2122212130
1000133121
1000101122
1000231131
2000121101
1100201021
1133201001
1100232120
1000102130
1110101120
3000232020
3100231123
2100102123
3003112123
3000102321
3200122123
2210131123
3101100123
3003000123
1103000120
1003003122
2202000123
3301003123
1202002023
1202333123
0132000123
3122000121
2101000121
2102203123
0102202023
1002203130
2003103120
2002212120
3033233120
3133103123
3103103010
0103003023
2113003123
3112103023
2133113020
3002113020
2101113120
3001112130
2233103011
2231113021
0232103023
0202101011
0121113030
3122113120
3022203121
3021113131
2232112120
1002112122
1131113122
0131112120
3032112121
3022212022
3132212020
3202202320
3200231320
3100101020
3200121322
3202201123
0301101123
2122113022
1201132123
0302032123
0233132123
2203133123
2200132020
2232233120
2203231120
0212132023
3212002123
1212322021
1212121123
0213031123
0112033123
0122233120
0113122123
2110122120
0112102320
2000122230
1003232230
1101112230
0100121120
3000131130
2000122122
1233121120
3223021120
2223011131
3313011121
1203011121
2233011112
2223022021
3213122020
2000232322
2000101332
2003112322
2102212321
1132212332
1032112002
1121113002
1112112322
1100102322
1003202022
1000132032
1110122022
1100232331
2003202331
1113232322
3033202322
0133202320
0132112321
3122212331
1112202331
1102212030
2112112330
2100102330
1002202001
2002112031
1002102231
1133102230
3032112332
3002202030
2002003230
2202103020
0202003010
0133003011
2201112030
2032203022
2022202002
1122203001
1132113031
2003231001
2003233030
1100133030
1122112101
1122122113
1122112033
0122202030
1100122333
2203201330
2203232321
2212201321
1121132203
1122232232
1132233230
1112103030
1131133232
1001133133
1132233122
1102202121
1112003121
1112201022
0122202322
1103103021
1101003231
2001002201
1131102201
1131103033
1003002101
2113102321
2110131322
1122201133
2122201101
0120003101
2112133120
1102333232
0122333231
2122233131
3022133101
2112333230
0122003130
1103033230
2101133230
1103201130
2002201131
2112201120
0133231120
1113232030
1112132230
1112133022
3122233022
2102233021
0102133020
2002003001
3022232132
3002232121
3122201122
3112101322
1113101332
1103231333
1002231003
3103232330
3100130332
3102232322
3112230332
3003230333
1103231122
2100131121
1113132121
1110121131
1133232131
2200131331
2200121130
2213121121
3110121030
3000122031
1100122001
3113131120
1212331120
1301331130
1301130030
1203120030
1233230330
1232231020
1201101020
0233230021
3301132120
3303121120
3102102120
3302001120
0301002020
0101003120
0131033230
0231133120
0121103121
0121102230
0121112332
3121112122
3021132202
1230333122
3003101121
3000131022
3103230022
2003133022
2101112022
2131112333
3231112322
2131112001
2101103031
3101112331
3301102330
3301101021
3301002322
3303032020
3203033011
3113033020
3113002011
0112333021
2213032120
3301130333
3001003131
3001333232
3121133132
3001132231
3033132230
3001102122
3001102001
3033103021
3032233031
3033231131
3033132122
3133232021
3022103032
3121103001
3021133003
3022201033
3021101000
1121101100
3121333000
0120033003
0120001000
0130332000
2001001000
3031003033
0121003032
2122003002
1122002103
2121002000
3002003022
3131103022
3101133121
3003033121
2133133121
2032103131
2202101121
3133133030
3003003030
3301033030
3302333021
3201003021
3233003020
0203001020
3202033120
3230003122
3232201322
0132201021
0102201330
0202231321
1232132321
2202102322
1302330031
1203030021
3002333033
1212030030
1301331022
1201333030
1231033021
1230002121
1230003030
2033102001
2031122203
3022122233
3121102033
3022002003
3022332100
3022121100
3122102131
3132232130
3233231030
2232201130
3232231121
1232001120
2232003121
2133003022
2233033130
2032001103
2201003130
1003031103
1132031113
1002131112
2001031113
1001101103
2031102133
3001101033
2133101131
2132102122
2003001132
2103101022
2002101002
1101102002
1102003032
1112333033
3033101032
2100121032
0122132122
1133001133
1113002130
1113001122
1102101132
1102133131
1102231101
1132332100
1112333101
1132033201
2033033101
2131003101
3133002121
0113001321
3203002321
3303001330
3313022330
2213001331
2232202331
0233101321
3103101331
3212001021
3230003001
0113131330
0100121331
0103131322
3112231030
2213131030
3002231032
3312131330
1202131330
3202101030
2202232030
2212230031
2212033021
3212333030
2202230333
2202231022
2233131122
2031133102
0202131120
0132101130
2033232032
2233231332
2133102332
3003002332
2003132333
2103132130
2033002033
3033033032
3033230002
1133230003
2033130000
1033122000
1133132033
1132232002
2132201032
1113032333
2213030333
2132232333
0133231331
0122231333
0122101032
2122101003
2122132133
3122333133
1122132000
1112101001
3122232001
3112132021
3122332112
3102333122
2002033132
2002132101
2132133001
1002122103
2002322100
1131122100
1133121112
1103121133
2002131133
1103122231
1132122202
2101122201
3103122121
2003032231
2003121003
3003121132
3033122101
3032121112
2203002030
2103033031
1133033002
1113032001
1103030000
1103001002
1101131000
2001132003
1112001033
2103001333
0122002333
0133001332
1233001330
3212002330
1201002330
3233102330
3231102121
0131101122
3031101102
3001331100
3001332112
3001130000
3232133021
1231002322
0103002330
3001033002
3003001001
3003030003
2003032002
1103022003
1102021100
1133022233
2113022230
1112022201
3122122201
2133022201
1103032132
1101032233
1101022113
2002022112
1112322112
3002022201
2002022233
3001022000
3121122000
3121022203
3130022100
3001032133
3032002132
3132003031
0122002001
3101002333
2101333133
2101332000
1112331000
1112120000
2201033122
3201001122
0122230002
0121130000
0102333130
0103032120
0131033122
0102001121
3112001130
2112002031
3132002230
0130002231
3201032230
2231102230
2132132231
2231033231
2132033033
0230033131
0131133031
3130002003
3132230033
3032132033
3002122002
3102122230
3212121130
1212011130
3302122021
0133122130
0231002130
0232033030
0232332230
2113032022
1113130002
2110120001
2113122031
2112130033
2113121333
2212131332
2213030001
2203130032
2233132031
2102132032
0302332030
2231133032
1231132030
1231131121
3113130031
3113121022
3303021022
3113031332
2203032332
3203031130
3033031102
0131122231
0231102331
0301001331
0301031121
0201101322
1201130022
1201030333
0301331333
0131101333
0121001133
0121122133
3101322233
3102131333
2201101333
2202001032
3133122333
3233130333
0103120333
0202130332
1233120332
1231131332
1201332332
3301332032
3202132331
3201122333
3003022033
3032022103
1112022133
3112122332
0132132332
0102332333
0132333032
0201333022
0232333121
2102333002
0121332233
0121132101
0121031112
0121331100
0132002022
0113022322
0212032321
0233032322
0312322322
0301122322
1232332022
3202032022
1202022322
2203022122
1201322122
0201122121
0231132022
2212122022
0230333002
2231333003
0101333001
0301330002
0122332003
3112330003
3131333102
3131032232
3233022230
3133022132
3112022122
0212022120
0202122030
0112121121
0113021130
2113011133
0213021021
0233122021
0102122022
0122322202
2132332202
2132322113
0122121102
2112121132
2212031122
2112011112
1112031102
2103031101
0103021122
2102331112
0132321112
3212332121
3312322130
3312321122
0232121122
0112322230
3102332231
2202333131
2112332132
0112331131
2202322232
2201332201
2201033001
3231322202
3230032201
3230031112
0130032102
2231022112
2131032103
3121131103
2131121113
2231331113
2201322103
2201032033
2231101132
2101001102
3101032101
0101002031
0133032031
0203031331
1233022331
1232022130
3233001031
3132001101
2132131102
2230002133
2231332233
3230333133
0230331103
1231332131
0101332132
3101122132
2201132131
0101131131
3101021112
3301022131
3232032131
2232122132
3232001333
0231032333
2212022333
1232322333
3212331333
3133031033
2232031133
3201331133
3231022133
3131132002
2133122002
0133121032
1233021022
3132121133
2212321133
0232121333
3203021333
2233121033
1302021331
3302022332
3312020333
3212022031
0312021030
0212021332
0102022131
0132122001
2232002001
3231002032
0230001132
0132031132
1230032032
0233021131
3233022001
3133131001
3203121031
3102121101
3102322102
3112322033
3301321102
2201121102
2202022101
2212121001
2201101001
0131101001
2231001003
3312120031
0112120032
0103030032
3113020033
2213021032
2112022002
3113021001
0113010002
2233031002
0132022033
0230022003
0233020033
0212320033
1232330033
0232131031
2232231001
3201131032
0301121031
3301021033
0303020031
3302030032
3301120002
0103120001
0201130001
3102130002
3133120003
3202120033
0101130033
1231120033
0112030001
3312331031
3312320002
3203020002
2212332001
0231032001
0232322101
1230031101
0231121101
1202020032
1301020001
1201031031
3301031001
3101121003
0101031002
0201022032
1231021132
1201321033
0101322003
0112321002
0202331032
0102321133
0201331101
1231331002
1202321131
1232311133
0212311132
3202311112
3202021132
3302311133
3233011133
3212321101
3232331102
0112011101
3103011102
3112311103
0103011033
3212011033
2212311000
2212020003
2102031003
2203010000
2202011103
2133021000
0131021103
0201011133
0132311100
2232321100
3132322000
3202321003
3232121002
0232011102
1201011002
0203011001
1232021001
1233010002
1230011000
3102011000
3312011001
0302011131
0302321001
0302010002
3032031000
0201020003
0132020000
0232030002
2232130003
3231030000
2231121000
