--- Global Parameters ---
Code Length:			12
Min Codebook Edit Distance:	4

Max Run:			0
Min GC Content:			0
Max GC Content:			0

--- Generation Configuration ---
Generation Method:		Linear Code
Min Candidate Hamming Distance:	5

--- Results Summary ---
Number of Candidates:		1024
Number of Ones in Matrix:	606
Number of Code Words:		796

--- Performance Metrics ---
Number of Threads:		8
Candidate Generation Time:	0.00	seconds
Fill Adjacency List Time:	0.03	seconds
Process Matrix Time:		0.01	seconds
Overall Execution Time:		0.06	seconds
=========================================== 
031033033023
031232210003
232033233300
002320332333
023330002223
230220220120
023131221203
230021003100
002300210031
021322232023
222123211320
021123011003
222322032300
002223220323
302130213020
131031012230
220131021120
030002113123
233203130220
133023222030
220330202100
002203302021
022301122323
231211300020
121320213230
332313001221
133100212322
020313312123
223112331220
123332023030
221100101020
111113310230
212310312320
011310112003
212111131300
002121111313
310223133021
312201130322
312133032211
010120211123
213321232220
003212300223
321230022300
210302122120
102103012202
003013123203
301312320300
210103301100
002101033011
211333002020
001200130023
120013002300
202001113320
001001313003
100131300300
202200330300
002022003303
103210321030
203030033220
320030112323
311023003002
330311120220
332303310020
320000321220
030101001133
322012111020
310233222220
113032201123
210332311023
221130332123
312221012020
300122023220
022202030333
230112322013
231103320211
231322021133
020210200133
221003013030
012031133333
201022203020
131132100220
133120330020
121223301220
010023303133
221232003113
322300131211
123231131020
111010202220
011300203202
101301003220
103313233020
300230003011
100300310223
313210132120
003202011022
320201102200
003003232002
300323200200
211200323133
113121002332
000332102133
033210213300
002233131122
223313112200
001210221222
121022122200
001011002202
101100220200
201121311030
000221301322
022130132200
303310201301
031331302013
013123023121
013322200101
322213332000
003222133320
123133200010
310032001200
003100320012
111312133210
330110303200
003301103032
032211100303
302331030000
003023310300
000030233103
213120011200
002131200112
113300303010
310022310001
031202023100
000312020231
211132221000
002111322210
101003332210
203231210200
002032312102
103011102010
330100012001
233002313200
002330023132
030203330103
313122030013
003232222121
323222212100
210020331212
012112103021
101120302102
233101201210
030300222113
003033001101
303300110100
231113031010
022003213313
223210000210
020011023113
012210232011
012011011031
311003121300
003110031213
013221312111
311202302320
020031101211
102322313120
021000021311
323023031120
100330123320
022222112031
122031001003
021020103013
122200011120
132111210120
130103020320
032133313031
331121223300
003311212233
033303010111
130221233012
113320221312
332021103312
331320000320
001102201013
110220101300
202303222310
230122111110
023032333213
120212221320
100012330012
001230303120
123030312000
301113103320
003130113111
313011311100
200212100100
002002121001
022023331011
321031201320
030320300211
033323132213
001021231301
102123130100
030121123231
333133013100
003331330131
031311220311
333332230120
011203311212
212012023310
011213000013
311100033310
110021322320
013201230213
032332130011
021103133301
031212332301
030310133312
131333323200
001313333232
010202002211
200100120331
102221201130
130010223131
201223020000
002012230200
000020122302
133321113000
001333211130
021221320033
120331211032
123211013322
123302210133
023213032131
323120123130
021302310321
331223112330
033001321121
321132313330
311301210330
001220012321
122001232100
200023110023
002310101230
231010123000
232331102330
130000132330
130201311310
301302031101
113203211000
001132032110
023223201032
202230103203
122303103130
001303022033
130302203300
033102233131
110122230330
111211021200
001112110212
200013323120
033200102101
110323013310
112331223110
100032212310
001323100331
132310033100
001122323311
112232331100
033021203223
332210113231
221013302231
320113122031
020333230221
032030201021
332200202030
030022031221
320103233230
203201023303
121233010021
232311020032
032231022001
030223212201
022120223001
020132013201
310131113210
000010311201
001031120100
103112010000
331213321233
331203030032
331233203131
331310233223
331300122022
331330311121
331012102213
331002213012
331032020111
331111010203
331101301002
331131132101
330222201333
330232110132
330202323031
330321313323
330331002122
330301231021
330023022313
330033333112
330003100011
330120130303
330130221102
333201111033
333211200232
333221033331
333302003023
333312312222
333322121321
333000332013
333010023212
333020210311
333103220003
333113131202
333123302301
332230031133
332220320332
332333123123
332323232322
332031212113
332011330211
332132300103
332122011302
332112222201
321102120233
321112231032
321122002131
321001032223
321011323022
321021110121
321303303213
321313012012
321323221111
321200211203
321210100002
321220333101
320133000333
320123311132
320020203122
320010030021
320332223313
320322132112
320312301011
320231331303
320221020102
320211213001
323110310033
323100001232
323130232331
323013202023
323003113222
323033320321
323311133013
323301222212
323331011311
323212021003
323202330202
323232103301
322121230133
322131121332
322022322123
322032033322
322002200221
322330302312
322223101103
322233210302
322203023201
311331023233
311321332032
311311101131
311232131223
311222220022
311212013121
311130200213
311120111012
311110322111
311033312203
311013230101
310300103333
310310212132
310320021031
310213300122
310101320313
310111031112
310121202011
310002232303
310012123102
313323213033
313333102232
313303331331
313230010222
313200223321
313132321212
313102112311
313021122003
313031233202
313001000301
312312333133
312302022332
312332211231
312211221123
312113110113
312103201312
312010002103
312000313302
312030120201
301020222233
301030133032
301000300131
301123330223
301133021022
301103212121
301221001213
301231310012
301201123111
301322113203
301332202002
300011302333
300001013132
300112210323
300102101122
300132332021
300210121313
300313033303
300303322102
300333111001
303032012033
303022303232
303012130331
303131100023
303121211222
303111022321
303233231013
303223120212
303213313311
303330323003
303320032202
302003132133
302013223332
302023010231
302100020123
302110331322
302120102221
302202311113
302212000312
302222233211
302301203103
302311112302
302321321201
232301331233
232321213131
232202223223
232212132022
232222301121
232100112213
232120030111
232003000203
232013311002
232023122101
233330211333
233320100132
233310333031
233233303323
233223012122
233213221021
233131032313
233121323112
233111110011
233032120303
233022231102
230313101033
230303210232
230333023331
230210013023
230200302222
230230131321
230132200311
230001121202
230031312301
231332330332
231302103231
231221133123
231231222322
231201011221
231133113312
231020310103
231030001302
231000232201
222010130233
222000221032
222030012131
222113022223
222103333022
222133100121
222211313213
222201002012
222231231111
222312201203
222302110002
222332323101
223021010333
223031301132
223001132031
223122102323
223132213122
223102020021
223220233313
223230122112
223200311011
223323321303
223333030102
223303203001
220002300033
220012011232
220022222331
220101212023
220111103222
220121330321
220203123013
220213232212
220223001311
220310320202
220320113301
221033220133
221023131332
221120023322
221110210221
221222312312
221212121211
221331111103
221321200302
221311033201
212223033233
212233322032
212203111131
212320121223
212330230022
212300003121
212022210213
212032101012
212002332111
212121302203
212131013002
212101220101
213212113333
213202202132
213232031031
213311001323
213301310122
213331123021
213013330313
213003021112
213033212011
213110222303
213100133102
213130300001
210231203033
210221112232
210211321331
210322000222
210312233321
210030020013
210010102311
210133132003
210123223202
210113010301
211220201231
211313120322
211323313221
211001100113
211011211312
211021022211
211102012103
211112303302
211122130201
202132232233
202122123032
202112310131
202031320223
202021031022
202011202121
202333011213
202323300012
202313133111
202220212002
202210021101
203103312333
203113003132
203123230031
203000200323
203010111122
203020322021
203302131313
203312220112
203322013011
203211332102
203221101001
200130313232
000000000000
103102301201
103132132302
103122223103
103001213211
103031020312
103021331113
103303122221
103333311322
103323000123
103200030231
103230203332
103220112133
102133221301
102113303003
102030333311
102000100212
102010211013
102332002321
102302231222
102312120023
102231110331
102201323232
102211032033
101110131001
101130013303
101013023011
101023210112
101033101313
101311312021
101321121122
101331230323
101212200031
101222033132
101232322333
100121011101
100111222002
100101133203
100022103111
100002021213
100320232121
100223320131
100213113032
100203202233
113213100201
113223333302
113233022103
113310012211
113330130113
113012323221
113022110322
113111231231
113131313133
112222020301
112212213202
112202102003
112321132311
112311301212
112301010013
112023203321
112013030222
112003321023
112120311331
112110122232
112100233033
111201330001
111231103102
111221212303
111302222011
111332011112
111322300313
111000113021
111030320122
111020031323
111103001031
111133232132
111123123333
110230210101
110210332203
110333302111
110303131012
110313220213
110031033121
110001200022
110011111223
110132121131
110102312032
110112003233
123020003201
123010230302
123000121103
123123111211
123113322312
123103033113
123221220221
123201302123
123322332231
122011123301
122021310202
122112031311
122122202212
122132113013
122210300321
122220133222
122230222023
122313212331
122323021232
122333330033
121032233001
121002000102
121012311303
121131321011
121101112112
121111203313
121203223122
121213132323
121300331132
121310020333
120003313101
120023231203
120100201111
120130032012
120120323213
120202130121
120232303022
120222012223
120321100233
133331202201
133301031302
133311320103
133232310211
133212232113
133110103123
133033133231
133003300332
133013011133
132300322301
132330111202
132320200003
132203230311
132233003212
132223312013
132101101321
132131332222
132121023023
132002013331
132032220232
132022131033
131323032001
131313201102
131303110303
131220120011
131210313112
131200002313
131122211021
131112022122
131102333323
131021303031
131011130132
131001221333
130312112101
130322321002
130332030203
130211000111
130231122213
130113331121
130123102022
130133213223
130020010032
130030301233
201233331201
201203102302
201213213103
201330223211
201300010312
201310301113
201032112221
201002321322
201012030123
201131000231
201101233332
201111122133
200202211301
200232022202
200222333003
200301303311
200331130212
200321221013
200003032321
200033201222
