--- Global Parameters ---
Code Length:			11
Min Codebook Edit Distance:	5

Max Run:			4
Min GC Content:			0
Max GC Content:			0

Using Generation Method: LinearCode (minHD=4)
Bias vector: [2, 3, 0, 1, 2, 2, 0, 2, 2, 0, 2]
Row permutation: [1, 5, 3, 4, 0, 2]
Column permutation: [1, 10, 6, 2, 0, 7, 5, 9, 8, 3, 4]

--- Results Summary ---
Number of Candidates:		4008
Number of Ones in Matrix:	278192
Number of Code Words:		299

--- Performance Metrics ---
Number of Threads:		32
Candidate Generation Time:	0.01	seconds
Fill Adjacency List Time:	2.38	seconds
Process Matrix Time:		0.11	seconds
Overall Execution Time:		2.50	seconds
=========================================== 
00002222112
20002022220
00112222003
12221220000
10332322000
33222002000
33330000201
11000023000
33200033300
22300003100
02330003331
02220003220
00022000021
30222200012
10022100200
30002122001
23100200003
20100002011
23330222211
03300222020
23220222300
13010222230
20320002233
30222122223
33312220022
33010022102
00310002002
23310000322
10010020222
30132022212
22233222002
02003000122
22003200210
12213300022
12131002200
22211002221
21221000330
02233022330
22220330200
20320320002
30003201000
22220203112
20333301112
32333300302
02323300010
22333011000
22323222113
21201222203
20030220033
03320000113
21031200011
32003300031
20022333001
33023030002
00230202010
13200300320
32110303000
20112300100
31131000120
01211000101
01131300033
21333002131
02213200203
22232101003
00223223100
02201031000
02122201300
13010100001
32220230021
11100001121
22112201131
13200022111
22000012213
21022221101
32213222121
12301020012
12232201110
11013002110
12021002311
12000030131
12201002133
01100223131
10100020333
21102021113
31230010003
02022223221
22022301322
00203001033
00233332222
12202323222
13222202332
32232001222
13312020310
10232300121
20023201123
11302221120
32330021013
30203023311
03302102101
30231221102
12020212002
21020101020
22220121323
12110103332
32200121200
31021322200
11331022103
11021200303
30233310100
10203032100
03010322011
00123301101
33223321001
00013332000
00313210001
03013003300
20103323300
21302330110
31012330300
11202203001
12332223031
32301220320
30032211210
20030031110
00031021131
00121021020
11223020302
31201322022
22102032022
21010023312
31120023320
00212233310
10222133032
00222311022
30222011131
31332221311
01220010311
11122103133
21220323331
02322232132
23230333022
32322001333
31122230113
33201223013
30023023133
33300122133
32202332033
22212323130
21232230303
11300032313
11020332221
02102023233
12223033233
11232321333
01223120123
10300331330
22003333102
02003322313
11201122310
01000332302
00023210332
03033221233
10001321213
00320120330
00332033302
30322033010
10032333313
03203330333
01332012110
10302011211
03322213320
02123122301
03103003211
33323303120
21330323220
13332202223
22233033121
22113333013
22130230231
20013323211
23303021232
23332102330
23132320021
11103320230
11112230322
20121221312
21321233332
21111322232
21132103221
00133210223
31332030232
33213203333
13313303311
01330332031
02013233031
21123013333
13332331131
23002031311
22001120331
20231212031
03331232230
33221132232
23321332303
02330130023
13300133322
13021232020
22332123122
10313223132
01331122322
01131233321
02103233120
13103221201
13223012021
23133212103
21203313201
21203102322
11302312232
32030312131
03333112311
00331312013
13033321012
33113321332
32131202132
01133020112
01133113200
01323031310
11232130210
01102103010
23003103233
00001312320
02021031222
13231032301
02131102021
12313133020
11131333100
00101203113
01003013013
20001230223
20102211222
20012211333
10113001223
13113012312
21100301032
32002110322
22211213302
22111120220
30111203201
23032113023
22132110310
02021102130
20320131121
30010102321
03221110110
23101123002
30311112202
31212112011
30311230033
30031130101
20001112012
30300131002
12213111101
33323112003
02112132111
02230112102
31300110210
12110312211
01110010022
11110110203
13201110033
33121010233
10311103013
23111310111
30311021110
32211031312
23010011031
33002131130
13012031003
03312331012
22211131133
32021331331
13102313323
01211133213
31032112233
20210313103
10121012113
02301013121
00210113231
31201211330
30110331323
21101111321
01011311102
13311110122
31123113112
31321011322
10130313122
11203331123
12123111232
32313011123
32323133211
