--- Global Parameters ---
Code Length:			11
Min Codebook Edit Distance:	4

Max Run:			3
Min GC Content:			0.4
Max GC Content:			0.6

Using Generation Method: LinearCode (minHD=3)
Bias vector: [0, 0, 0, 0, 3, 3, 3, 0, 0, 3, 3]
Row permutation: [1, 4, 0, 3, 5, 2, 6, 7]
Column permutation: [2, 7, 3, 10, 4, 0, 8, 6, 1, 9, 5]

--- Results Summary ---
Number of Candidates:		59240
Number of Ones in Matrix:	8457634
Number of Code Words:		1122

--- Performance Metrics ---
Number of Threads:		32
Candidate Generation Time:	0.05	seconds
Fill Adjacency List Time:	9.25	seconds
Process Matrix Time:		6.62	seconds
Overall Execution Time:		15.93	seconds
=========================================== 
22231110003
22233011100
20222100033
12220200033
10122200333
00222000111
20022200022
01022100032
10121100030
31322200332
00221001331
22120100333
21011000331
23211000133
13221100333
11201110033
10212000233
13110200332
11120020033
02211300032
22012003332
12312002333
11131200331
11311300031
13111300233
11021010333
22210300233
22111300023
22001000223
20021002332
00111002032
10102000311
12022300331
22321300332
23222000312
01113100133
21220320333
01113010331
32223220333
10222331333
11223330332
11320002332
13322232333
01321202033
00223222033
22023232333
11130111333
21100011133
32210012333
32221003031
13122103033
23123110033
02211013033
02011301233
13011131333
01122030233
00222023233
00211232333
02121303331
22011303031
12132203332
11231103332
11011003032
01131100313
20023022233
10113000132
10113110330
11010013331
11002220331
11132230133
11131003023
02322021333
12233211333
11311103323
03322111033
33022211333
22200113332
23022120333
00022111330
22232103032
02220311330
31311321333
10123323332
30123122333
31202223332
12010130332
13121203330
20112030032
00311011133
01213031133
11310032133
11102032331
12122303323
22202031331
02221133303
23221103030
01311023331
03111023133
01312001233
01122233303
02022133233
31113331233
31221013330
03312220133
33211001032
11023331133
11001132332
13023220332
22302223331
00312213332
03012311133
10310121333
13311012033
23311011330
10011012330
21232003313
00022233131
01022213033
01101011332
21103213332
22130211330
01131131331
21101233233
20011333232
10213332331
21113133313
11313131033
10002113323
10023131332
10311332233
13313321133
11133313132
11202013133
03222332233
02210333231
22133132133
13121330032
01011332032
13311133031
13331113132
03111313032
12313313331
12200133313
22323320233
21332322233
12001122033
10011330131
22323131330
12233133132
10120031331
11103233131
22133233232
11233123233
11331033311
02231033312
20202233313
22322330130
20312301332
00222301032
10023201233
02023201331
12001011331
10211013313
22203303322
03213120332
12300122332
12332323313
22213330302
33321231133
12212300313
30211302332
32231103313
22231133230
22233302232
32223330131
32012213330
00012211303
02102023313
33211323233
32310223233
32113223303
33111011303
33110312332
13002111233
10031113231
23220130233
23331133113
03111220330
33113220032
01011201330
22032102233
20212003130
22312331313
20010202133
32120310331
33113031131
33122032133
30220023131
20220022303
22103220133
30210331131
31331133322
33322213031
03220111313
23321033231
30101113131
31233133113
01101113103
12231020331
23110203031
23111303130
32311103302
12312303032
10113133321
33222331130
20222332030
02223200130
13211333113
02322201030
13102201331
13312030131
13012032233
10020032232
22330103312
20311103311
23313023131
22113303311
32013301131
21032311331
21023033131
20233311131
21330101131
20010323131
23332022313
31102022233
31110023230
33110202130
31120013031
31122033312
22031312332
22331003213
22301201233
20230011323
20120310233
02133113231
20013031132
12132000131
20032221031
01332123323
01232331323
13232132133
11013322323
20131003322
10011203322
31022202303
20132033213
20222303321
02110030232
12002033322
11023233302
11230333223
12000331311
01102311031
33133223213
32023111033
32333221323
23131001232
32123131303
21233013232
31213113323
21023213323
02132132332
00202122332
00132322232
20002322132
22300322323
21000102232
12103011233
12030322232
21230232133
31130122331
21031113130
22230010231
21133310231
22013331321
22020103321
21020231330
21100223130
21120133023
21331120032
20131130131
01310222313
21030022231
03113212313
11323321313
11330322131
10231131130
22323332311
21012233003
32113130031
23111332003
21113330001
21123013310
20312220003
22110020003
22213031003
20210220323
20311202323
32021123323
23013131031
23120233230
23211133320
22013323203
12233322031
11030213313
23312123030
23313322230
11213001323
00112032230
02311002230
21203000311
20123320031
21033203312
01130023312
02203203311
01232120331
02321032031
21313013223
23022323312
21003233113
32102122330
20131333110
23132330113
21331300113
23302133223
23301331311
22312103023
22303013113
13201233231
02333222131
02232223302
02001123132
03201121331
10231303311
02021210303
21321003301
02132103310
23130223310
23130333221
22302333022
22310002302
10020113103
10203220313
20323223223
20033231223
13120131323
10101233023
01131332023
10100032223
01110302223
13030223223
02020302231
31113233002
31112310003
31131132032
31032212332
31230022313
11120003200
00131013113
22330001123
30121203311
23002213231
03132213131
10013321230
00201332322
00111332311
01223103230
00111303222
20121030302
32112300302
12202200302
22102320032
22133202301
23212323003
02322002322
01223022323
20233123023
12021031323
12133131230
10033012223
21013302213
31312332213
20132002231
01133202231
31222330311
01212033203
02212330103
22200333120
12200232230
23223332123
21011023320
23221331300
22202301230
00020131231
03102101313
01233310113
02123331312
02022232023
22012333100
00121223003
03123123302
03221223300
00122213310
20012131300
10312113310
30111331103
00031311311
00322302131
12020332130
02213123003
12223332000
13203131131
00213223123
00323221130
00222322310
22123032300
22232022030
02012323113
01201323131
01213301301
10023213311
00303213111
32032331113
02332031213
12303201131
02311311013
22010322310
01120002301
33231332312
32223133223
23210002203
23010212323
23200031223
02111032013
21131110300
01012302230
10100333211
33123233111
20102130023
02223310001
00213011031
22003200021
22203021032
22000332012
23013320132
10003202321
00103302221
20123002321
00023122311
20033302121
20021303211
01011033111
01002120313
01101200320
11022003213
31012023223
01003321113
01123302113
03112323321
03312110301
01211003001
22331231301
31121333011
32233213131
02322123013
22003101231
20210313312
00301331112
10332110131
30202313123
33223113103
32002313321
01012333212
01021333122
01022033221
00112003121
20220030221
32203302223
00113312123
00111230213
02011133012
32112030203
31210230031
33220311031
30211333201
00201100321
02000203221
20022020321
00231020322
00201002223
02001230022
01220023103
10022133002
11021033100
10213230322
31120331321
01000131321
30102332321
30031103111
33113110311
21300303111
12333003111
02330011312
02223003222
02033031221
20300013221
10301023321
00331203211
33133321311
03133102311
30001220311
10222030123
01313321031
02323220311
22332303110
23133230321
23120331001
32232330021
30002331222
00010113221
00021110223
00101102310
00022202113
03002203111
20001022013
30022213223
00112321013
02103320011
00120120301
32200100311
00022001201
00102022023
00012102302
00032231022
02332220023
02303223021
21103303021
20322233120
33022232322
01100022131
31100320311
01032220320
12203030213
12322003001
22201323001
02013212030
22203002201
20213300101
21231303101
11031023131
10311320311
13300322311
30301123312
31311223013
12113030002
13112031003
31021301130
20331010223
31102103013
01022230200
00212323200
20311233210
10120330121
10223310321
00123031101
00120331202
10220123320
01121031320
30021231321
00033210121
11303301123
10122302013
11123303012
11100301013
13132333210
00021313202
21001320310
13102303011
20123201300
31120132300
01110032100
01220232000
31323323111
11032300223
11032030011
32003131312
32002220132
12323103322
10120232310
11321330321
22000201310
01323332221
12232303201
22032232001
12102233200
12103310023
11223133020
20203231201
11300323021
01300232011
33102322131
33002011311
10302331011
03302332111
30302223011
33302323221
31323132230
32023312230
20022310113
22003310110
20331021310
13110302103
31211301003
22002103101
22201202003
21023311003
20021100103
20221310310
22022002000
20210102300
01023220103
11313033202
20201301320
21123300200
10003001211
12011001300
22311301000
21331331020
22001322200
20132230010
30301332211
03222002001
03001323222
10212330110
21312032320
30210132223
20211230020
30123321203
30110122003
30312111003
12132301103
22013001113
20101112030
21133223200
11233230010
11333233220
12312332010
12120300100
31313220230
31123203203
22232300102
01220330102
23322032011
22103110301
11210313013
12213310010
12311200310
12320203203
02132022203
21102313100
22110310320
31331313021
31313313201
31133100011
20012100011
32311300101
20013110203
10003111013
22030113201
23320110103
21303113101
32032111301
31301312131
22300110013
30011311322
13330233112
30101321132
03003112113
02002011101
12302000113
01321001103
32203032011
21232032002
12020131000
30122312000
12301221030
31210332200
13220322300
31132023010
32100023011
12131022300
21031200020
23013123002
32010202031
30213121030
30112023100
32130233220
30220220001
00112200100
10210003101
32101100010
30222113010
23102111300
21310012003
30021212003
00011120200
00032122201
10321310001
11312313000
02101120302
10131232200
13321323200
02321130200
02331323210
12331203020
12103003022
12012203010
10130311023
10113313022
03100133112
01011010322
33101331322
10320233222
00100213021
02021331210
13010031101
23021313110
13223132310
03133232210
03223133211
32320021031
30133132213
12003110232
13001133220
12023130220
32211303220
12000300222
02312130021
02223302210
32102231002
11133110002
11103120203
32133322202
32131113200
32123100230
32232031320
32102003110
23322310032
32320123311
12320012300
00210021100
30021113120
30202110231
10202112300
32201232302
03231202131
02231021103
12133201002
32233320322
32033113213
00323111213
12313301213
31213032321
32120003221
30230123213
31233102131
31232320013
30233130222
02133310210
13322330102
13223312013
32331100123
32232110100
12100112000
12320133120
10301313220
13113123020
01131320010
32231300110
31010223312
30200223220
33222120300
23203120310
02313120100
13023121300
13021130001
11010120300
02231311002
02212000220
02202201203
02113301220
22130012200
01313113210
20003311220
23031112200
00210311223
00203111020
33212322320
13033112320
03210110203
02200103012
02210321020
22200310202
10132210302
01032031110
20110311010
23030232220
02023320222
31210100130
03123201230
03121022310
03111012000
00130113012
01223001110
12230312100
13103232201
11003213201
11203302202
02321020002
32220202320
10220230012
22023023012
03221003112
00322101110
03211303121
01303202213
01303103112
01302302312
00031100212
01030101213
02032100120
02310301201
10021300112
02012030112
02133020022
02333201120
10222001010
12023200012
12330021013
33220213311
33001123011
01322023110
33322311200
32310231200
32132201130
10020011001
11203212000
01132101200
30202301110
10020231120
11031322103
01233122001
10130222103
12302023102
12330213101
30213203102
10220100113
30200130112
32200010113
32220001210
33223020132
33202230120
10132013101
10321302123
12300302120
01320122320
11133012100
01301112302
31020213002
20002121002
30021101002
03122110010
30101310110
33211210313
33201302113
32012100113
00131001120
13030130111
12310001110
10203012132
30022002102
23311200011
10123103120
13331212100
21110001320
23100010312
03332020111
30203201011
23203221100
03211021320
33210200101
30231102023
33212023021
33200233212
31211000213
32023013202
33023112302
23200211302
00312021002
30232221002
30320223102
30312233202
23031222032
33323220101
31032231101
13121301010
13130121130
30001121101
33010123101
33111200200
13112301320
03131101023
33221301223
30122210013
30102201023
23101211003
23310132002
23320220002
21301220001
33102121001
33122200021
33132001113
13031022201
13012020200
13022100203
13230002321
23032101013
01021011010
30110101230
13011010002
12001020202
11201000102
30112110020
21130021001
03101213201
20330211201
03301122010
01300121101
00133112101
03010312201
21300213020
22303202010
02120322010
03321232012
11020031012
32123021010
30213232120
20022321020
33201122032
33310121203
03233112202
13213031120
13313011301
10133011320
11030201320
12000210020
11011020023
10021022020
31001223020
30013221021
10220320210
00322032212
03322013202
30321221010
20010120110
21000322020
02002020210
03223220210
03221310220
13031103021
30002022110
11003320012
11332200201
13301213010
01013120021
21100302201
30010322212
10322002220
32011020220
13122030220
11323310220
11322030022
11302320202
30133202021
02310102113
30120002111
33030022111
03020121021
23232002023
23322101020
23320102130
13332002110
10103100210
11030010110
11330102010
13011002120
33320221230
13022021023
13331020012
03220312110
00210010211
13300012210
03213013212
30230311210
23023011032
33012202210
32021320213
02333100221
01330221132
32230101201
13223013021
03123010111
31330131012
32311013011
13320101011
31320110110
01101020201
21220010010
31200110101
03120020202
21010002110
33013101112
32321330122
33233001121
23233301012
32320332212
33210302221
03131302220
31023200211
30023102221
32323122020
31303123022
31212103020
31201320232
11300210323
21303200322
30223022022
31100112130
31023032212
30123302212
13023301221
31323120312
31220310123
33213311123
03113011223
31230013220
31200211200
33232212203
01323311012
31320121023
03332321123
03032221232
00013021212
10313210012
02302001012
32301011102
31101023102
01010012012
20101010132
21003210102
33102102232
33120102321
32310032221
23013010211
31010321123
03110311120
33120211320
23313110322
33103213012
01210300212
23110220020
23230120202
23303230212
10300112202
21033000222
31113300122
30310021211
03001022123
30303202112
01320032122
13303132123
13312300212
13330120220
31030012021
21300100021
33123120223
21023010120
00313211220
33122020322
32303121132
03330110212
33030210112
33321011012
03303121322
32330023122
01313231322
31033323122
13332010123
31312010012
33323102122
30330111223
33312113220
13301100322
20301101202
33321200222
00330021222
30100210322
23130130022
23320313122
33110013122
03100301222
33020101222
