--- Global Parameters ---
Code Length:			11
Min Codebook Edit Distance:	5

Max Run:			3
Min GC Content:			0.4
Max GC Content:			0.6

Using Generation Method: LinearCode (minHD=4)
Bias vector: [2, 0, 2, 1, 0, 1, 2, 0, 2, 1, 2]
Row permutation: [3, 4, 2, 1, 5, 0]
Column permutation: [8, 6, 0, 1, 7, 3, 9, 4, 2, 5, 10]

--- Results Summary ---
Number of Candidates:		2954
Number of Ones in Matrix:	166744
Number of Code Words:		137

--- Performance Metrics ---
Number of Threads:		32
Candidate Generation Time:	0.01	seconds
Fill Adjacency List Time:	2.18	seconds
Process Matrix Time:		0.07	seconds
Overall Execution Time:		2.28	seconds
=========================================== 
20311103001
20022230001
32211000332
20111200033
20222133033
11123200333
11131130003
01113130332
11010020011
33211300011
11202203003
13311200301
22331000101
22203001011
21110001002
33012230022
31102000321
22022010010
22202100303
10122001302
13222300103
01100111000
12100110031
12111013300
10221123000
23221220300
23022100023
31232220200
31110120301
21332223002
12020031101
10123100010
00201131102
30013211002
10311000113
02032100012
11033210021
02231030021
02212010301
00222301132
03222031110
13220102020
03200110122
03011100131
03111302110
00332221010
01223220023
12230330110
01202002220
01130020222
01332011103
02220003120
01011210310
01110233103
13330022102
32233121300
11001013110
23331300222
32303212103
23231102203
22131233303
22120330032
12213310230
22311323010
23131003210
22200232010
20220201320
23330011220
23232201032
22330221333
22230303232
33013011210
02111002233
11303220210
11330122033
13001233101
21233120331
13210033202
32123302210
21123023301
32113233032
20100113012
23220131302
32213332021
13133302221
13122331320
13201130133
21220031233
21010203023
22033113321
03021311233
21002133313
23223232133
12233223031
33222002232
32023100231
11203302311
32323131012
13130321130
32011023220
31101233320
13233013122
01131331220
01333110211
00121223230
00303211120
31332232131
31032203312
30313220221
13202023012
10132323201
20123323022
20032022332
33023200112
13301332112
20330321202
20132310123
10312113032
10022203323
12331033223
33131012323
03232223223
30312321133
00123021313
30110310212
30320202122
30212013322
23302132231
00300022121
23010303112
30131132011
20332013111
20001210321
20030220211
01002301212
01023123011
11323033131
