--- Global Parameters ---
Code Length:			11
Min Codebook Edit Distance:	5

Max Run:			0
Min GC Content:			0
Max GC Content:			0

Using Generation Method: LinearCode (minHD=4)
Bias vector: [3, 2, 1, 2, 3, 1, 3, 3, 2, 1, 1]
Row permutation: [5, 3, 0, 4, 2, 1]
Column permutation: [2, 0, 3, 6, 9, 4, 7, 10, 1, 5, 8]

--- Results Summary ---
Number of Candidates:		4096
Number of Ones in Matrix:	288432
Number of Code Words:		299

--- Performance Metrics ---
Number of Threads:		32
Candidate Generation Time:	0.01	seconds
Fill Adjacency List Time:	2.53	seconds
Process Matrix Time:		0.12	seconds
Overall Execution Time:		2.67	seconds
=========================================== 
10000111111
33333333303
10033333332
02233333311
21133333320
33133321111
00330001111
23311111333
00000222033
30000000322
20000333200
00123233333
33222330333
02001333233
00001313310
00003003131
01303331330
02230311333
21113331133
01003111133
00100112332
00021010333
23010003333
22201033332
01100000330
11203033323
02211123033
30213133330
22013133313
22112332331
32222222331
02332132333
20221113312
33303232332
12002022333
30011130133
33000331323
33111332313
22203323113
22003331301
23003223303
20103123233
13100313331
22300031230
10330332033
10022301233
23112220333
23200213133
20333233130
12033110331
20203303030
20111330230
11111102233
10230002332
31131212333
31111111310
31223221133
13321031133
12101133130
10003330013
00231200133
00210231313
30331013313
00310003302
10300331312
33323131311
33221111231
33101231131
11213231331
31023331031
11223330300
13123032330
01332203332
00323323231
30013023232
30020303301
00012031030
30032211132
30310022133
00331130232
03111211232
21322313033
32321333132
03333312132
02033321103
01133021033
22333010133
32330203323
33103322230
33202033310
33102010033
33330213031
33313030320
13300000313
03030211123
23030300310
21300103311
11120233311
13301332110
31310333011
12313033111
12333031302
03301103322
03013333002
00013002003
13333320220
31101313302
13131323023
01031300323
13331233121
33311123021
33211213320
03322222323
33322203112
03002203213
03220001323
33320310213
30233131123
23133110323
11333202013
11303303022
20332003023
20302301132
23232100033
23233133000
10023131320
33023112032
20031303112
00022333121
03102133112
03210100312
32001111122
00211103110
13311130102
30333100012
33021300103
33031102111
33200120011
03012300031
00311233211
02023123111
30103210311
23132123310
22303013212
22000012113
20220221111
23031130203
01311223103
32200130303
32202121312
21321132131
20033210213
20003311222
33113120222
33110000110
31311001212
33033011210
02301011320
03323110120
03222311102
00312110003
00130111013
32302211013
22301100113
21110110031
10101011303
10111112121
22031221321
02113111301
30001131001
13011212011
11102220113
20211211203
20102211030
10221331003
30211020031
00101023011
00112000101
00103231120
33122313010
21031211110
30321211301
33132111002
12330111030
11310320132
01001201312
32122002132
31323013122
01033010102
01203202111
21332111021
31121010321
11121101112
11131100020
31301102030
11020103010
02212101011
02131000213
01312201121
21122000011
10123100211
21223112011
12321320011
12232131110
12332201211
02020302013
22221031121
23300021122
03302220130
11022213231
23100131020
21200233010
32201300210
32212323300
22123101103
23013320121
22133002321
32112300023
21221001310
32100310100
23211022112
12230022211
02120032312
21033302211
32130313221
01110202322
31112031022
23223030222
22113203012
03211330201
11100231102
01330011203
12231011222
03032302222
03201132213
32003002223
33321022010
13310001221
33130002303
31000112320
21111123002
31202312003
31110321203
02112321212
11202301120
12030030003
11300321000
10030010120
20130203300
13102101200
32101221223
11123012213
31213222212
01002122100
11222002103
20002220101
01212131220
20101132222
03110222201
30132220003
11322332202
12031302200
12020133221
22223122220
32323322123
33230021020
30232000200
12133220030
01113220300
20022222312
21333223222
11221223001
32322213200
21022232000
12032123302
02102320320
12311221020
20023012201
21102002202
12123022022
00121021202
13221000002
12221112000
32211102202
22220201032
23310122300
20123322100
20331021001
02330320202
00220133202
02032210220
02222000020
22322120322
10002002210
13022132122
30320320022
30102223322
22002200022
30222103022
