--- Global Parameters ---
Code Length:			11
Min Codebook Edit Distance:	4

Max Run:			4
Min GC Content:			0.3
Max GC Content:			0.7

Using Generation Method: LinearCode (minHD=3)
Bias vector: [1, 2, 3, 3, 0, 0, 3, 2, 3, 1, 2]
Row permutation: [7, 6, 1, 5, 4, 0, 2, 3]
Column permutation: [2, 8, 7, 10, 9, 0, 3, 4, 6, 1, 5]

--- Results Summary ---
Number of Candidates:		50142
Number of Ones in Matrix:	6586350
Number of Code Words:		2282

--- Performance Metrics ---
Number of Threads:		32
Candidate Generation Time:	0.05	seconds
Fill Adjacency List Time:	7.06	seconds
Process Matrix Time:		5.01	seconds
Overall Execution Time:		12.13	seconds
=========================================== 
22233332221
22200001112
02203322211
22100002211
11000022221
22200032222
22133331122
22233301111
12200001221
12233002211
12133001112
11300021122
12200331122
12100332221
12233332112
22233002122
22230000210
02230011122
32200111102
21000011222
22100031121
22330001311
32230011211
22200331211
12200032111
22203333123
22223033311
22133032111
02130021111
02230022212
02300022011
22330032021
02220003332
22223330322
12233301222
22233323331
32203322122
32233222231
31333221111
01330002111
12100301111
11300322111
23003331111
12013333111
21100020111
11000321212
01000122122
21300012121
02000021312
22000223112
12000113122
22030031322
22003303212
31000111121
11000331101
11033311112
12003331012
11333312211
21333022221
21033021122
13333112222
23333211122
12303332311
13330331111
12333033122
11333001131
11100001100
11100013112
11230011113
11200010211
22300011103
32300011012
22330331012
12330001022
22300300122
13300111212
31300112222
23030002222
33330101222
23330011232
02300011321
02000012022
31200003222
22000021130
22010331110
22303332022
22030211120
22230213322
22230231102
22003111123
22203113321
22300123222
22300022233
22330212223
02203012112
22300101002
22200221310
12200111320
22230011300
22020101100
22230101201
10230012221
12230110022
32200133322
33200011120
33330111131
32230321112
32130322211
32000322012
32200010113
22200100103
22203030110
22220020133
22230202232
22130201131
22300202031
22230322101
32200122232
32000012311
22000102301
22000232002
22030222210
12030002321
23000211211
23300122211
22033123111
23333112111
22030111011
12000011031
12000102032
22333311100
22303112220
32200100012
22203223022
22203232132
22033321133
22203322033
22233112023
22003320231
22033110221
22203102231
22003122213
22033312203
22023002223
22203120011
22233310001
20230311121
20200112201
32000102210
12003222011
22200313031
22230123021
22303013231
22233013032
02223333002
22203210312
22033231032
22203201202
22220031023
22200133233
22220301320
22233200100
32233310110
12203300120
22203021000
22033022100
22220332010
12220002020
32220020022
32200320210
12200122010
32220003001
20220001101
30200221111
22100112310
02203031131
02000201110
02220020311
22210030321
12000322230
22010302220
22100103200
22221001200
22130030223
21200102322
22300321200
12300022100
22010320000
22100121020
21200321022
21230010023
22120001010
21200132110
12130003220
12010001120
22130012003
22100222013
22100200233
02100020213
12100112023
11200002203
12230132202
12200320032
11220001002
22130120322
22133320032
22001022023
22010001213
12230033213
12223000312
12233310332
21230111032
12200221023
12203210021
12300321133
22100211323
02100222231
02000322321
02200320123
12300312203
12320030211
22013030211
12200313302
02200100321
12023002110
12003122120
12230312000
12203311030
12203102102
22211000102
22110000312
22100310332
22001030031
12210300311
12220301013
12230213011
22130223311
12130113321
12110033311
02200133011
02220033100
32020022220
32220222000
20000202120
02000312113
02010023211
32100222102
02100112132
21003211132
22103231231
22223231333
22100233103
22002031201
22202033003
22212031100
23000201102
23200021203
12200212313
02220222333
12000232331
23200223221
02202002210
22201200023
22213001323
22130333210
22130131232
01200112213
22033100132
22133111320
22223202003
21220300003
22213032013
22231003303
22231032332
22223101030
22221302233
02223000203
32223330233
02233310223
32210002303
21233300232
02103312222
22133230133
12103330113
12222330000
22211110003
02210300200
21200220033
22023200201
22103220321
11230021321
22133221023
22221331103
22213230031
22132000033
12221001133
12221010023
22001011313
22133010331
20223000331
20200103311
20220013113
21230203111
32300321311
32233200011
22232203013
32233020213
20233021211
22022022313
22013232233
22233121313
12233211323
32223303103
22323320333
12233200233
23223310033
22310310033
22310020330
12333311233
12300101331
02221100033
02230101023
02220211003
32330100211
02003100211
02233103311
02203102013
02333012311
02100200011
00220300011
22110330011
02020301001
23020000321
02030103221
12303002012
22133213110
22213313200
02233112201
12233013301
12033011103
12003110013
12030211213
22323313003
12223132033
22133203203
12333322103
12233233103
02233323113
02333322012
02333020222
02233200322
10203321112
20233221132
22313022002
22133313302
22210131330
22121002103
21130021213
21233201223
21203031233
21200231123
21200330132
32220031132
31220300112
22123030012
22022300002
22132031002
22013201103
22100130130
22320131133
22302111333
22212332133
22013103333
22211303131
12213331313
32231333111
22221120330
32223220332
32203223133
12221113333
22202233320
32232000323
22120032320
22120133331
22211330201
22103133001
22221023020
22022010220
32223011020
32223110031
32220121033
32233323220
02233013210
02023013111
22301003100
32221001311
32100121131
32033011321
22013021301
02003111301
02203113103
02133111102
21130311110
12221032203
22020213023
32220130123
22023233131
32030103112
32010320111
32000231011
22302310213
22022310311
32230220103
12320201103
23203221113
03223331133
23230222123
32013311113
02133010113
02231300112
03230010111
23223001012
23323000113
23213000310
23330302112
21023300133
21133011012
21330023011
11030013311
21000113331
21300310311
20100013011
01003031112
12030301312
01223030111
21203233211
21330131211
21233102210
20230230011
22323023300
23203023131
22010230101
23020033011
22301322313
22331112303
22001123032
12300231032
11220033131
11200113101
01030011101
02100313012
02130322122
32233112132
32213111333
12130123113
11213000333
21203020323
12120001323
32110011313
12232001302
12300202302
02013001002
23200312002
23330312201
02303112002
21020031000
12100211010
22011020120
32211011103
02021001121
02221010132
02120111333
32002001122
32131000111
21130001332
23120011133
22311010113
33233101113
12331200113
21020002330
02110000130
22110231000
02133100012
32233103022
23100301012
33200311011
32231003212
12213100001
12231030300
32221230003
12210131003
12303301021
02303200121
02323320111
32323001031
32323111130
02333131120
12130311303
11000111303
12020020303
12020101233
22022121003
22302210001
22012110133
22212123300
00220010233
02222311233
12323313330
02023211133
02030112331
20203111330
30222111133
22022211300
23220133300
02222133330
02223312320
32103110133
22031221303
22313132103
21130332133
11100232113
12130210312
32203232023
32033231123
32330230112
32322301111
12333102301
32303012123
20100023223
12130102231
12130012330
12212031233
32123003233
12032300133
32113200113
31133331113
32333021312
11133111133
11103311311
12133133233
12310013333
13200311233
11300031231
13003001121
13220332113
11203312012
02033312021
11033012121
12033312130
12033022233
12323302220
12333232002
12130322033
12323023033
12211220033
22331222000
21333222102
20220212033
01200012001
21200123000
01330012202
21210130013
13010000113
12301030103
32321330113
32221331012
32202330121
23231331131
12333131031
22031320312
21203131021
21030100021
21223110000
30220010100
20210330100
32201013000
21003112101
31003002111
01003332121
11233131213
20233130113
20010010013
01233012133
11203022311
20301001111
10033100111
23033101101
23230121110
32230123130
32031001010
23201000130
23221030001
23313001211
23213300221
02103302131
12010100131
02001311000
20013001130
20110300133
21010330233
22110132033
22111300232
22011002300
32203113230
20011000311
20121000112
21103230112
21033230311
12103231102
32332033311
22312002132
23002300131
30323031113
32033132110
32123333130
32033101220
30010002110
32010221100
23220231130
23133021130
21103321210
11103011220
21103010310
11233201110
11103203111
12032003100
13320003311
21032002110
23320023103
21323011313
21310003233
11020031333
30202031103
32002031310
30020333111
32023332031
21320333031
31220103333
21020133113
21033313120
21330123203
20233312010
32303121001
32212031011
23201110031
22011310223
02010100020
12010331223
11200231210
11033023110
12202103310
11220300330
21113300330
21110110333
11100121233
11100310121
11020100110
11010002102
32010332103
22001233210
20120331003
21013003001
22111003201
21020302201
22132023010
21210301301
11133310013
21131300011
21133330201
21123031331
02112001311
12212301130
22320201230
22321101310
12310301210
12221313010
12011310110
12331301102
12211330132
32113300301
32010302331
11133033101
12133110210
11330102212
11120010313
12123201033
10110000331
12110231333
23123200333
23211200011
23323331013
32331020133
32211022233
10000200112
23102001101
22112303303
22113233332
20010031331
01100031223
32010023122
00010000122
20310002200
22331200220
21113002100
33210301100
21111000223
31110302113
03310301131
00320301110
23321311110
23310311000
23210103033
33030312111
23010322131
13100021331
22301021320
23300222320
12330221220
31230212110
31300102131
21130322220
22311320210
22321110200
21133132223
31203310131
12301311310
32201110310
02231210013
32020110101
22013113020
21021000020
21211003120
21110033102
23100331220
31100221120
21021011130
01203121110
10020311113
33100021113
23310030213
20320233013
02012330113
02002020133
20030110102
23013010100
23020020200
20212033111
20122031110
20020322110
20202031012
22022203312
21020203210
12100233230
02100233321
21023333203
21022313333
02022331211
21222330213
23223012203
23022011213
23032301233
20300201223
02002031023
10313301133
13313302111
13233011230
21323330100
10330201011
21130210101
21200213303
21301013333
11330213233
11311003111
12133023332
21300203312
22012033302
21100223330
21133123333
01123013333
22032113332
23001200310
23001210003
12021201313
11303201313
13320313133
02020333132
32020321213
32122321133
32002233332
11000233012
23020333120
32032030012
22112331230
20221333112
21031033112
20232030310
20210303230
12020202200
20222011230
20230201020
21130200212
21103023020
23220220020
23100220122
21103221002
01103001022
21130222032
11133321022
11133202213
11100202321
23331022113
23333221310
23332010013
23033222013
20333200112
21233223003
11213033003
11233030202
12103320200
11100222200
11330313021
21330220230
22131210030
32020210030
21232101303
02203210130
02303211031
21322003310
30231011110
22323230232
23313301320
02002301320
20320130020
32030130222
03200020222
12032030230
32130120233
20123300001
22322231020
32022213110
23323300022
20323030201
23133321001
31323330011
21232033022
32323032301
32131011001
31233012200
31330021201
32222322230
31230101230
30123300110
32111021130
32030222301
31233210222
32133212202
31230112021
23130320231
23100110221
11103002031
21121010031
12321000032
32323100020
13323001023
33020010123
11032000122
21103203222
12103202232
11030200223
12130223022
11203233122
11233232220
31033032222
31223032123
01033302212
23203313232
23233322302
32303222032
33220002032
31110002022
33201000021
32332101030
02323221100
33320020110
21022020132
13330110110
23331113330
32322103133
23220110323
23301100020
23331300202
23231100223
32310200023
12112302233
02120100223
13310300223
32133230022
20312000123
20002303113
00023300121
01020030021
00003220111
02102030122
02033202120
32022302212
30020003212
31100330222
11003100220
11003112232
32110333002
02102131133
12103213322
21332311031
11233221031
00133311131
23023312231
12331211003
13222001330
12322002300
32302302310
32222312002
21222323002
03222300113
13113300313
20202210013
32212210010
31220210013
20101100003
23110020003
32110220001
31310022000
32322200100
21323220001
21331130003
23133110313
23303113213
32301102000
32211101002
11300112000
23300132102
32320131022
31330311102
32320120132
22322130312
32302100332
31100321332
13100002312
03030022121
13100220211
11230220201
20002020001
10002000213
02021300213
32332202003
12322200322
10322001112
01033201102
13220303122
12023032322
13200201332
12322013210
12132233313
12320322332
02220233223
23323033223
02320322223
21322203033
13230121223
13332011123
23321111233
20230131323
23013313133
20023033102
32310233313
32301311132
32221313232
32331130032
32212301312
21021301312
10233023223
10223002303
02302302023
12130201202
13233220122
20322331122
20202333222
20002331020
13233021002
20320310222
20102000222
20322001221
32322031212
03213000132
13302000132
20323121103
20203213100
20103031202
20023131011
20003321322
20013300202
20023110333
20330120131
31021000131
30110031122
33110331133
32111311233
32113211003
32211312130
31233113211
11333113331
23331003231
23303120123
23313330311
13313000321
12321330331
02332132033
13133330222
13323303213
32113332232
23110333323
12111333231
31033131132
13303322232
33310021212
11320022323
11203323023
11103332332
11033203312
21013310321
20331033123
20133100120
02323100313
11133102322
12010230232
11003121102
01130333112
02313301332
31233201332
11133213303
11323310312
11110303132
01313303113
01320333213
02323133023
11313332033
31323002013
11231002313
13332200310
02332220110
12332321010
23322210132
02322200233
23223130231
31133301321
31103101103
11332003221
10133201121
10130331132
01320300123
11023030103
00210301313
00320033112
02320113131
02322110011
02320210102
33202331112
01310001310
31310033110
00200322132
11012301113
01122000133
01123020003
01120023132
12033231301
02211321133
10323300231
10023303132
00213003110
00313002011
12031302201
13003032211
23002032133
33022002113
23332031331
32010313221
11031130131
11023331231
11222331323
10223330301
12113031023
11231311033
12112331103
20111331113
20113313311
12111030202
12121301203
11231300123
23212310123
21122301023
21131023103
21112010103
11030222003
12102220003
21321200102
21322322103
01100322103
02222022032
33220201213
32202023201
33220332331
32122013131
32322332221
02211101331
02203232310
10003231110
02001231333
12122033232
13120032223
13310031323
21313033032
21332133132
21333212330
33323331102
31213330212
31222331101
31213300020
32213230120
12321132313
12331223130
02322233103
12313231203
11223133310
11131330110
11222303210
12120230031
13123301011
02201332120
21001201203
11120113003
20120103213
30120002313
11202023103
11002033313
11000132320
01032003131
01113003121
02311331122
02031003022
01233222022
21121333123
11013233223
32011200233
32001132033
20001130133
32011130130
32311100103
32121130333
32113031201
20211031223
31203121223
31020012132
21010321323
21011010232
20010021022
32321303223
23212303332
02212031322
03200311322
01023003322
01233113122
20032330322
02132303222
03202003223
30202002233
32022203203
13020013203
03020013312
30223000220
13010333312
12322233012
12332123032
20123003032
11230123232
02310103323
02232100202
02232230101
02002233001
02302203032
02232203231
11302230333
11212233331
11132200103
11303210203
11110020020
31120030010
13331001203
30222330132
32121002012
12312333301
11332023300
11332223023
20133233321
02322310332
13232330032
13213330320
11320032030
12210232030
31220232233
11202201000
11002130003
11212330021
01232020011
01232303103
10203220103
21002320300
21320121300
12112001200
11322012133
12112032130
11122003120
11221103100
13210102103
10123001000
10132000010
02323230010
11332010030
31332230010
11331021032
11110220303
11110333300
21123130320
11310110103
21131102033
21132030321
12011020213
10103230011
00322010113
13213210013
12321202010
11032220320
31222020120
31232022023
13233213212
10033230212
10020012120
10201000323
11031030323
11201100301
13201302033
13201331303
01101033133
13213032110
02130120100
13201103113
12012231013
11232230130
12032012010
11031110010
12011130312
11222013032
10202301022
00213311033
30213021003
31132031033
22111223003
20213113233
20110322313
01100123023
02111012133
31110201203
11030121030
21132131330
11320211330
21010220332
21101233032
20300221302
20102011332
20211020333
23221121303
32212120313
12312120233
11112300012
13202203011
13321010111
13310010001
13120100102
11211010002
31310100032
01110101001
01320010301
13002302103
10130230123
10110021013
11011333013
21013121033
11301332213
13013003022
31331002233
01301001103
21321031210
01213200101
21211202000
02132020330
13122002033
13222210103
13122203113
13121030133
13122311313
13322220033
23022220101
23122320011
11122322333
12123232303
01023032313
01033211211
10010310211
13103020101
13103222123
13133032012
30213200002
31032301032
31202303331
31123020330
31112001102
01011100111
30021100113
20121330211
20221301021
11021300222
31101200213
10200120001
21021311001
21012011002
10103100312
10313100013
10313010112
20310102012
01010303321
11022002021
10221030212
10121000221
10112003211
02013201321
20201203231
21012200231
20011220113
20021010103
32021012003
13113100030
11121310233
11311210023
13002003231
10300100222
11321033222
11312103330
11221130230
21201320230
12013210320
01220132031
11013302000
10323003202
31002000201
31100130101
33110003131
33100201311
21311020201
11310120331
23131020311
01022021113
02021123113
13113013033
21311312203
11023210301
10323101311
33213331301
23212223001
13323201300
11313203210
13320202231
32312311303
32223123301
32031230302
02021210312
10202311331
23122010312
23310200302
20132130303
13122010021
31212200223
13023010332
23023103002
01023310002
31020323032
23032103211
23332313020
23103101302
33223103010
32321033120
23032203320
23232120331
23212202323
13202222333
12022121330
20332102333
13332103323
23322123333
33223023323
23112211333
13312023313
23123323102
23202330200
20232332120
23112102013
02332123123
21313331202
01333101232
21322102301
32332132300
23223233202
21312233300
21012103202
32210223302
01203021302
10223021320
12022312323
02210210301
11002102130
01330211023
31320023302
02113200220
23030123312
11212320332
02121200303
20302103031
02231233030
10231230333
11023122303
02103122333
13323312303
23331223033
02321022303
02111020000
02311100230
01313010233
01330222313
02032232303
10132020131
20222322031
01202030203
10220223331
10013032133
10022023133
21032232001
02013031230
32013210102
01130102200
23021321123
13023111323
20302332323
20302231033
20322212313
32323221233
33323110103
13320112013
01301120033
10323222203
31022311123
10223313322
10003022022
10020320122
13023220223
12021323321
31302030232
10320323221
00220333321
00223032020
00023030222
10032303321
20031333213
03210033231
13231032231
01231031132
30230102102
01233232331
13023320031
13023311000
10232101200
01000210120
10022101101
11012201301
01212223133
03231100001
03222010331
01221220103
03213203313
31322320313
31023200230
33123323013
02313321213
30231032133
03332101133
03302331123
11312331120
03123031203
03323313011
03222233031
13222323021
13222233120
11123233020
13212302202
01332302002
01110233003
01112331132
02312012003
03231201333
03203221331
02301323332
00210202003
02031203301
23022332301
20211011302
02131103132
20321312132
23022311322
03231022033
10123032330
12012213233
02102201230
02122102100
02301210210
20230223200
13002313013
13022110131
31302211233
12012110200
11322313201
11132313100
11112323031
13220322200
13310322003
23312022223
33222032222
01322100222
23013032320
23012323310
32322112023
33223302130
31221301300
13021003101
20121023131
20323222130
23002212331
33232223213
13332232223
13312312213
13321310020
13211101010
12311010220
13322101220
20332210210
13302213000
13000120022
01332330131
01231330200
01221332303
01022332233
02021102231
10021100331
10210022310
02201220320
00201001031
20211131031
02112010201
32112320231
11301232001
01133133202
33123310323
30123332023
03032333122
03103023112
00302031132
13101311023
30100111013
10000211002
20001110012
10031010032
10221320030
00222000102
02021201202
02022230200
20322202000
30220230302
30120302222
20122230030
02022321102
03213011022
32012202101
13022021312
02211202302
23012121332
13011011012
23332323212
02312333210
23211233321
32031133331
10310032301
12313132230
31213213023
02133123031
31212110001
31302113003
31301031002
32311032222
31110332321
33320320021
01301233313
31301103323
10103123331
10003312321
13132030302
31323130332
30120313332
33120110033
23122221000
03023201010
20312321330
33123013310
31331332130
31113322001
31122332202
32121332311
01211333001
03213032001
31210310300
31113313030
21313231010
01320323100
31013323100
30132301100
01313131303
13201213331
32011013301
13301133023
31330113120
13331333201
23023113311
23201133012
23120113020
33101330123
13031330102
31131303002
31130111322
30113101131
30310201130
20031310230
20031012000
11031102002
10302310230
03221311030
23211332330
23231013220
13213131200
13231313022
33201111323
31013013203
10212313232
11101320302
33323132323
13302033202
33332231103
33202231300
33122331010
03122001020
03221002310
13221112300
31312111100
31111030100
30211103013
30230113012
20101333010
02101303310
01013101330
01130113310
13321323310
12121013320
13120210320
13232123100
01322011120
31332023122
31322101312
31121011323
13131303130
31111003230
31211131310
21031213310
11021233300
10320233320
10232233202
10032231000
10002230302
10001233233
10013103310
10313133323
13131013312
31111023311
01131303331
21021322331
11011023231
32112032312
30110020032
31202210332
33211013032
33121031112
23322113101
13302321321
10302332010
30230232201
10221013231
33202320002
01201130022
10302130032
10132113013
20302123110
10101203303
31011113033
11311303020
10020133010
10110103021
21011131302
10101130102
10312231102
10211311100
12031212300
11101012300
21111321030
31011210000
32302223220
10111330023
10001333021
10201133201
10322113312
03232133302
31020313200
32111012200
10321321131
10001321033
20011231003
32311230200
32321322101
33323312121
33233231210
10023232311
20023102321
20202132302
20312330220
10332120220
10022033220
10312322101
03330221101
10133322310
30213322030
31313320203
33211130203
23131233223
23111313213
13111023223
03101003011
12311133011
33101032313
33101131003
33001311103
31101312013
23010113223
30201331001
20110133120
13010233100
13010223213
10100131310
10001011330
10121331321
23011103121
01010131131
30113033210
30110232303
20011303322
10031113322
10313110300
33131311300
31131110130
03313111132
10330113132
13311110202
01001310323
00113201333
10323111002
13311211130
01010201232
32111201332
31113012302
01113223323
33110223333
13111133322
32311113312
13102113032
13111200123
13231202320
20312110022
23311012022
33211311202
03112000322
01101201323
23121231320
31023211320
31102313223
30010301123
00013313231
31122310022
31213123320
31033120022
31311010122
31022130122
33321100232
23311121100
03001200132
33231230031
33131103031
30101300231
33111001221
23211320322
21311332322
01310132232
23113232301
01121321313
33013130322
31011332032
13010312030
13301121031
13313223021
01312233122
10112210323
01122220331
20111202031
01211020321
10111132001
20112223320
20120220301
10113202320
10121020300
10111302110
13011302332
20113123200
30123203200
13023123210
01103132100
10211102032
33201302211
33222110210
32001312231
30202131311
33032111312
33121210113
03121110311
32311210321
33310013321
33310310312
33210102321
31312233211
31102213031
33313111201
33222011201
30103312201
32022122010
33202202030
33110120300
13130122120
33112303022
01112301300
33313023120
33313230012
33013233311
31301133111
01301101311
33013010011
13313020200
11311321200
33231320130
01023232030
13212220230
33131301013
33203133121
33302203131
33113131223
33021231133
31311231123
33022201332
31001233221
30013332220
32313312210
13031311220
10331331020
01331013010
10331213012
10212213020
03113302103
00113332211
03110322011
03123220030
03323322020
23101322020
13111232010
03213213000
02111322230
32011222013
32102113020
31001130212
33012331213
33111312101
01112032101
03110333101
03113310111
03210130121
03211332112
03112033012
33131233332
33213312322
33313203322
33113201120
33032011100
30113301212
13012200212
03102210110
03312021103
03322032213
33023101212
33103320212
03133203211
10023102012
03020230012
01211323312
02111130101
32012132202
02331313001
03013133113
33003021222
30103112122
23031021210
33011011230
03110011210
33031131200
30023131100
30211113300
30331111000
31222132320
32011121020
31010123210
31031202311
32311221310
13111121330
31132100210
31002012213
31003222313
01313110021
31212223200
33121023100
33310210100
33331200101
33231022300
33301020202
33001202100
33332012203
33302022130
33132023331
33212021132
33122012102
33133221302
23312122031
01333202201
31312222301
01312002230
03122203002
31321221331
31331223232
03132323133
33321222123
33221223022
33322321200
03302202001
33302300221
33032302220
33332130231
33322220211
31032322011
33212132131
33311213013
33331210212
03322111022
33022210222
33120232322
33302210320
33122120223
31322212032
10301223321
23311232220
33321112220
03302312100
33332312332
30033212210
33013212033
03013021313
33102222310
03333231221
10311332221
33013222201
33121322232
10312202232
03112102231
03312221220
02312120322
03132313301
23132113200
01031213132
30323123313
30032202112
32310213232
10311121313
32311122323
33111220220
33010231023
13002231021
32012231231
20121123323
03111023332
33003122132
03313202212
33031012031
33301332321
33321212311
33001123313
13002122301
30020322001
10122012200
10102132230
10322213223
30320132230
30210123123
30302013021
03322213212
10032312231
31312131021
10112013102
03020131320
03031311331
03113012321
00113312330
03112332320
03210212230
03310123032
03320122330
03321210323
03133112230
20033122002
03301310232
02311221023
03311113211
03111133233
03021111210
03002231130
03002220020
01301223000
13012222032
03013122003
01301110201
03121101201
01310231201
31122112000
31112123130
31012023020
30201203320
03302120310
01112202010
01113120310
30301220001
03311321001
03331322200
03131320002
03331232301
10301132300
20311112310
02321132202
03321013102
03131031023
01310120220
01202322320
31022022322
03101010200
30202223232
30223223120
30302323322
30322230022
10310232022
00210233032
00213103302
30212233323
01232121000
30010233202
03031231002
03003212102
03031211123
03102113123
10031210311
30113213012
30213210311
30102101322
01121313220
01001322210
01001123330
03032212012
30221200121
30321002201
30321210130
10301110120
01302132012
03102021202
03002130202
03110222203
33020122202
30211020222
30211323211
30130210220
31302123231
30311222102
30301320213
03311223112
00300122113
03010113001
30011203021
30302112030
01302121203
13011221103
20102311203
10131022203
03013100223
00313032223
20313223232
20010323212
02012220012
03011220211
30010112011
10021301211
03010001201
00101332031
30112331031
30131022021
30312321221
00133212221
30202102021
30132320222
03001222312
00122333102
00102233013
00302323011
01122133011
01112212303
02012213322
02121332022
01011231011
00122300232
00113022033
01011011213
30012012221
30002230120
30031233110
30010131032
30021133223
30331131121
30011313120
20021202232
00002023321
03022223221
01212232023
00212230112
01022312312
00122012311
00221310313
20031212323
30100122323
30011213332
30131102312
00101002332
00302002202
30021121231
30211122331
01312112331
30101211133
01211113203
30131221200
30021321112
10012321202
02011112023
10010112233
03020112303
30232120300
30222122203
30121232213
01012323222
00001233322
00131313212
00112130222
00031332232
00221321322
03221123220
00023131233
00223223213
00002320312
00023021332
00320121312
00333112213
00331022211
00021010321
00002131121
00102313320
00120311300
00232310122
00312312222
00212321210
00120132000
30102123102
00010112322
01012122302
20001322202
00123320302
00133202132
30013221223
00102203221
00320222321
30232213101
00222202120
00212100211
00122022123
03012022200
00232122332
00331111333
00331012023
30032211303
00001223031
30012222330
00332200321
01022110330
00202211032
00132222002
00022210031
00002101313
00101021311
00113231101
00113321000
00011031102
00313011200
00310310101
00311132013
00313223010
00313203131
00111013020
00132110000
00212111301
00332213130
00121301002
00031201310
00121212001
00022112201
00031132111
00001302101
00203123021
10002113210
00002121232
00020321230
00101321220
00101121103
00121112130
00231222230
00331102122
00311210302
00011120200
