--- Global Parameters ---
Code Length:			11
Min Codebook Edit Distance:	5

Max Run:			4
Min GC Content:			0.3
Max GC Content:			0.7

Using Generation Method: LinearCode (minHD=4)
Bias vector: [3, 1, 1, 1, 0, 0, 3, 3, 0, 2, 1]
Row permutation: [3, 1, 0, 4, 2, 5]
Column permutation: [0, 3, 2, 5, 9, 4, 1, 10, 7, 6, 8]

--- Results Summary ---
Number of Candidates:		3135
Number of Ones in Matrix:	185050
Number of Code Words:		263

--- Performance Metrics ---
Number of Threads:		32
Candidate Generation Time:	0.01	seconds
Fill Adjacency List Time:	2.29	seconds
Process Matrix Time:		0.08	seconds
Overall Execution Time:		2.39	seconds
=========================================== 
00003111133
11000022111
33233001111
00011000011
23001111011
22100003311
22220000133
00200010211
31222211333
31000111300
33221000010
00330011122
32130000222
10120001112
13300012223
11100302222
21000013202
11033332322
02333310222
12033002102
22320010212
22000323022
22003022203
22330032231
20030332111
01003331211
10000312210
31220012220
11223000221
11333302131
11133012011
31320002101
13200222133
13122202233
31133031223
31113332200
20203332202
22233323331
11203033210
12001300020
01023302220
22020020001
22120030320
20000233120
32233331210
13002331100
11002221002
02110002100
32220322000
01100200320
10020011233
12230013203
11301000013
33001013113
12320311113
32222031130
12201010100
32333101100
33300211020
21310001032
12310300101
02330321011
02200100313
12210020232
23202010333
21210011313
32110033213
01210032121
12110010021
21202320200
13202201011
13220301121
30200131121
33203100120
32103310011
21023011000
21020310221
23300203101
33100321131
01103101101
22123331101
02323002213
20003202313
21002300332
22103302130
22223301312
32213302221
21302110110
33011301122
23013330121
12010330312
02213333132
13001030321
02331003312
02230111301
12232300333
12213321013
11023020313
31330200113
12332020000
12132330120
23102020120
33202002212
33010023221
10022032311
32302232211
02012301311
02102333013
03323332112
30022231112
03200230012
20113230011
13032320112
20301301001
01010322001
01310312212
00002103222
03000120132
00022020230
03032002021
22032201131
30133211101
13331231111
13332200322
20333223112
22232221003
13330223200
33220232330
23303232332
11330113333
10133232333
11132220331
02322230133
10323320201
03223322233
23322303031
21233103132
01333130021
03332122211
13130313311
33122331022
12303133320
00030131312
20201021332
03322100232
11331101022
21330122020
33133121321
11113311032
12013031133
11101310133
23310111130
10130023131
31132133111
30213032312
32331302013
32230120012
13023130211
23331130210
30331032120
00103321223
33313132222
20130322230
33311331331
11031131231
13033112232
33310103011
22313210002
21331310300
20133203020
10131301232
31202332321
21311233312
11230323023
10101200203
23113100231
23131110322
13310210231
23033213133
03232312101
13113201130
23231120131
32003120301
12302121031
13203213300
11320201302
03130211213
31032213222
21103122333
21321332323
13321213132
11321123001
13211032230
12223110030
23321112233
23130102033
32131012133
11012203021
00321201221
31031222011
10301110323
00101032313
31010133323
22101101023
30013102203
01132232210
03231013320
01301232103
03321311030
20222133113
03220133031
20102130331
20111033102
22011203333
12121323330
13121103012
32223133202
22312312330
23212302302
00120233002
00220313232
03023212322
01232022032
02022310303
23021032003
13212003003
20311013030
00212101333
31312300023
32112100312
00213223030
00231233123
02202213223
21022223320
11102231323
31210223203
00111320322
03131203102
02311030323
01211130213
22111123000
01201112230
02020113210
20221102320
31020122331
03210122023
03011110200
20021212200
30323213010
02211310010
30211231201
31011121032
02221121033
30221220213
33222121200
31021130020
31112010103
10112213013
10113131310
01121221000
01311210120
32101223110
20310221310
