--- Global Parameters ---
Code Length:			10
Min Codebook Edit Distance:	4

Max Run:			0
Min GC Content:			0
Max GC Content:			0

--- Generation Configuration ---
Generation Method:		Differential Varshamov-Tenengolts Code
Differential VT Code syndrome:	0

--- Results Summary ---
Number of Candidates:		26216
Number of Ones in Matrix:	4778228
Number of Code Words:		808

--- Performance Metrics ---
Number of Threads:		16
Candidate Generation Time:	0.03	seconds
Fill Adjacency List Time:	4.95	seconds
Process Matrix Time:		15.34	seconds
Overall Execution Time:		20.35	seconds
=========================================== 
3010222222
2123222222
1130222221
0001222221
3023322221
2222220301
2222221232
3222220133
3222223000
3222210202
2222111302
2222213213
2222200110
3222111233
0322220230
0222212100
0022220121
0222110112
0322322222
2013332222
0120222210
2201222212
2201211111
2230222111
3230222200
2222112220
2020022220
1121322220
1222022221
0032322211
0123322111
1101222111
3322212113
3222232211
3222203312
3322213301
3332220122
3332211230
2322212231
3333330123
3333323130
3333312231
3333223001
0333313121
2322213122
1122223120
1322223032
1301222230
0122223013
2122322213
2202322201
2020332211
3301221112
0130311111
0332210131
3101311110
1230211110
3022321111
3232311113
2122011111
1322122111
3332122220
3022022212
3131222213
3031011111
2011022211
3221113111
3222333222
3123332210
2330332220
2323333221
3323333332
3332333211
0222333311
2220333333
0013333331
1123333323
0020333320
3322113212
1120333111
1300333331
1210333322
0311333222
0001333312
2011333111
2322333110
2321131111
2023123111
2231321110
2221231210
1030333313
0322132210
2321122223
0221132221
3321133220
0332333300
3330033320
1300033222
3320002222
3331032221
3311112211
1010032221
3010333223
3221033321
2211113221
3111111223
1211122222
0211111212
1111111311
1022332223
1021333210
3031332212
2130333212
1221112213
2211110013
2221100211
3121121113
0221113200
2321111230
0322110201
2021112201
3222000223
3031333301
3301333121
0230333231
0023023222
2311113112
3311111302
2111113330
3111133322
1211113303
2221103320
3211003222
2111100222
1111110020
2121110121
1311110233
3321110100
0331113301
3331133313
0321033211
1322033312
0220003221
3322003111
3322100302
0311102220
0321103110
0011112110
1211100110
3311100012
0001121111
3011110131
3333110132
3012123211
3011122200
1002322110
0222003300
0322203202
2321133302
2221202302
0011133300
2010033210
0011103213
0030033111
0332233112
0022231110
0330123211
2312123222
3122212322
3312311101
3122122201
0311000111
0331003312
0111003321
0110033332
3021033112
2121022110
0021002210
3221000310
1220000111
3020001110
2330001111
0020003313
2210000322
1310003211
1110000333
0300003330
0320000012
2300000210
3330000313
3330130111
3321230312
1322200101
1222202203
1120002213
0010000223
0221100303
2221230323
3210003331
2321100133
1222103113
3011002113
1031022223
0333022210
1331033110
1311003300
3130332113
1123023211
1011000212
3331000200
2322000232
3332100233
3333102212
3333233233
3333201113
3332113103
1331112202
1332032213
2030002212
3332202100
2011000301
2120003112
1321103203
2021003202
3020000201
3110000021
3120033202
3320120221
1322112000
2322133233
3312332322
3331231202
3111230221
3013013221
3012303332
1112322202
1010123220
0121332202
3011103102
1111012302
3012310222
3021100230
0031100201
3022233230
1112333231
1121113231
1333133201
1332202232
1121102112
2331103232
3321301232
3031003231
1022003233
0030003200
2030033302
2331033203
1021033303
3022333103
0032233201
0120000230
1130003301
0332000103
1000000003
3311202301
2332102201
2321230201
2322101100
1122110130
1022113101
1002333202
1012023322
0002022200
0001003103
2021113033
0012013333
0123012223
0221201233
0120031113
0121333133
1031133233
1022112232
0121112332
0001110122
0000023012
0130022202
3002322233
3022202333
1022002100
3020120112
2031122113
2001332203
0003022113
0012322123
2022032113
3030032203
3012021223
3001000121
0011301231
0122113123
1021231231
0012333013
0002113230
0032101113
0333103133
0030130212
2220130222
0020121213
2012130223
2012101212
2022103132
2011230232
1031100132
2001001112
0002000132
0012202302
3012201201
3121032103
1033000230
1333003102
2032003101
2333100121
0131100123
1131113122
0121103022
0032113002
0131033230
2333113022
3333302003
0033122203
0333212002
0013120221
3013020111
0330201201
0033300120
3323201200
3111301200
1333210120
1032213130
1012331311
3012011310
3123011212
3231113020
0312201210
0320231212
0020230203
0023232301
2022233002
2032210123
0031230133
0032212033
0002232232
0230322103
0302212303
2022102003
0001112003
0033312332
1333212333
3031112333
3032112121
3201222103
1033223123
0000213123
0000012320
0000312011
0003323023
2032223011
1332233003
1032201102
0002201003
1132331110
1121133000
1032132103
1221230100
0122322000
1122232102
1112212123
1132122233
0111232303
0311230213
0013231200
1012230300
2013230113
1320230113
1131001113
1122201133
0131122101
0333132100
2333032112
2332232133
1010201232
1012122012
1013032312
0023122312
1023230212
1323022012
0323002303
0023031012
1002212022
2002122102
3023131201
0003133101
1002203121
2002113021
1132000122
3132203123
1132213021
2122213030
0121001102
0230021112
2123130112
1033131112
0232201222
1323010222
1313301202
1023001302
1312201303
1211231302
0020131302
0330230302
0101221100
2112321112
0112311133
1112011100
0112333120
1120121202
1201113012
1320231301
1320130200
1130123113
1101332100
0123023100
1312331123
0231331102
0130333003
3023030100
3112213012
1100012012
1003113120
1000213010
3010230102
3002003022
1101003132
3012030012
0000301022
3121003033
2003033122
0003202122
1000231122
1130130102
2300231203
2310101233
3300301213
0220301202
3221301301
2301311122
2002231101
0000233031
1003031103
1303231210
2323031213
2023010211
2023013320
1123010310
1223001210
0323121220
2202311100
3032332000
1003232131
3130031100
2031131100
1230331133
3030131230
2231102122
2223112012
2330120100
3330122303
2020123303
0220112301
1220123311
1223013332
3220232303
0223231313
3320123330
3130123232
2030121201
3033212011
3230123101
1232321101
3000232321
1033113031
0033203032
2123011303
2013001203
2132022103
1010101301
2101033101
2000303013
1213212301
1023120300
1303202302
1200201200
2220201012
2110301211
1110303012
1103313013
1003312321
1133223010
3113312312
0113112300
1111301323
1210231213
3202212310
1110212310
0110201313
1111202013
0210232312
3300112312
3200233012
3100312303
3220101313
1302101211
0303201012
1013021013
3302103013
1113103123
3110122123
2103000123
3003301123
2223301223
1100203023
2202233123
0100232013
3310230323
2101230120
2110231123
1210122300
2220132310
0300230220
2203312313
1301102310
1302332011
2302230013
2303130211
2310130312
2313001312
2312322311
3111231310
1310121313
1300131012
3323131310
2323120313
0313132313
0112112013
3110132311
0220130013
2300101302
1301211003
3301011133
3201103123
3301332333
0301322131
2201333132
0323021311
1223011123
1313023331
2313121300
1033301131
0000102131
1000302330
1223032300
0323030320
0301333030
0302311002
0013021320
0301001120
2301131320
2303230300
1113121101
3312300000
1233301300
2200301310
1232310000
2301032010
3303002311
1232201311
1132103131
1312120321
1303123322
1301322022
1301032123
3302022121
0302002023
1303001323
3312001321
0201022122
0231322232
0313031221
2312032300
1312010332
2312120010
0301320003
2302323333
2302020322
2301120021
1301020333
2012320330
2002202130
2120120233
2210302303
2313010321
2100202311
1102212331
2302011331
0012011021
2303011020
3302230331
3120230131
0312130330
0220120320
3002033131
1113201331
1112201022
2112002121
1100101121
0123130231
3031101003
0000121000
1000121133
3000130333
3231333033
2333301333
3132121102
0112122322
2002130000
3000133020
1000132001
2100133011
3101333002
3001031000
3122002002
1033102002
2033312020
2103212010
3100201010
3003302010
3223002013
2031002000
3113301013
3110101320
0102202320
1133302322
3113202323
0233202310
1212002310
1312031010
1313020020
3312321032
3302231020
3302101330
3212331333
2131103001
2112103020
2100132322
2130230230
2112230333
2112331003
2212233010
0112231321
2212202023
2213201320
2103301321
3103201222
2133303023
2223033023
0232103023
1213101012
1212101220
0110131010
0200131311
1202102323
1232232320
2212332230
1230032230
0201003011
1201033020
0231011000
1231002021
2233301011
1233231221
2003101001
0213001023
2230002133
2003002333
2201002230
2233003120
2213132123
0203101221
0303131023
3210131023
1213130320
2223131321
2213102311
2210121331
2110121022
2100000032
2102201031
0132202011
3200121120
3212032120
3313032023
1113132022
3103112023
2003132230
1101132232
0113002010
3132002230
0112022130
1113033130
0103032120
0133201020
1133202130
1103103030
1110122031
0131002032
3101102130
3102332132
2101112031
3112131130
2102022232
0100122330
1201032331
0233032322
1232030333
0132001333
0122032033
2132033132
0101131333
3103232330
2133122132
2113131332
2133231131
1133231002
0132230032
0103230322
1103022102
3133001001
3133033121
3133102331
2223022331
2102021000
0132131001
0102033021
0202231330
1202322332
1202031322
1103230033
2003231032
2200230021
1223120023
2213022022
2113032031
3231132131
2233112330
2232121133
3213121322
0213020332
0231101332
0203011333
0233031130
0013010030
1303010031
0301021032
0103010003
2133030000
1213030011
1231130001
3233230022
2232032002
2233130033
3233133011
2200131030
2212031131
3233011102
3232022132
2203021132
1230001032
2233021003
3133022033
3223021021
3103131031
3203001030
0203132010
1233121030
0303120030
1203120331
3200122011
0212332021
3201132022
3202011003
3210120030
0232122031
0202330033
1202021031
0202121022
3232120003
3103120002
1201020002
0212320002
