--- Configuration ---
Max Run:			3
Min GC Content:			0.3
Max GC Content:			0.7
Code Length:			10
Min Codebook Edit Distance:	4
Generation Method:		Varshamov-Tenengolts Code
VT Code Remainder:		0
Number of Candidates:		79138
Number of Ones in Matrix:	42678580
Number of Code Words:		1037
=========================================== 
0003000222
3330002220
2220003000
0222000333
3330333111
0003331113
1113330333
3111333000
0111000300
1110033303
3111000222
3110002000
0030001110
0022000100
3033300111
2220001113
3222000220
0220002223
2200010222
2220100022
2223003222
2110003022
0300033222
3303332223
2211333222
3313300022
2333033223
3331333220
3113033322
1113320222
1112333223
2223330223
2223300030
2233300122
3200333022
3322330222
3033310222
0033233322
2233033302
1223332322
0233302220
0223321222
2122332220
2123323322
2332313222
1133113222
3223332200
1133300200
3133301322
3330123222
3330011122
3113312221
3111232220
3323332032
3313323332
3233222122
2333223022
2233122232
0333232232
2033232220
3232232221
3013332212
0003322122
2003332332
2033002322
1333022212
1330332202
2000223222
1000333221
1120303222
2131230222
0133032221
2231002221
3203303221
3203033232
3332033212
1033303321
1133033032
1303030322
1310333122
2300331322
1130322122
1133311121
0133300021
0131333232
0033301212
0233020322
1230002022
1300100222
0001330322
2020030322
0013033220
1113032200
1110332211
1313133221
3313330231
2313322211
1133232213
1133322301
1332332323
2111332321
2123301221
1222332213
1311203222
2323300202
1232130222
3231031222
3332203223
0333201221
3331322121
1331300223
0331000202
0331112221
0330312022
1333003102
2333200332
3332100122
2331032122
3222032122
2333133112
0133131122
0330331132
3332331302
1333233310
2232333132
2132333211
2233302311
2330001002
1233000233
1313222321
1301321222
1332212220
1331220122
3313311202
2313112322
2322022322
2322233323
2212203322
2322331112
1323331123
1202331122
1323211322
1222001322
0130211222
1123100322
3222123322
3311133323
1323003320
1221033220
2223133320
1332103332
2320003312
1322000212
1322323321
1322333033
1132323312
1122133022
1023313332
3300233321
3330230312
3122233312
3112323122
0133133311
3113303311
3233223331
3133323113
3332310321
3033133231
3332122231
3303222312
3312232112
3223002332
3022322232
3322202321
1022302221
0332223302
0132232022
0320220222
3302220022
1332230032
1223223302
1333222033
0312330332
1133220320
1330200020
3033220002
1313332003
1233232002
0133233200
1230222332
1033221112
1223303012
1123302111
1323312021
3223112022
3331120332
3031200322
3032323320
1312322012
0022303022
3003202022
3002211222
3132212202
3123203220
3103300212
3132000302
3010230222
3230320220
2210322022
0331320320
3221323212
3223320121
2303320321
1303330210
1333130120
2133321012
3033021220
3003323210
3002032220
0322032202
3033202233
3232002323
1023202212
2023220122
3232320112
0223232211
0222333111
3232333001
0023330201
0033323011
0303332131
0220330212
0021332223
0321333012
0323320023
0032132212
0231133022
0121023222
1123230021
1022330020
0023300132
0220303320
0302331220
0122330323
0223331333
1222323230
1102223220
1002233232
3102333230
0232233233
2023323231
2223233031
0333113233
0222103221
0230313221
1231331321
0223113212
0221230122
2232303020
2230231022
2300233002
3213323020
3322322300
3122320002
3212330023
3312033020
3020300223
1122303300
2220332330
1231333030
2333010320
2331330301
2313030032
2213313032
2133313230
2133123121
0213332310
0102332312
0303132302
0301123322
0013331302
0212323202
0011323221
2312133202
3211332111
1121233201
1103303023
2030333123
2213323313
2203232323
2132322023
1230323023
2333123303
0033023123
1023123223
0030331021
2103331311
2003033211
2120333203
1203331231
2202233121
2212233000
2113222302
2123031232
2103213122
2233203003
2232223310
0022233210
3231330203
3323230213
3323313313
3320133233
3221232233
2321322233
3323022203
1103133233
2113302233
1003302203
1132021022
2332232133
2333002131
2223032133
2231322102
2223221203
2323121332
2311232231
2231223201
0332230201
0331323133
3311223233
3323221230
2330230230
2332220003
2211132332
3121313223
3130323201
3113132002
1113313102
1313102202
1321320302
2013302002
1330021223
1103132121
3103223021
2122313021
2102312232
3110332132
2113133210
2101333120
2131023332
2130303331
1310302332
3210022232
3311302230
0311302122
2103223330
3013203323
3310322033
2303322103
2330221320
3300302102
2103002202
2300202212
3302021232
3112102223
2333211210
2223312101
2212033311
1211323331
3131322330
3331213330
1012332330
1213213320
3231022312
3131233133
3312312213
0310132223
3122032333
3130031332
1330231333
3132221333
0312221223
2031222333
0111232333
0113323131
0311022332
1232313203
1223112233
1201132223
2012232213
2210213223
2311321323
3211312323
3113023033
3113220203
0103320032
0103310223
2130331033
2320330313
3203322013
3222312311
2022312333
2202031332
2203311320
2320323120
3320311220
2330031211
2230032313
2133000313
0133120333
3130020233
1303102323
1223103331
2321313331
3221033303
2300012332
0230032230
2312022230
0123022320
0100202322
0020023332
0222023023
0201033321
0231301332
1100032320
2010023323
0001032232
2032030233
2200302231
3000301232
3020133122
2221133102
2200032021
0302223231
0222122331
0020313233
2031302213
2232200213
2033301133
2002321221
2200321112
0033111332
0033212023
0031223230
0032001223
0313202303
1213023203
0223130230
1203022123
0203032012
2020231212
3030223213
3120223123
1202202233
1302023330
1000320332
1323203133
1332301231
0132012332
2020002132
0233002103
0200230220
0321003233
0103003231
1132002230
1212220323
1120223032
3201230332
2202230033
2121300333
3230132033
3023230331
2302202023
3023021333
2023023300
0023222301
2322011223
0012300233
2112200232
2122203102
2212002203
3312002133
3313021123
3213301132
0213223112
3022231121
0112223311
0312003331
2312303310
1312213132
3220301312
1222032031
1122200331
1022033301
1003002331
0003213331
0203203313
1202003303
2110220333
1110122233
0300320213
3331320013
3221321023
2102022331
2122023201
1102000221
1320322131
3330312130
0122312201
3123131211
2221300211
0022321330
2022002210
2020302020
1022323113
1132330130
0013220330
0232200300
0022200312
0002220202
0020222033
0032202121
0022212132
2102221032
3202203002
2202212302
2322213012
0332121321
0321233131
0323201032
0232220131
1030233012
1332132111
0302313311
3303012121
3332023101
2321232013
2232021033
0232310033
2202322000
2232011321
2232101312
2231313111
2233110331
2233112113
2331203113
2213102023
2003200320
1223200310
0321212312
0322202000
1232023000
0210200332
2203120312
2302123123
2332121102
1002122333
3211122133
1233123130
1220023310
0220223130
0220120323
0232112320
3233113102
3320110322
1120132312
1330122313
1202321313
1313301213
0201221233
0001233203
2101323303
2111203203
2201312133
2301133230
1230113312
0122021312
2221011333
2221313003
0221222103
2023111323
3213111333
2003211233
2002213313
1303213303
3133131303
3033211313
3022113331
3022330103
2122013133
2121331131
2123113301
3322131130
0322112303
3331131113
3231211123
2132121230
1132111323
3210231133
3321113112
3303201331
1101131322
1031133313
1131131231
0121103323
0311331203
1211233103
2123230103
2022103203
2211003230
3210321213
0012032123
3322013200
3321010232
1021030333
1212030230
1210133032
1220131202
1123121133
0103221123
0233211012
0023011122
3323301110
3223031030
0322030013
0323022111
0210221321
0220211213
0223011231
0200112333
0233201130
0201322021
0203123301
0333122100
0323103200
0213103133
2001033133
0301131333
0011033312
2330213131
0113102321
1112301321
1210031221
1200022211
1123020213
1220020133
3022202113
3002003123
3300032113
3202012231
3320002031
3323120310
3021203132
2211200133
3112101332
3321001330
3121221302
3312220130
3120230030
3200213132
3220121330
3200223200
3020022002
1221220020
2322120030
2030212032
2002331030
1322033110
3322210111
3223100113
0120200023
0123210313
1132003113
3032012112
2102302113
3102200133
0302102213
0301232210
1131231120
0203232100
0302231102
2112320300
2200330103
2211320120
0212120220
0021221022
3011232032
3002302031
3001021322
3031131320
0031123112
0031313310
0201133113
0013002112
0111312302
0331002310
0332103110
3212203110
3311221311
1311123113
1011223023
0130321311
0131022113
2132022100
2220231100
2210202310
3121020331
2312211033
1322201013
1213221013
0121112330
1222120003
1122020120
3320200100
1112211330
3112021320
3112231031
1311130330
2311200321
2323200011
3021102220
2202100202
2121102302
2221021002
3212021012
3221302010
3120222011
3021032311
1300023112
1033020311
1200303113
1220230111
1213200121
1212031113
0110231112
2110031123
0310001323
0112001122
0211203211
3211202021
2321020121
2301023311
3310222101
3221211031
3001222131
3300221110
3010002211
0212321110
2022211103
2231021110
3231123011
2320120211
3301112331
3011223300
3012212310
1110223110
3032231000
3030201023
3130202110
3313112110
3301231012
3301000312
1013103122
3112133013
1211310213
3131103213
1331113210
1112102310
1100203311
3101213231
1110113331
3200112212
1000312313
3100312023
1000212122
1301332011
1021313211
1101232102
3101121132
3120102121
1020203021
3310030121
2302032101
2331202001
0131203002
2101320231
2013132301
2202103031
2021131033
0111320003
2111231002
1211330001
1233310011
0202231011
0012230111
0002122111
0200311131
3302123000
3122103001
3303103011
3212310200
3102201210
2021012123
0211011223
0220101132
0021201331
2021301230
2022100131
0002031310
0300201230
1101201223
1110300123
1110001312
0110022130
2011020212
2031210211
2032131110
2011231310
2012021131
1010033131
1230001131
2023030110
2013203101
3013000120
3011300313
0112330010
0112120113
3023210020
0121002012
0003021130
2331321000
1312302100
3113210011
3210300011
2110200111
3113110122
3110100320
3211013121
1311002111
3111001113
2311001132
3113001021
2131001320
1213301300
1330013301
1331000130
2010300130
3012311130
1321010311
1132201101
0331011131
2030011312
2030130311
0230020011
0300122012
0320130002
2311013300
3232101100
0121303101
1120030102
2130023010
3121130110
0123013011
0231003013
2320010130
2210020301
2002000301
0120010321
0110202201
2210101220
1211001202
1121001033
1212100301
1202133010
3202110330
2100123033
2110313013
0110133021
0132113031
0110310330
0310313031
0313231001
1031221301
1002211131
0320031020
0103012133
2111311103
2313011011
2303102030
2011130220
2231100010
2231101203
2121310010
2201301301
0311130011
0310101212
2101000210
0010013113
3001020113
2301213021
3032111021
0312110022
0123311020
2301201120
0113011032
0012131032
0130013102
0102030103
2001301022
2311122010
0111201020
0131210130
0122110102
1013111311
1110321031
1310123020
1131012011
2112012010
1121321100
1132312000
1230120300
3100120302
3203120100
0202010120
1200132130
0101023030
0103130020
0201012111
1120100011
1021001112
1310201102
1200200012
1303022001
1102102032
1100231013
1012202003
3010020031
1101200030
0100220010
1003231020
1301301310
1030210330
3013012013
1013321103
3010331010
3010103301
3313101003
3330210001
3001200200
2130100201
2133110003
1131122003
1103122010
1113110201
1013112032
3031102002
3321112000
3301100023
3101122201
3010111223
1032121203
0120122200
2200122101
1130112101
1331031001
1102130001
1300310111
1302310003
3012113002
0002113023
1333111002
1033031100
3000102310
1030101221
0303011203
1203101120
0031013201
0223101001
0021311013
0211031100
3020113210
0201130300
1003133002
1223011003
2103011023
1220010200
1022011030
1022110012
2103201000
0102213100
0201002000
0012301000
1231010002
2101013002
0110111303
1010100203
1030010013
1003011012
1001022300
3001331100
0100310001
2003313001
3103112300
2310112003
1020122110
1021101303
2101110113
1301110132
3020110033
3000130012
0002010011
3020010101
2011210003
0021110301
0001103121
0031100031
1011201011
1031110100
0030120101
0003210103
3001221003
2010221001
3011011001
3100011031
0100101100
2200113110
2120111030
1200311000
3001113030
2000101003
1001110021
1100111220
2000311210
2000132200
0001212001
0011211202
0010210210
