--- Configuration ---
Max Run:			3
Min GC Content:			0.3
Max GC Content:			0.7
Code Length:			10
Min Codebook Edit Distance:	4
Generation Method:		Varshamov-Tenengolts Code
VT Code Remainder:		0
Number of Candidates:		79138
Number of Ones in Matrix:	42678580
Number of Code Words:		1025
=========================================== 
0003000222
3330002220
2220003000
0222000333
3330333111
0003331113
1113330333
3111333000
3222333033
2223300030
0222333111
0223331333
3303332223
3311333233
1113332220
0300033222
0111333113
3113331110
1133323111
1113233311
1110330111
1223330311
3033300111
0030001110
1122000111
0020033311
1000300110
0002000113
3222300011
2220013111
1110003110
1110033303
1100033211
0133000311
0011003111
0300023111
3300100011
1100300031
2110001011
0023001011
0022200010
1133003001
1133300103
0111300010
0210030011
1121130011
2111332011
2333030011
0030320011
2230200011
0003322211
0010222111
0221220011
0021000301
0013330101
0001330012
0202330001
2000310001
2020300311
0011103000
1011010011
1010001000
2111020001
1101000201
1213000211
0001110101
0113110111
0202210111
0032010001
0001020021
0032002211
1002002001
0310002001
1000102211
1100101101
1001001311
1002220211
2100202111
2201030111
0001233211
2200020031
1330022211
1011002221
1000221121
1303000121
3303003211
1020002131
0113303211
2223302211
0111200121
0311100031
0122232011
3000232001
1300331011
1301120111
0001201131
0012112011
0022211101
0110331001
0133312011
0103133011
0110132211
0120030101
0100013031
0010011021
0010333231
3101320011
1000203301
1001330331
1003332021
1033100021
2330003021
1033302201
1103302000
1101233001
1101210311
1123022011
1100032002
1010322001
0100332013
0113330022
1003213111
1233202111
1113021101
1103002112
3013032111
2103331311
2121303111
0013131311
0132203111
0332330311
3000311211
0320001121
0220021112
0110001222
2003020101
2200022212
0101020112
0121001113
1011021110
3000121110
0100112110
0011321121
2001101112
0002113112
0021310211
0311011101
3310001113
3130001131
0200311131
2101011131
2203011211
2031100211
1003110010
1020101113
0020331010
0201131110
1010333100
3200010010
0002001020
0001011200
0003012301
0100022200
0201002000
0010100202
0010010130
0300130201
0300012012
0011220201
0231102011
1200011120
2000101321
2300010100
1100220100
2000122000
0030022002
1000211002
0002120003
0003321002
0002203200
0002223031
0020002203
0200203010
0220300100
0022003002
3220002110
0202022110
0001222120
2000322131
0220020221
1001322010
0032200331
0103100210
3011002010
1000131300
2100100300
2003301100
0002333120
3003002120
2000230210
0023020210
2013000200
0032310110
0031023010
0323000231
1101232110
3110022311
0102102201
0102012121
1020231211
2031312111
2100330020
2102020010
0310302110
0103013113
0102003130
0302030131
0033023131
0001032313
0110220013
1101022213
2010213211
1010023012
3010230311
3010003102
2030030112
0100302122
0120310112
0130330221
0200032321
0030113121
0330210211
0013031120
1023301121
0331232111
1033000132
0333200012
0333011031
3003011103
0203001133
1000110133
3033211011
0330101013
0333031210
1230001301
1023010100
1030110301
0231000103
0020113013
2011200113
2111001120
2110030321
0010020322
0110033132
0212021311
2020021013
2012321011
3001021012
0103211012
0212301101
1032301112
1123201110
1020010312
0022010122
2002210012
2002002312
2120100012
0100120032
2200100213
2021001210
1220210110
2213010110
1211101010
0122110021
0112010210
1313100110
2022031121
0003203123
3101003121
2001210221
2100210122
0210200022
1101110120
0133010120
1110110200
1110011032
1201112001
1201200210
1112002200
1123000220
2130012221
3000200223
3132000221
0123202221
0112320031
0120003023
0112002331
0101030320
0202103021
0222100222
0001102230
0301002223
0200122231
2002011222
0020230222
3002330221
2022202201
0221012311
3020120101
3012001212
0101123221
2223001122
2010220102
0101101023
3103001002
1011131021
1001123212
0301110212
1011122200
2011130131
3001110023
1031001123
3100111222
0320011003
0230110002
2230011103
3023010021
0220312001
0220011230
0020111320
1200012313
0030312213
0022112200
1113001313
3113013011
2301300013
1330100212
1133210112
0121012220
3131011211
0131011022
3200130121
2200301022
3300010322
3020001323
0030013232
3200300132
3030301222
2011102022
2211000223
2212001231
2201102120
1300102020
1202000320
1010012320
2010003233
2110100133
2200033133
1200130030
1110130023
2110111003
2110321113
2000313310
2003033122
0001133322
3001103310
2230330101
0211132101
2210102200
3010102003
0012031003
3001030232
3110030233
3310020002
2211002102
0111032202
3012022201
3100022033
0130020133
3100201310
3003230131
3003320122
1101320222
1120200202
3010132220
2001112203
2000221203
2300220113
2000133223
2012012213
1222002213
1210020203
1102110213
1100311203
1103012231
1000312232
1021032212
1030330123
1003212220
1120321131
1100231331
1101313013
3100331133
1310010331
1203003331
1023103311
1221010131
0223003212
0320303012
3032031311
3300203112
0231001312
1222030012
1121030122
1102230022
3120203211
1220032220
0122201132
3323000102
0313003122
0311021212
0202111202
3201012122
3133100122
1112100032
1002301033
3111230112
3001231122
0023121122
0203331222
1130131122
1103301322
1033311022
0303101032
1031120122
1013112113
1213310121
1011311003
1103210033
1303021013
1020220023
1220111023
2221110013
2103011023
3203110113
3202100033
3102031013
3102202012
3102110002
3021101100
3202200100
0312200102
3220010202
3210210101
2310210021
3311010221
1321110022
3111002322
3120300322
0321100123
1320031102
0111301203
1313101222
1320022022
1301210102
1011330202
1201011302
1101103302
1113113022
1121001300
1303013002
3111211010
0111021030
0310121000
1310200300
1130310310
0102111030
0113111223
0011211032
0101212232
0010212302
2001110332
0121100332
0011013303
3012130012
3210131112
3301011020
3101130301
2211310311
2201103003
2112003003
2200113331
2101102331
0210203331
2120031312
3122003031
2311000330
1132030331
3112101103
1112032312
1302003313
1311013113
1331301211
0213002310
3320100130
3312000203
2302200020
1132120101
0332100200
1131220021
2322200212
2333002212
3211020020
0312020120
0110123123
0102223122
2302022122
0202232212
0230222021
0133122212
2013103212
1113120312
1130202321
1311022031
2320120211
1231003022
1213123011
1032010223
2300132311
2131033311
2310131121
2313201112
2202320121
0230231012
2203131012
2210302013
3212020113
0220032033
0203202031
2031031031
3011031223
3010320213
3002023213
0300321023
3303201021
0301113033
2320311122
2030310220
0211310220
2210300320
0031312020
0023130032
0210310332
1131032020
2231003201
2131311001
3313310001
3301210031
3301031331
3110311321
0330331132
3330311002
2300112132
2330311311
3301301312
3330211121
3312110122
3332101110
0331201100
3310033120
0131203002
2031211102
2011230020
2212021100
2123002100
2201211000
1120231000
2103121201
3112221001
3301312101
2012013120
2132101000
2102210200
2232002020
2132013101
2322011010
2232011321
1012210030
1232211001
3012111301
1201320003
2021133001
3321033011
3331103012
3031131010
3311131002
0313112002
2033111210
0031112331
3303111200
2103231120
0032321201
0110233220
2200213220
2302112210
3102021220
3100223020
1110221320
1112223010
3302221010
3322021211
3320331221
1212033221
0303213221
3012123121
0312111231
2321103221
3211302212
0323310222
2203132221
0302320202
3331113131
3313330312
3203330210
1320311210
3202111310
3013303220
3113231221
3133002023
2023300223
3131132221
3310232212
3013133201
1021313122
1311132120
3113301033
3211300333
0213120321
2311203010
0013232223
0011221313
0201221322
0012130230
0211103233
0221013032
2211120032
2311101323
3010113323
3211133321
1102133310
3233112211
3233020201
1202123201
1233012010
3233100310
2221031202
3331303321
3112203321
0123013321
3123033112
3120033200
3023031231
3013111232
3011331332
3022111223
0032211023
0203310233
0233130020
0220123020
0223210102
0232301220
3221330022
3121301020
3201302023
0313221022
3301323022
2003222022
1003123023
3312302021
2301302202
1311303200
3103312202
0311312322
0333032322
2233020022
2231010232
3013221100
0113322100
0133310302
0121321312
3120322210
0221120130
0002132133
1213322022
1113232102
2120222002
1120212103
1200221230
1331021200
2333102101
0331121301
0033113203
0231131003
0131210203
3331310123
0323131131
0313130213
0131031333
0231210310
1323121021
3321220121
0331320231
3032120020
3032302013
3311222113
1310221103
0133221113
1032111313
1133111300
0311233023
0123330203
1031033203
1113102233
3123112101
3131110333
3231012031
3123103013
3231200032
3321101033
3311122232
0230112323
1331122023
1331002303
1320102301
3300112303
1332020003
1330310233
1323301003
1103131230
1030021333
0330203223
3230021223
3101201233
2330302231
2323010123
2330121202
2303321212
2310312223
0103122303
2031122312
2001223013
2113202123
2133200231
2223120202
3133012312
0133113132
1303133113
1133133223
3233033222
2331331022
3033133312
3013200332
0213201232
2102010333
1213111331
3102113133
2033302032
2303120322
1132303222
0103233202
0032313322
1031303332
1301023132
0131333232
2113303132
2012333222
2122032022
2110322322
2130303323
2220132102
1310123322
1302113321
2213013322
2233311132
3122330113
0122311213
2220333213
1233313312
1230320032
0120332302
3023332002
1202303102
1201333032
2333022000
2133211322
2130220312
2132330212
3122313022
2112313312
0122133102
0320113302
1033201030
2031301233
0212113313
1120133130
3101233313
3111220303
2133321020
1133321232
2233312023
2113112310
2113313200
2121113320
1211031330
1231311320
1312031301
1222311100
2022133110
1302032100
1223132110
1211123103
1021203033
1323002030
1212201302
2212103301
2212331002
1322213011
1022213202
3121132032
3132131202
1102322032
3022212003
3323132122
3203131323
3223131000
3132303100
1213133300
1321123000
3013312300
3231221110
3322112020
0321021320
0221033300
3210013330
1330113330
3331130230
3222011133
3012203133
3322311031
0302311300
0322313201
3022321120
2022311302
1321231113
2131231210
2231133113
2201121133
2223101313
2213113033
0213212013
2313330230
2201312230
3210331030
2202031030
2203323000
2231303310
2023313031
3332313010
2321330120
3313132030
3121330330
3113023130
0203213130
1332333001
1332103103
1332131220
1321201230
0332312003
1332012132
3032121132
3031022130
3130322132
3332331213
3033321313
3203321203
3210121303
3221312113
0221222103
2121332103
0202323013
2130221130
2210231310
2003211330
2013320310
2032332000
3200223103
0230323200
2323013300
2022203313
2200230303
2301233103
2331023123
2330201303
2331220220
3222031320
3222302200
1021223220
3122210320
0322210313
1122211333
1322001332
3220133231
2333131330
0130132330
1330322320
2130233201
2302033302
2031323202
0132232200
3132230030
0332223000
3331023302
3313323103
1233320300
0203322320
2323121103
2312230003
2310230332
1231132302
3222130302
1332233112
3331232203
1333221223
3133212230
3211233202
3201132233
0322132223
1032202300
0322022312
0320220230
3132220213
1132331323
1233231103
0231332130
2311321331
1321320310
3132023310
2312202131
1312121033
2103132033
2202221301
3020221331
3330122331
3020102332
3021203302
3022313330
3011212333
3322103323
3032032032
3332220322
1023233010
2310223301
3003223321
3233213301
3222023301
3021322301
2112233300
2021132323
0212220330
2022032330
3102332331
0320323331
0323312330
1313323330
3321233320
0202123332
3022232322
2203032332
3210323232
3213210323
3212230231
2322131032
1312302232
2023021332
2002320233
2221230132
2323230301
2232321312
2223321321
2023222311
2322323322
1232322202
1221312332
2032022303
2131122233
2112322230
2322122300
3223212310
1222122030
2332211233
2321213213
2133232303
2233230213
0232230323
1312323213
2122231203
1013223233
3323213033
3323122313
2323133233
3230231333
1230122133
2123302333
0233222332
0321202333
3232223230
3320023233
3222022232
1220213233
1221223313
1123023123
3122322323
1022322133
3123220133
2333220333
