--- Global Parameters ---
Code Length:			12
Min Codebook Edit Distance:	5

Max Run:			0
Min GC Content:			0
Max GC Content:			0

--- Generation Configuration ---
Generation Method:		Linear Code
Min Candidate Hamming Distance:	5

--- Results Summary ---
Number of Candidates:		1024
Number of Ones in Matrix:	3138
Number of Code Words:		497

--- Performance Metrics ---
Number of Threads:		8
Candidate Generation Time:	0.00	seconds
Fill Adjacency List Time:	0.04	seconds
Process Matrix Time:		0.01	seconds
Overall Execution Time:		0.07	seconds
=========================================== 
310012123102
310213300122
131122211021
132330111202
323003113222
330311120220
310233222220
211333002020
323311133013
303111022321
130113331121
222133100121
111000113021
110112003233
232023122101
302110331322
330232110132
321220333101
331002213012
332122011302
010100333221
221311033201
203000200323
031033033023
032211100303
102312120023
113233022103
331300122022
210322000222
213110222303
212233322032
321200211203
232013311002
033333223012
313031233202
033230331002
112311301212
121203223122
123322332231
331233203131
313102112311
312211221123
223122102323
232301331233
231133113312
121012311303
011310112003
022023331011
112003321023
230220220120
101331230323
100233031330
212002332111
333211200232
132022131033
210221112232
230122111110
011012223033
202333011213
230031312301
332230031133
322300131211
221232003113
100223320131
121032233001
220121330321
201330223211
120311333330
030300222113
223001132031
203113003132
323100001232
011111331023
303223120212
131001221333
313001000301
012011011031
013322200101
233300022230
330331002122
333000332013
120023231203
320133000333
112100233033
311100033310
301221001213
131200002313
132300322301
213033212011
200331130212
111322300313
121002000102
101222033132
120321100233
300122023220
320332223313
022222112031
103220112133
110313220213
313021122003
022120223001
232003000203
130211000111
223200311011
300112210323
321011323022
203123230031
301231310012
202001113320
221120023322
113121002332
123211013322
211200323133
221130332123
102000100212
202112310131
200311012110
102332002321
212300003121
213100133102
122200011120
220223001311
222000221032
230132200311
113310012211
133100212322
113320221312
332313001221
312133032211
231322021133
332210113231
301000300131
310223133021
120003313101
212203111131
122112031311
211112303302
131102333323
311331023233
133331202201
323301222212
233223012122
322223101103
220131021120
210332311023
202323300012
120331211032
230001121202
012230310313
122031001003
112222020301
302212000312
132320200003
323222212100
111221212303
011121102120
111231103102
010120211123
201022203020
123010230302
121320213230
103011102010
122230222023
212022210213
102221201130
023223201032
222123211320
112212213202
123221220221
221222312312
321122002131
313200223321
231231222322
322022322123
202132232233
021332123222
210302122120
013302322203
210123223202
202220212002
221321200302
322233210302
322032033322
022321000021
203020322021
301332202002
310032001200
130332030203
013000013233
023121130002
202313133111
031301131110
301201123111
213222320230
212012023310
200100120331
220002300033
230112322013
310002232303
231010123000
302311112302
000231010123
222312201203
002223220323
222332323101
213130300001
012333202303
131220120011
133232310211
013123023121
313220301023
112023203321
031120230232
012021222132
102302231222
012102212220
100032212310
103001213211
100121011101
103021331113
113330130113
100203202233
101311312021
013103101223
210000213110
210113010301
100101133203
301030133032
211313120322
021231031232
331320000320
020230322231
302033301030
231020310103
223031301132
320030112323
232130321310
233310333031
323033320321
203332302210
023032333213
223323321303
231332330332
332333123123
132233003212
121300331132
312312333133
133033133231
303213313311
333231322130
031331302013
032302303112
300230003011
021010330110
330100012001
033011030320
303233231013
333103220003
131303110303
300313033303
302003132133
300021131230
300102101122
032000032122
031222101202
030310133312
313210132120
312030120201
200013323120
201032112221
221110210221
111201330001
112130000130
212101220101
211031333010
102010211013
320221020102
200202211301
031212332301
321333130310
032113231333
320103233230
203201023303
101120302102
012112103021
111312133210
331131132101
312113110113
113111231231
213311001323
232100112213
123123111211
211011211312
101321121122
301113103320
131011130132
031013111321
023310120121
311120111012
322012111020
323202330202
330013211210
332200202030
033200102101
010202002211
303203002110
333020210311
132213121110
131132100220
203030033220
013020131131
303310201301
100320232121
202011202121
302301203103
002121111313
212131013002
330023022313
120301022131
332031212113
323120123130
321102120233
010130100322
011330030301
113002032020
111030320122
131210313112
233022231102
310101320313
213120011200
201121311030
020011023113
300031220031
201131000231
331111010203
311023003002
333113131202
033313301310
203133121230
203221101001
230021003100
020021210010
030032320020
300303322102
010013130030
001200130023
102113303003
121233010021
112033112120
012122330122
223132213122
223011223230
232311020032
230102033212
023233110233
331213321233
112321132311
011223233110
031311220311
331022331310
331121223300
022331311220
002320332333
323130232331
122011123301
131333323200
200130313232
303022303232
303032012033
013030220330
220310320202
002203302021
031130121033
311003121300
032103120132
330301231021
130123102022
023320313022
233002313200
021302310321
013231003310
011032301331
133120330020
103132132302
210231203033
012210232011
001220012321
030223212201
322310220010
033021203223
032123002230
013201230213
212320121223
301123330223
101023210112
110220101300
320201102200
100310001022
100012330012
002022003303
101100220200
302331030000
000030233103
201233331201
123030312000
103112010000
000010311201
322213332000
000322213332
000020122302
020122302000
103122223103
312020231000
221100101020
022100301303
030101001133
202102001330
222010130233
003033001101
000133321113
133321113000
211132221000
000211132221
030213021302
332102133000
000332102133
103210321030
011320321100
201320132010
022130132200
331330311121
330222201333
330033333112
333201111033
333302003023
333312312222
333322121321
332323232322
332011330211
332112222201
321323221111
320010030021
320211213001
323331011311
322131121332
322002200221
311222220022
310300103333
313132321212
300132332021
300333111001
302222233211
232321213131
233111110011
230200302222
222103333022
222211313213
222201002012
222231231111
223220233313
220022222331
220111103222
221033220133
221212121211
221331111103
212223033233
213212113333
210030020013
210133132003
211323313221
211001100113
000000000000
103333311322
100111222002
100213113032
113223333302
113022110322
113131313133
112110122232
111302222011
111103001031
111133232132
111123123333
110333302111
110011111223
122333330033
121213132323
120100201111
133212232113
133003300332
132131332222
131112022122
130322321002
130020010032
201111122133
200222333003
200321221013
