--- Global Parameters ---
Code Length:			12
Min Codebook Edit Distance:	5

Max Run:			0
Min GC Content:			0
Max GC Content:			0

--- Generation Configuration ---
Generation Method:		Linear Code
Min Candidate Hamming Distance:	3

--- Results Summary ---
Number of Candidates:		262144
Number of Ones in Matrix:	455808198
Number of Code Words:		1279

--- Performance Metrics ---
Number of Threads:		8
Candidate Generation Time:	0.30	seconds
Fill Adjacency List Time:	1735.47	seconds
Process Matrix Time:		805.00	seconds
Overall Execution Time:		2541.01	seconds
=========================================== 
222222222221
000000000000
333333333332
111111111113
222211111133
111133333322
333322222211
222222333311
220000003333
110000002222
330000001111
133333311111
000022111111
122001111111
122222211110
211111122222
000033222222
233002222222
233333322220
033332222000
000222222002
022221111000
111122222201
001111222200
000111111001
112222223330
111222233111
222222213033
211332222223
003333111100
333311111103
023111111122
133221111112
233331111221
322223111122
222333311222
211233111111
122333333112
222013331111
223332231111
322311222222
311112222332
231111112333
133331222233
233222221102
001122221110
033322211120
313222212222
101222022222
011222220212
023122222230
111002222112
010022222311
111110022111
231112222011
211112221103
312223222112
222100222111
022212222312
002222122113
100222221233
000122232221
330022221131
332232222331
202222111331
233332223312
111222111230
000232211122
002220201111
002331222111
232222000111
223220121111
210222011112
220222112011
322212113111
221112111211
332222110001
322220223011
022122231101
222222023100
322222002333
332222331133
321122211333
222220011220
333122201113
321111321111
322232220000
222200000010
222022210122
222321201112
222233212113
322322112212
122221302111
110321221111
312322211103
200032221211
012222113221
122230112222
223222311232
200221211100
222201222330
122302222200
221122220032
002232223220
112222332200
221222123322
202221321122
202223122202
211221221220
222132322122
322233322210
230221222213
320211122211
232112231112
222111123312
221313122111
222223320031
221022232233
222210220132
122222030022
022212333222
222211310212
022232200121
122211221203
322121222303
322111112013
332122111223
022113222133
120132222113
222321312233
223302222013
133223222022
232322002222
222110000222
322202100222
022220003322
223322130222
032223221332
022220020213
213213222232
322202322032
032202232223
123221232220
023201022222
220203322223
222002332220
222012122023
223023022211
221210202223
232221231231
122220333233
222113113223
202231112210
222331132311
220323222001
212312222301
210212223122
023222203201
003222300222
001221112201
331221332222
232203220211
202320222323
203222231320
220312211220
222232133020
223232020220
212232311120
212220212000
222332210310
222121102320
223321112100
232233012221
212211032223
222133022331
221223201133
222312332012
322323323322
220320223212
022020322112
122203122131
122220121302
323323221123
223233321100
221202211300
213322121133
231222121013
221221312002
222110311100
212201223113
022001223211
222013323232
222302321321
220223031121
222103220020
220111232202
222111002103
232011222100
232022112130
221322203330
332221022320
333220122200
312012221221
132111322221
213102212211
101223222100
033223212210
032112212202
303221022111
203312221022
223311223323
223122133333
232212023332
200022122333
223200022133
220000122122
000011221121
132022232332
312202233212
122110221022
221120213221
221033102222
221223000212
302122200211
201212201121
200222013223
211122203213
320022202120
020202202210
301202222020
213022200221
112220021123
132122021212
132223203223
212223302323
212113022210
223122002010
212200022302
221113212320
021223232311
331122322321
330222233021
230122323220
233211332211
032211223021
012111221311
121221220331
021122032322
231122113232
230312322232
211123322132
212121232032
112321022213
201220332111
220232002131
020221102022
122122100123
222203001203
222323000023
220221230010
200022200012
220022001103
120222100000
332022200023
322211230023
201222020301
012221000220
222230110301
232201120322
112211110022
122230202033
032021222033
002202200003
123202112201
012233212022
122001202022
102121210222
210100220222
220230200322
022033121221
022002111322
012230022231
020120022121
210002221023
211022321202
021202121123
012200220120
211232210231
020123220202
032022321100
331220021221
312000222230
002100122223
200000222031
100020122211
000022020232
132000211222
010020212220
212001121212
223002312112
220030211110
023233111212
110112312222
011120111222
002102221032
300220022332
333200222312
002122302203
323230221202
232210020200
003322022021
123322201021
122330022110
130023221220
121011222001
202112120120
221201012110
302022011120
300022331222
002210123122
100211112121
020112112233
020131222320
022120012032
303321112223
302333132222
330232023222
330101112222
333332312122
123111122032
122111233231
223011320221
220001102201
223300111123
032220110123
222002101031
212312111021
112203211101
112022120102
103222123012
003212132212
000111012212
003221211032
220331111012
222031321002
130322121322
121332211202
302213221002
112132213223
302211101322
323232132121
332232131202
030021211202
332332201322
123123212132
320221301220
032123312111
013121212121
213323122321
123222333102
332223032002
312223321301
131223311322
002223330112
302220000102
123333023222
110333212221
102031232221
103311222312
120321322012
100332112112
100223210111
331232210112
112332032122
200213321212
111213321121
211132112012
031133122212
031233211223
003112201223
001113232122
101112123223
321013213222
111231120221
013233332221
012333122102
112233310211
233232331022
121311113221
312111102231
031011202221
312112012112
312121011202
203121001222
212320100122
213211111302
213203131222
113120233222
110221333221
112102112321
123210213322
133012213221
332301121220
132321220020
311321220322
113200221021
311310012222
313111200222
133211323122
111121103122
131021121232
111132231132
131322231012
211322330112
001200203222
132202313121
102202230231
111312220131
113220001211
112120110111
012102111110
332011120121
013122213332
211020223332
200302213322
011131223022
211101210112
310230121122
310322110121
223013211312
022123131312
320321210232
232021013212
322100021132
302002112102
322113032121
030200322202
101020201122
122100031221
120122113101
330211211011
331221102311
123211201131
133112121110
132313011122
012210301212
322123020110
122131011210
121131201223
131103022122
021231302232
023212312023
023120200022
230201102112
230012012121
232010212311
310122321312
031202223131
021100201112
002000210112
110230202111
032130320222
311103211322
311300111112
211301112213
111111201302
233301212132
332201312113
312101221100
333131122102
102231311012
322310111032
323321111331
232320111313
231323011211
033110211211
033023111022
333320211002
031211321012
001201111312
032031211113
302010111113
303111213112
321110121233
331312022123
233132220203
133103212223
132233321233
311302202231
112110122333
032100002211
132100132112
311020211311
031132111321
203132110111
131302101221
123321002231
121022002032
210210112203
311133202220
011221312133
200010111232
202032001022
120022311020
110121111320
112012022130
112012301322
312011220032
210021022002
131221200002
233121110002
212231001011
120211002312
211211100131
220111100011
102201002233
120201011021
312202010131
112201013312
312220133110
113122012100
233123021131
021030221131
023300012111
223330021021
322310202101
333301132111
023021221310
013112230111
221321023011
113310231112
020121213011
021322010113
121302323111
012301311211
113321113011
101112311101
133322302312
132310221331
313022123120
213202322310
132223110310
033220103212
133312112320
120311121230
113320212331
013310111131
102113111130
022311213302
102311133111
230021131113
123301131132
122213103332
111302113332
113330011322
013333213112
133331113302
120233213120
211311213120
130111130122
221131031022
213113310122
013013221102
203001221130
111021211000
230211131032
320213231132
030201331122
021303112132
321323110220
233110110220
321131100212
101132112200
111303322202
301132221301
333113121201
311312312311
333312101311
322331200011
333312230220
313012311110
333110031122
333321103132
333302011231
332310320112
033310202232
333311022031
013311232213
231331122010
331113221310
323332002213
323300102220
033102103122
330011223312
231112333121
231331231123
202310012102
011112102130
032111001120
102321002120
111333201110
331212103210
323110312210
111101132101
311210001110
313232003112
330200111321
121102003212
011122000102
302200113012
322113210331
301223311213
003002311221
323313311021
323033312223
030220321311
302122133131
130232113213
003332211313
011322323123
001321202132
001211200113
232312200133
233320200110
230132132110
021032321210
203330102211
213332132200
212121130100
022103132201
231213132021
021011131021
223131323210
202311210031
301131111023
013221320231
101101220021
301100111201
311011133212
311122130020
331120010322
211100012021
211001023221
111202002320
210311031211
200321123231
031121020201
001120321231
001101021213
003011031112
000312203112
130120311232
133313020211
003311312011
201101202311
321001120231
220112010332
110012213302
210011100223
011010102202
103211202023
201302110202
000130112022
001020100221
300211320022
000231121200
001002102011
000102200120
320100101022
113221100323
033012120012
133013100222
130122003022
303023120212
030310122011
210300121201
320313302122
312002002021
220101021323
201112010023
022011120333
100201120132
113311101020
331111010100
310212200100
110322103110
200320013111
332101020011
321201201001
311201302102
332112132000
313212123001
121113131200
011113311002
110331131223
100101311223
121203010223
111113020020
100023102322
311002312123
200232100021
220102311001
011223120001
023201100311
320121000321
023010201321
130211120301
110222013031
310110113132
101110011032
210020031322
210120302120
202000302121
211020000011
221110320001
111132001001
111311310001
112112303011
211113130311
321211330201
111332300022
311100020002
211000021100
313010110021
113132010232
311112023013
312132202003
311212000233
011222301003
201311123002
211301220000
211332302101
010123231113
220113223013
123112330223
001333012121
230133001112
010111132010
010010322322
100131202210
300113022011
000213220031
300213212233
102011312332
102123220313
102023012113
203123112313
003013322231
330012020102
230202120230
233022100332
232303021012
033230000122
033311300022
233212300001
333310003221
333111302332
022213302100
002101102100
221312301302
331103013111
231310131101
233333123101
233311001013
231100011133
103331200121
213111320013
113331002002
033131210023
011331212003
131102110013
333333220013
113131322301
021113023101
221032010100
222031100130
223312013130
200310001120
300311100101
200120001001
202120132301
100212000013
212130301113
312003031112
112003101123
211001311032
122030111333
301321310012
303322301101
302023231011
022332301001
032330210201
022013000201
122332000302
132133000121
102110210000
100001110020
332211000030
001321100000
013020202001
003133200011
003232302110
000223100213
033021002113
020011210103
010003121011
011012110331
000211023311
010202111033
302003110223
332200310232
013231113103
103021101103
102211031313
020232103312
032131203312
032131112030
232013110103
302312311200
010213123110
301031212100
322021132030
120031312101
120103212010
210131011000
310333111001
332003212001
013200101002
012103100021
112102331002
301103321012
013213031011
103323031212
013211210333
301121003312
331123110133
120120110033
122133101003
120113000002
110011102300
200102002302
001110200332
121111000333
201111033232
301311201230
333213113020
112331232010
221101133010
221310022300
002302012010
301113100003
303110000020
303220321020
323021001023
310221020133
110021000332
110131030012
303300201011
302330021223
132130022203
003300110001
010310210032
130020210312
103000113121
030011010231
203010011010
100100221103
302002210030
200302021000
320200120013
320002011313
021001200033
111000201233
130100012002
032001200200
331300112000
333231012003
023320132002
223200230002
233002230101
333000131012
330023100002
033221023000
333223330011
133032011013
133300231201
203300000223
133020022323
131320002013
000320012203
223300120331
321032032011
201031230011
203102123200
200110303221
020101320312
121000213200
012020131200
113100200010
331030220210
012000002103
113303112103
110300010210
102030010101
100010013220
323020032110
022030031102
330233232101
302023002200
300011002130
020200001130
220010030213
023000023012
213030020113
032001023123
132000000031
123000322311
322300301231
310203001232
310203130111
212100201330
121100310131
031000001302
321300000332
322102003320
323101300120
231031000232
230210100310
231000203120
322010103000
320020300010
333102000003
301020023113
021310030202
021210233210
120210203103
231023022103
011102320203
020311003210
203120230312
333100123213
313300322131
010332020120
110203302012
310200132020
023031310110
311023300101
211221003030
020303011200
023002032203
312031003120
313000030220
331322001300
313302231000
031212011330
013322001030
012230001300
213313000100
323333010000
213233012130
323330311130
332133011301
333232320130
331031011320
031133201000
023131020030
330303200201
302312020331
022202030300
221232303200
231211203300
331102230302
332100220333
333002002330
312210312330
311131321030
301201223233
301223200323
133120323011
123031103001
130311200313
223103310311
103133101312
313033101131
111331301231
311320003131
302233100230
313131100330
313123302000
333123213300
011230320010
031231310031
111120303200
111220313023
301231031010
021333202031
101233003111
111230131310
212013011331
121021301313
123323300113
131233002332
331023012331
231130023311
001130011310
011030012030
201131331131
000130030111
100101130311
202022030313
203313201301
200230001233
301330102130
033003001210
033301010310
132101103230
310020103230
011133113230
210301002331
113001303211
113010301013
111000330110
210001010303
212000320003
203001310213
201011300030
110032320001
001003300122
201100330220
201133001323
001031101301
302100300301
321000330021
331330300223
230110230003
123203300200
113033312312
213200310030
212313310230
112022313313
113232311333
112300230023
321130013003
312103013032
311233103321
313101032023
113100032332
131200013301
132110330032
111231032033
201103203032
300122010303
130013001133
130122231300
131023103020
130031023110
131030032100
113030203102
013022330210
110000223310
101013231231
300132031100
101302000133
120302301032
123322321303
113300003313
310320011333
103232013321
103121013233
001210031023
131022123303
133011230030
110111331033
101033122133
131003332211
213010213133
121001233123
220302033113
001000112333
013003102233
200303312210
221030302310
220210331230
120300323220
121320033321
101320130302
133203030322
130303022230
100030321202
100000031301
130002311331
303200230321
100123030201
310032230223
310330213213
321330232302
323223013323
330212303123
331201133332
033203113231
121303123233
122003203301
133321331031
231010130323
030201130203
023100113320
323010123332
031321303220
031313133211
303310330211
130033013021
200003301311
020023301131
011203303113
122033320013
101100103303
100300332011
030110133223
021101231303
020130321003
231302133023
213330033012
212302033031
223023130003
002020330001
020102023033
001330003200
010303032021
000120131030
020022233000
032302021303
332322130330
310032103103
103121300300
130021330100
103013132002
131130331023
311113233203
311032023300
332303030100
302321013300
320001133100
230321003203
230311332020
331313331120
323111333000
323120303103
123331033100
332331332130
203230323201
203322032332
132103332020
132313313010
230000331000
331120333130
331333032310
303303123010
303300133202
300101123320
332300233310
313102333113
332132033233
320100332233
000012133201
300002103331
301300313031
030202000333
033032203031
103133020103
300301203023
103312310033
313332030033
033000320133
333013033131
323012332331
232301031330
330030332123
303031123203
233030233321
232230323030
233130322333
012030223323
310133322023
332010333013
033023103301
032103223003
331031323133
001012323000
300113313120
030221133310
330113312303
330032333200
131332233320
131103233331
013310330003
110213033000
103010332130
101023020330
213101333320
112333030203
123130230333
031122303333
031333023023
030002332313
303133313002
003311113330
003131233202
003201003332
001231233321
002121030330
012213330320
232133313320
013131303132
011313013303
310313303301
211023132330
320130213330
032233013133
032133331103
002100033313
002111333023
210010333102
011033133101
033303231032
000030231312
000300233100
000001333210
022301333103
022323233013
300230233002
330003333022
002230030032
110323303232
112001330333
211333320033
200333231102
210333120300
320231332300
013003332300
220331303123
200031131320
202001233332
003113333312
120033223032
020333230020
200323300302
023323330321
303312333323
230233213332
230032312033
002313321323
100332320230
003333103223
203203330023
231003330332
030333003311
030323131233
010220233333
322032331303
233203303330
023203321033
001320133133
000332130003
200133333011
000031233033
000010301333
100033200333
030310323330
300000330330
101313332333
120313133303
300331302333
202333110333
201212313333
320023333333
201033033331
102230331331
102203133300
120303330310
