--- Global Parameters ---
Code Length:			12
Min Codebook Edit Distance:	5

Max Run:			0
Min GC Content:			0
Max GC Content:			0

--- Generation Configuration ---
Generation Method:		Random Candidates
Number of Random Candidates:	50000

--- Results Summary ---
Number of Candidates:		50000
Number of Ones in Matrix:	16633594
Number of Code Words:		1011

--- Performance Metrics ---
Number of Threads:		8
Candidate Generation Time:	0.05	seconds
Fill Adjacency List Time:	70.43	seconds
Process Matrix Time:		24.81	seconds
Overall Execution Time:		95.31	seconds
=========================================== 
022221111333
111133333333
001112222222
212222222222
320002222222
000220222211
333333300002
003333002222
222333332222
222223322233
233333331132
222233111132
000000332223
011111100002
000003221111
022222201111
322222220033
222222023332
022322222123
233322222203
332222322111
202222223001
222222121100
211222221311
113212222211
102222232112
112222233230
020222002222
220222111221
133222232333
001112211111
002321111111
222211312111
122220111011
212220000111
011100002111
111120000000
121022221110
130222221200
303222211101
032222213313
322223211202
322220003122
322222300220
122233000222
222202000002
222213330001
222220310300
122210222200
222231202220
332200022220
222210011120
322231211121
022230222132
022200223311
222110222011
311222111120
223022223211
222203232113
121222212321
012220211221
002213221122
222212130322
022221132002
312222313322
033221111222
222111123221
322202113331
221220210211
222122100311
022211033112
131222001112
122223012123
332222003301
123222133110
112223303311
111122200331
232223331022
223221333312
222331333331
222323313323
023222313223
232221120331
122221200203
223221110003
213222111302
321222202130
322232322330
122202300333
122122233003
022212232303
223212233200
221122022000
031112220000
222012221020
123022220002
302202220322
002222303231
003222331133
002022211003
202202333111
302223310003
322023333100
122233021000
112232220100
122231220012
112222310201
223230222003
002223200020
310222210300
222332201301
222021120010
032221312020
232212312200
211222301200
222333120033
020022233301
013222022300
102220201302
002022000012
002233300112
000322210011
003022212122
023322213332
033122212210
000222023103
020223011100
030022220131
020332223111
001022330111
111223330010
023122310000
000231222000
323331220000
223333200011
113322000110
232233000100
132233122210
032223033210
223122201330
220223033202
102220332203
002233322323
002211212210
102211210001
103322200033
103232222302
323221202022
313202222020
333122200202
203223220221
031322200221
221022232232
222003233022
122022012330
320220221223
220320222110
231221221102
201221120200
222112203213
020211122223
322021122232
220021222033
020223212031
123202022233
010102222203
222020103223
012202323220
102312122221
130202202221
122012230221
012202202013
002203022010
023202200310
002002022232
131220022001
330220200011
302231122011
313222300012
003221220312
002322032100
222302011133
032233012111
022113221003
022102023100
322002302000
322201003200
200220003000
020322302003
023020000001
021221020330
022121203031
320220012002
302221010212
012310221111
221233223210
201232221023
200122223130
203220231010
300022231210
202221330132
220021332210
202230032110
200233001111
202212030230
222321002302
022113002230
000012002200
000221002130
200232020202
230032200222
202000320222
021200102221
202200002332
200022130201
002121100201
002202130120
000212331221
100222311320
100020203222
201021202211
210200222101
232200211212
021202211213
022032111230
022120120112
221132122212
220010002212
022000010202
022320123201
022303121222
022003323231
220232303011
320223302121
232320302001
233202230021
222030030011
221322300101
322012002111
130200021111
223200012311
020212001301
230232120111
230222001323
223022102120
223312021111
232232031311
222000313210
122210303101
200020020023
312020200212
232031222213
221320223331
000000320001
020000223102
120011222112
230020122121
102200123122
110022001201
123001222320
212320020220
012323300200
032210020021
003100000221
001230002002
022300000323
300023000221
112231001011
133233220020
132123320001
121211300000
112022332022
100002122002
112000222023
200121102222
303212210220
232311221222
223100220122
333212221123
032101222101
220002320103
233000322211
233202322323
023023322322
123323022011
021223030122
210031322222
122100022032
031303222211
020133022221
212023002321
321232332202
202333230201
121332223020
213002232322
121322333233
200023023112
312023022110
202033221002
031232322003
111323322223
312332222313
233332223012
131032222330
312233323002
323221322301
311221232223
021201232230
213322132211
113022112223
012122312232
213012122202
010002230212
120002332120
101002322210
011230222310
001121322011
122003210110
121212032010
011210200220
111232030022
111223101222
210211230222
010112212021
011233212022
032132322120
120312201220
120121120022
233123302220
022312302312
212133122201
221120333220
013312022223
211001220223
220100100220
121111220121
110111220200
110322232013
011332000003
111112010011
111030220211
010030202201
111121332200
110202000230
110003302200
310000002020
320232010010
320022311001
322000001031
101022110010
201102210022
221003210001
201012200102
121100212020
021210112000
010230120002
010320201000
232020021030
200000201300
322100221330
212020131200
212001000300
221021111202
201102021110
321220230103
212123200303
302100212201
223300322300
310002233000
300003220030
113012200300
121000023003
001003100000
002133120100
002023321310
301213232000
001232301010
302112000100
122132112100
212123112122
221203021322
221133201022
221110002023
223330021202
112110003222
302330232220
122332103212
021302003211
300203202110
332000012112
132300000012
212303220312
211232233132
021033200120
012223103130
211200323212
221020013121
211120322330
311130012222
011100323000
231100200100
223120030310
020103203210
021111321200
233210323220
213201023000
322110123000
220332032032
200322011312
322312101002
120320030100
213332333000
211203003102
110132021222
111232011210
031022031222
002130031222
022103303002
031031002220
011103122120
231113221120
211112112110
213212303110
312122033211
311021002202
303211002211
233231000212
203323312212
213123320112
221310101222
203300112220
231320012010
231223012231
201220321131
202313322311
331203322122
330213022212
303030220202
311102221302
230033212200
220333013000
012033220330
013012221130
133321223100
121112102322
101221022323
021131000322
201133003220
012102000332
112101202233
112322100323
211122103123
231132202113
111231102201
211310202012
211333002211
011133320032
011111132221
011221103021
221330320213
211323120321
113122121320
213213212312
111211123210
112211032332
131133223221
132113200122
131110020212
321103220232
231102012320
131111022300
231211100120
012111233020
223123131020
221311223103
211111300321
201203102012
110123111000
122311321102
132323221132
220111101100
220310132201
032010132222
232032111022
203031223120
201012121300
220120112103
200201111120
132201110220
100012211022
102121021112
120123231112
120112112231
213321011100
321310020300
132002002313
112320203113
112102331300
201011022030
230312100210
201032320031
000311322120
000300102100
202333101210
223310330102
220013300032
020103322113
320113202203
322313020231
201100303201
132013000210
203010300020
122301000130
122301320311
201300020311
232013302112
000211301002
123201101202
202111303102
011000111222
012200101123
103212001310
002012013121
001020210301
020001031211
110213202301
123312320203
123303300221
122333011211
112313310222
112333332110
312132101020
120320101121
202110111211
220301211311
323300202101
103032022123
002332112213
033332202130
013300021210
113321110212
113333111220
011333210111
311333202102
100133220212
001333322131
113021201102
113003221012
011320323122
103212103022
110010120120
110000122311
100203132211
130100002322
101020001213
301201300222
320012020312
200012021233
230012023011
210023121011
210001021312
223101002113
211000011013
221001120131
210311223321
010011001110
020011110011
220121310131
202010210113
222131131123
322102130012
201321100013
122311130023
113100300011
122100133111
231022030013
012021230113
233310010001
213331100122
212030110101
212003121103
011223010033
220003012323
200233110322
201332123322
020311023202
013303122001
212301233001
312010010003
231331102002
313001202003
210200211323
310210110221
013002001320
003000100112
001302122023
013211031200
103110211200
013122030203
000133100021
133132100001
200011010321
012000331021
321303012210
121010300231
112201131321
211010231121
211111331112
111203321113
110233311101
010023303001
311203221031
011022013310
211130213010
212300013032
212121001133
213100221033
210103310100
100330000123
101101030012
001200211032
111220213333
111130132320
210130033002
110101032102
111130301102
112130110312
112111011213
211233110213
212311212133
211333313202
021103012302
000131022312
021310213021
111311111322
312211111031
100211112030
021011211320
211330111123
311100311110
111300230131
111103313211
111101120303
111212131131
031000030110
100333221103
200332311130
131121210030
110110200133
120201003031
311110003303
211103133003
111011110113
031012110122
020031310122
013312230121
131111302111
310311000121
313210101111
322110301113
312013311111
113031121121
332210110110
311201112302
311011232011
103200311112
113301021132
013110201312
110210231032
121123130302
321022103032
120112013113
100113030220
103123010211
033332011121
310330321022
133323010022
133230012202
332323201223
213332003321
111330032033
033132022032
121203333032
101103232132
102303212300
102330223130
103111221013
201303223013
100102302013
031123300113
031120331121
203210301213
320113330110
210201103311
321123312311
020113332301
200203312301
121113310133
202133011033
100203222333
102123230330
110221301333
211313330230
021031332021
011213333223
011013233110
101031233010
200013332013
200113331232
111032133312
120211313120
132211333202
123213331321
011021312123
101132133023
301112301212
301010121122
130110110102
101313110120
110310113111
012130131110
003113111022
103132130112
030202131112
013131212102
123311212301
121313031232
100003301123
312103031122
302100330102
101331013221
003231321021
010233233311
003303231120
113020033123
020301123010
113313223302
131023021321
131032111201
120030113021
221133113031
231011113211
102302110031
030023100311
103103300302
313101330000
112331013300
103330003200
120013233103
113002113301
112030021333
122012103133
212003033313
102003003203
110031000332
300131001200
302033010300
310203331202
310032303121
210323333332
001012333022
130232331302
113323231231
110033201233
110333310330
002323333030
102301323223
003203033002
000132203322
200123033321
113013032311
213033332231
012013130231
203000133001
130213000033
131211001331
033220130101
231121232331
131011231230
321201031301
232013133101
302131311001
323323210320
213321030031
311312012231
323131102121
003331102010
301113112230
210103111233
030013032121
011001300313
010113031013
003313030011
311311303001
311331121003
001112003033
101312312033
000020033131
002103031311
030110001131
133122011133
302332031012
001023113223
101011133203
013111301223
010320130132
010330011313
003032000233
020030210233
210231231330
010211123131
032231113231
001331133301
120231213332
103012013232
103213020332
100001313322
002300333312
302300111321
020130013320
100100333230
000001230331
003112323300
133200333322
303320001322
303112032002
331123102021
130120312023
003201120033
200311001330
232111111330
201110133330
223311131310
013111113313
301221113310
003120320331
200021113333
202101023303
000310120303
013030122233
000303111013
030331111100
310030113200
032011231002
321320113212
323321123122
323301030222
300311102112
301333131222
333311320221
132020113003
003301300203
203101331322
231201231313
032112333332
230112333100
033111230031
303113300231
332113321210
330012122110
303131112203
103031312230
030003121020
033002321102
203331232303
302133123213
033311213212
331122020332
230203201332
031212032133
031321121133
310312321103
213013321333
230302112302
233131210223
133111123332
303311221332
001132231333
203113131113
321031113123
301231103132
322011003332
230013323302
300313330322
023311332030
123031132313
333333122322
311331233320
300230323232
130133323030
230330121320
030100122330
310113121331
310121331310
030132131030
311013103322
231130330332
331230021312
330322133222
300112103301
300111130103
302201131133
302102302331
321213003233
013312300333
020231033023
030030302032
030201101303
301100210333
303110120310
323311000033
230331002233
330231230200
310331020230
033011110230
303031010032
313203213230
331200310020
133100010300
033103210312
333100121232
033313302123
031131102333
323133322033
303111333213
310302332132
330002123203
131000133231
330100330221
311202313203
300302023330
310200032333
132003103330
330001110332
133320312332
230000312133
233030003302
233003111111
323300321123
332000233011
332132130321
031110310323
033321003023
021303103332
332113131023
331102110213
330301011223
333221100233
333123110100
333001010121
133013311203
330202031231
203030311331
231033310311
313003312321
301033210013
331331311112
331133011011
031302331210
330313313121
321333301031
331312331032
033131013301
133030102331
331210333311
330132033312
330321120323
320313132330
330323030030
331031200303
313031030213
130332113013
320321033231
312233203333
302012233333
310233130033
223101133333
323131211333
113233113133
131303133100
133301333111
030330200331
333012203210
012333033103
320333012133
313130230123
132230333133
033233302301
033301312313
031300230303
032310011033
323002130133
033333131003
333032310113
223330103313
330230031103
333330031211
313330330310
333231232131
303332133131
323213112013
333200133113
030032333233
331101323033
033103323203
332303023323
333102233331
333113003130
333320133300
333010313030
333302211030
