--- Global Parameters ---
Code Length:			12
Min Codebook Edit Distance:	3

Max Run:			0
Min GC Content:			0
Max GC Content:			0

--- Generation Configuration ---
Generation Method:		Linear Code
Min Candidate Hamming Distance:	5

--- Results Summary ---
Number of Candidates:		1024
Number of Ones in Matrix:	510
Number of Code Words:		820

--- Performance Metrics ---
Number of Threads:		8
Candidate Generation Time:	0.01	seconds
Fill Adjacency List Time:	0.02	seconds
Process Matrix Time:		0.01	seconds
Overall Execution Time:		0.06	seconds
=========================================== 
202200330300
002022003303
001001313003
100131300300
200212100100
002002121001
130302203300
001303022033
132310033100
001323100331
120013002300
001200130023
122001232100
001220012321
110220101300
001102201013
112232331100
001122323311
102123130100
001021231301
033021203223
303101333120
033220020203
303300110100
003033001101
031033033023
232232010320
031232210003
232033233300
002320332333
023330002223
230220220120
023131221203
230021003100
002300210031
021322232023
222123211320
021123011003
222322032300
002223220323
032010323323
302130213020
131031012230
220131021120
030002113123
233203130220
133023222030
220330202100
002203302021
022301122323
231211300020
121320213230
020313312123
223112331220
123332023030
221100101020
111113310230
212310312320
011310112003
212111131300
002121111313
010120211123
213321232220
003212300223
321230022300
210302122120
003013123203
301312320300
210103301100
002101033011
211333002020
202001113320
103210321030
000231010123
023101012300
203030033220
330311120220
332303310020
320000321220
030101001133
322012111020
310233222220
312221012020
300122023220
022202030333
020210200133
221003013030
012031133333
201022203020
131132100220
133120330020
121223301220
010023303133
123231131020
111010202220
113002032020
101301003220
103313233020
203231210200
002032312102
000030233103
003023310300
302331030000
302033301030
032113231333
000211132221
021113222100
221202230010
012230310313
013123023121
201223020000
002012230200
000020122302
013322200101
320201102200
003202011022
121121030210
322213332000
003222133320
012011011031
311003121300
003110031213
013221312111
311202302320
013020131131
200311012110
001011002202
101100220200
222221120310
021020103013
122200011120
003003232002
300323200200
230122111110
023032333213
120212221320
232130321310
031331302013
132111210120
130103020320
000123030312
012303031200
020230322231
323222212100
003232222121
021000021311
323023031120
001112110212
111211021200
200013323120
022023331011
002131200112
213120011200
002330023132
233002313200
321031201320
003100320012
310032001200
030320300211
010232231312
033323132213
030121123231
333133013100
003331330131
010033012332
031311220311
333332230120
011203311212
011330030301
212012023310
011213000013
311100033310
110021322320
013201230213
032332130011
021103133301
032133313031
331121223300
003311212233
023111303101
033303010111
331320000320
131333323200
001313333232
200110231130
001210221222
121022122200
133321113000
001333211130
021221320033
331223112330
033001321121
031013111321
023310120121
323120123130
021302310321
311301210330
102221201130
011131213321
303002221130
030111310332
232331102330
130000132330
220032133130
113203211000
001132032110
033102233131
110122230330
330110303200
003301103032
313210132120
011233122311
332102133000
003321021330
003130113111
313011311100
122102320110
033200102101
031212332301
110323013310
100032212310
102020022110
312020231000
003120202310
032231022001
030223212201
320302010210
020132013201
012313320001
010301110201
030022031221
002233131122
223313112200
022321000021
000221301322
022130132200
201121311030
000010311201
001031120100
103112010000
020333230221
322111003030
010100333221
331213321233
331203030032
331233203131
331310233223
331300122022
331330311121
331012102213
331002213012
331032020111
331111010203
331101301002
331131132101
330222201333
330232110132
330202323031
330321313323
330331002122
330301231021
330023022313
330033333112
330003100011
330120130303
330130221102
330100012001
333201111033
333211200232
333221033331
333302003023
333312312222
333322121321
333000332013
333010023212
333020210311
333103220003
333113131202
333123302301
332230031133
332220320332
332210113231
332333123123
332323232322
332313001221
332031212113
332021103312
332011330211
332132300103
332122011302
332112222201
321102120233
321112231032
321122002131
321001032223
321011323022
321021110121
321303303213
321313012012
321323221111
321200211203
321210100002
321220333101
320133000333
320123311132
320113122031
320030112323
320020203122
320010030021
320332223313
320322132112
320312301011
320231331303
320221020102
320211213001
323110310033
323100001232
323130232331
323013202023
323003113222
323033320321
323311133013
323301222212
323331011311
323212021003
323202330202
323232103301
322121230133
322131121332
322101312231
322022322123
322032033322
322002200221
322320013113
322330302312
322300131211
322223101103
322233210302
322203023201
311331023233
311321332032
311311101131
311232131223
311222220022
311212013121
311130200213
311120111012
311110322111
311033312203
311023003002
311013230101
310300103333
310310212132
310320021031
310203011323
310213300122
310223133021
310101320313
310111031112
310121202011
310002232303
310012123102
310022310001
313323213033
313333102232
313303331331
313220301023
313230010222
313200223321
313122030013
313132321212
313102112311
313021122003
313031233202
313001000301
312312333133
312302022332
312332211231
312211221123
312201130322
312231303221
312113110113
312103201312
312133032211
312010002103
312000313302
312030120201
301020222233
301030133032
301000300131
301123330223
301133021022
301103212121
301221001213
301231310012
301201123111
301322113203
301332202002
301302031101
300011302333
300001013132
300031220031
300112210323
300102101122
300132332021
300210121313
300200230112
300230003011
300313033303
300303322102
300333111001
303032012033
303022303232
303012130331
303131100023
303121211222
303111022321
303233231013
303223120212
303213313311
303330323003
303320032202
303310201301
302003132133
302013223332
302023010231
302100020123
302110331322
302120102221
302202311113
302212000312
302222233211
302301203103
302311112302
302321321201
232301331233
232311020032
232321213131
232202223223
232212132022
232222301121
232100112213
232110203012
232120030111
232003000203
232013311002
232023122101
233330211333
233320100132
233310333031
233233303323
233223012122
233213221021
233131032313
233121323112
233111110011
233032120303
233022231102
233012002001
230313101033
230303210232
230333023331
230210013023
230200302222
230230131321
230112322013
230102033212
230132200311
230011230003
230001121202
230031312301
231322021133
231332330332
231302103231
231221133123
231231222322
231201011221
231123202113
231133113312
231103320211
231020310103
231030001302
231000232201
222010130233
222000221032
222030012131
222113022223
222103333022
222133100121
222211313213
222201002012
222231231111
222312201203
222302110002
222332323101
223021010333
223031301132
223001132031
223122102323
223132213122
223102020021
223220233313
223230122112
223200311011
223323321303
223333030102
223303203001
220002300033
220012011232
220022222331
220101212023
220111103222
220121330321
220203123013
220213232212
220223001311
220300031003
220310320202
220320113301
221033220133
221023131332
221013302231
221130332123
221120023322
221110210221
221232003113
221222312312
221212121211
221331111103
221321200302
221311033201
212223033233
212233322032
212203111131
212320121223
212330230022
212300003121
212022210213
212032101012
212002332111
212121302203
212131013002
212101220101
213212113333
213202202132
213232031031
213311001323
213301310122
213331123021
213013330313
213003021112
213033212011
213110222303
213100133102
213130300001
210231203033
210221112232
210211321331
210332311023
210322000222
210312233321
210030020013
210020331212
210010102311
210133132003
210123223202
210113010301
211200323133
211210032332
211220201231
211303231123
211313120322
211323313221
211001100113
211011211312
211021022211
211102012103
211112303302
211122130201
202132232233
202122123032
202112310131
202031320223
202021031022
202011202121
202333011213
202323300012
202313133111
202230103203
202220212002
202210021101
203103312333
203113003132
203123230031
203000200323
203010111122
203020322021
203302131313
203312220112
203322013011
203201023303
203211332102
203221101001
200120002033
200130313232
200100120331
000000000000
103102301201
103132132302
103122223103
103001213211
103031020312
103021331113
103303122221
103333311322
103323000123
103200030231
103230203332
103220112133
102133221301
102103012202
102113303003
102030333311
102000100212
102010211013
102332002321
102302231222
102312120023
102231110331
102201323232
102211032033
101110131001
101120302102
101130013303
101013023011
101023210112
101033101313
101311312021
101321121122
101331230323
101212200031
101222033132
101232322333
100121011101
100111222002
100101133203
100022103111
100012330012
100002021213
100320232121
100310001022
100300310223
100223320131
100213113032
100203202233
113213100201
113223333302
113233022103
113310012211
113320221312
113330130113
113012323221
113022110322
113032201123
113111231231
113121002332
113131313133
112222020301
112212213202
112202102003
112321132311
112311301212
112301010013
112023203321
112013030222
112003321023
112120311331
112110122232
112100233033
111201330001
111231103102
111221212303
111302222011
111332011112
111322300313
111000113021
111030320122
111020031323
111103001031
111133232132
111123123333
110230210101
110200023002
110210332203
110333302111
110303131012
110313220213
110031033121
110001200022
110011111223
110132121131
110102312032
110112003233
123020003201
123010230302
123000121103
123123111211
123113322312
123103033113
123221220221
123211013322
123201302123
123322332231
123312101332
123302210133
122011123301
122021310202
122031001003
122112031311
122122202212
122132113013
122210300321
122220133222
122230222023
122313212331
122323021232
122333330033
121032233001
121002000102
121012311303
121131321011
121101112112
121111203313
121233010021
121203223122
121213132323
121330102031
121300331132
121310020333
120003313101
120033120002
120023231203
120100201111
120130032012
120120323213
120202130121
120232303022
120222012223
120301022131
120331211032
120321100233
133331202201
133301031302
133311320103
133232310211
133202123312
133212232113
133130021221
133100212322
133110103123
133033133231
133003300332
133013011133
132300322301
132330111202
132320200003
132203230311
132233003212
132223312013
132101101321
132131332222
132121023023
132002013331
132032220232
132022131033
131323032001
131313201102
131303110303
131220120011
131210313112
131200002313
131122211021
131112022122
131102333323
131021303031
131011130132
131001221333
130312112101
130322321002
130332030203
130211000111
130221233012
130231122213
130113331121
130123102022
130133213223
130010223131
130020010032
130030301233
201233331201
201203102302
201213213103
201330223211
201300010312
201310301113
201032112221
201002321322
201012030123
201131000231
201101233332
201111122133
200202211301
200232022202
200222333003
200301303311
200331130212
200321221013
200003032321
200033201222
200023110023
