--- Global Parameters ---
Code Length:			12
Min Codebook Edit Distance:	5

Max Run:			0
Min GC Content:			0
Max GC Content:			0

--- Generation Configuration ---
Generation Method:		Random Candidates
Number of Random Candidates:	25000

--- Results Summary ---
Number of Candidates:		25000
Number of Ones in Matrix:	4178218
Number of Code Words:		903

--- Performance Metrics ---
Number of Threads:		8
Candidate Generation Time:	0.03	seconds
Fill Adjacency List Time:	17.28	seconds
Process Matrix Time:		5.47	seconds
Overall Execution Time:		22.80	seconds
=========================================== 
312222000000
332233222211
203333322222
200222222222
233222221111
223333333032
011110000031
321113222222
311111133312
211111102000
211111211111
011111112221
233331112220
111112200133
331111001330
333222212210
223212222200
222223111110
111133322211
221133220111
123222222331
311122223332
101022222211
100001112111
200003222011
003132222111
001030211111
000022221103
010000222200
121220222202
222121122222
000003221222
022300222222
122222121220
022232221121
302222311221
220022211122
222012222321
222323232221
212222233223
002222231312
022220221333
022222200013
222221223011
222023222033
222220020322
132222322112
320222202101
211222322321
311222200221
221302220221
122020022221
022112232223
321112221103
111222201003
011012222101
021122212022
122122020011
102111222011
002122112220
322222330330
002223003222
003222203323
001002233322
232022232022
332220221022
332202332223
332200000221
231223032222
332030122222
330221102221
022322130222
032221200122
110020222122
112321220222
012221120111
002220212002
122212211002
212213222312
123332220212
201332222002
113302222033
122322223103
302322220030
110203322223
011333122223
313023222220
113333323233
123302312222
232331222123
201031122221
211330333222
223111022121
230302122211
033311222112
033221222021
210231221122
200020033222
002200322111
222001122101
222200331221
321221333221
122003300222
112213132220
200222333210
322333322102
022201220210
022202103221
010212332221
003003332211
023322232230
330020223221
220000221233
220332223110
223133202220
222331023202
222220133002
223222103212
322311221322
122231232213
230321223322
201222213331
012012223333
221222023033
222232333113
213332223303
203113222331
003001222233
100122322233
000000333233
100322012221
120011222023
002203232323
300322232331
002022210233
323002212231
320222022320
220010020220
200110002223
301212002222
303112220220
311332220320
111332122331
111322211311
311102022201
221100002322
322231002232
223311200223
133211220233
122301122230
223300322210
120313223220
133112302220
123011032222
031103223221
213112133222
031210222230
301130222133
333323022233
032302322333
333322011222
333033232232
003310023222
001111022322
201122121322
331101222023
331232122323
233123221202
113311322302
313331222100
213322012203
232231233232
331313223333
333122230203
223122323132
203102212213
221321212233
121012321221
102132202122
122102022132
111121202230
111132213213
311211022331
121120233322
222110220330
222101223133
221002223313
223031202333
220111323223
233021022323
022211233302
131032212322
133232211231
303221122313
131130022332
210001312222
211102011222
331132111221
320001111221
300002323212
322010233220
211101223200
011113121200
311111320210
022131222300
000021322332
111101123022
122111110322
323211112202
013111220323
301111213233
130112122321
311110311223
301103132220
201110332212
131312322032
102233223032
310113323322
112333112322
001121220132
101212212313
113012221132
130111233332
110221133322
103222132320
103010211222
000211213122
000110221210
103111112300
100111301221
020111002200
013330022201
210310222030
300113212200
310022112200
110221221330
232232202130
212002202123
000122202030
202120202231
000012100223
221203021223
210122200120
211211230123
111221131233
111010232323
110121112023
311100333333
001110323330
102223112133
020232112232
102200201223
220220321113
210132022113
223212201133
222113302333
201112231310
200111232102
222112113201
221113331201
020213221201
201211322001
311313322013
233231321223
213221011221
111220121121
012212012123
322212131231
102113121232
011123111032
221023333233
102120211121
132111111210
312211123021
332232230031
311012111130
232012122030
220013123332
313310212022
131112102112
121331010222
301331111122
321332312230
331223310220
301233023220
230231122301
220211110210
221021112300
131222111030
121022102203
210220123230
122202112013
320222113023
333022111333
132222101313
220331112112
002001111212
002011132231
021011113022
222001100233
222211300301
222210001210
222000132312
212203111232
322101121112
321012110211
221322110132
201221111002
122201100002
200101112030
002210111100
202201113303
122233133312
320022033333
302122032023
310121330223
222123101203
223211312013
121011101132
212021100322
322111311000
221121201031
123111102031
113212110200
011223211300
010122010322
220113201022
012311321212
121123321112
013223323122
211333111133
012111131033
020211311333
001131313212
021311132001
003111333321
121311123303
110011110133
112023211113
100133111213
210123011233
010121123031
011021311211
011001121321
011010101233
000321211230
013110212301
231112012303
032110211323
121101213331
131113113323
021313211332
112000112331
111300111100
020210123213
023131012231
033121111112
002121103123
031212123312
002112002311
000220110211
130200212333
031001132333
331021322113
111003122313
112110302312
120120112312
101022131131
000120233311
011222330023
010233213333
001321312323
311323312332
231033113232
031122000233
111000320133
131121000022
021110020123
121110101020
111311201021
111210322100
111230012203
212121021320
122200011300
122000210230
111211001110
123223301233
212200301333
120212021303
112321332313
122110333133
132220332033
031212331133
202321231032
313210112330
211232100333
203122310333
233123332303
233100320233
123311013233
022321323033
221131030213
123221133131
211211013302
220203003333
212010322303
112123323200
221100323301
121121030330
211001033231
310311233231
111201333311
110003233312
133011113311
131012223110
113112313130
220203131322
333211213320
113223032201
211120331131
100121200331
131133233131
210110013311
210021332111
213103233211
131213311111
231121312101
210011021103
032122132103
103110232113
012122033110
133212333121
113101312121
122210310211
121310012112
312211313112
312020333232
313220321332
000223313302
002132333132
310132232012
033122213031
103112201101
210032111031
210212311310
320121313320
320321332122
112022130311
023012123121
331202231112
021303322320
121013120320
111321033032
011301231220
011312003322
033133213322
311200113122
132001133213
131001200221
032002112021
000123102321
002231312021
300031333331
222031103311
322332113111
032323111321
122312012301
023123121130
003221032130
130212103230
120131131111
120203223111
212320220311
120233321331
012133230331
321321002321
321231311213
121313332130
230132133213
322313133330
212332131321
102331211023
110220113001
230111310321
231200211311
212303221130
232103212111
302302213313
303312113133
310131312133
310301121213
300312032213
011022103013
213110001130
201000113133
300011013313
030111302113
303310122121
233131210133
302213210333
332113102131
332001311133
223001111130
123022112110
223320101123
033201313331
031103112013
313113011313
323021110123
230003111123
001203120122
202130103322
321220012130
323100022330
233101021331
233010121120
233113110022
133201110021
313333111201
330333313221
202331210111
331212301321
312120210132
313213231203
312103321301
220333123021
022022011101
223010003321
002100120331
030002221311
002300011311
120010231331
002331113032
020001110332
200300211132
222023001132
230001133302
201001221020
303001231332
301231130332
233310033332
233122003320
013022003331
112330033311
321322031111
030130220321
203023321321
012030122011
120103013223
322101302021
332220103011
301101032011
002121010201
200021130021
221002031021
201210031321
330021031311
323112200311
301213231011
120022210031
132012233301
132033231333
330133231113
333310321133
333302121312
132301302211
130120210213
233330332311
303232133311
302113011022
223303203312
313322113010
103101131103
333111132003
322110320013
322033210213
220302201301
231030211033
231130203113
332000232303
233310110313
133332021330
122330232330
133002333330
033130023133
023300210333
013301323313
030120332330
032102031332
203300113022
211303113011
331023110131
320220103132
120323121313
123333331123
123312301312
111031311302
333331303322
333311101032
323101200232
130030121231
302023023231
310320322301
332100332112
330310231212
300031210132
301221010013
310230033113
301022201110
332323312110
332133111300
313101003122
011131003111
330100112301
133020212011
100302230211
003021101220
331011033210
320110213012
313133103212
203130121101
323033101331
232133310313
130332110312
133132003211
113231023210
013002032113
020002230133
310100130232
102203303131
010103103332
100021320123
321100232032
321103001211
031021203032
103103320323
013312030231
131312210001
312031010321
311301010112
013321001113
001230121310
332330013323
332333100233
332332120301
233332102101
103333123301
331211003023
333100013220
311000122002
001200002210
333021312030
312303230223
201233333021
023233033223
002303310322
013132200210
110322003112
113313100033
310223100330
033220120330
001333212010
031322301303
221302321003
321001312003
323033112000
112300311021
021013031112
013100111010
002130312203
122303132103
221330110203
311133010023
321213300133
132101331300
212233331300
212022131100
312001113000
313201310303
313011202001
033012120013
032011010330
312311020002
023310322003
023130331211
030200022001
022100021002
020300032332
033300132110
033311013101
021233201103
223330311100
003333131132
033331130023
003231202032
001303110231
033333103031
021023302031
030231133103
333120101100
323113032100
133121303110
231221330110
023120133023
021103333102
302130323110
223323133200
313333020111
212233320011
331330102010
332300020113
330231210203
302131100101
323212100003
000311020011
302000103202
300330112202
023013011030
032133020230
321023021200
021132302000
021021001003
010210002320
110213303021
220123033130
322302232010
223012333011
030333201232
030203311210
102030333201
112013020130
202012011013
310001022310
311110230100
230011320010
132031120310
210013031320
010002301121
201010203203
201333032033
013210313202
113113330102
010131320202
101112033001
012323233101
011330231013
100133302332
310120002103
322012010020
012230103102
323003133101
220030031201
223233010031
120313002123
130133312120
132033301101
230033330231
210301323101
033233321012
321133033010
310030312312
133130331030
122311230000
112020231002
001020232020
113023133020
113230213023
303132013021
203213033303
030302133320
231032313020
000032013120
200002031110
212000330210
223001230320
031323033120
320000010111
001033103110
020033303312
020323210301
330003303122
131300230120
031203200332
232312031020
303203101112
303002121001
230222331001
203231100211
103320100131
013023201011
123123203003
003202030121
032013130120
202013303123
030133031001
123133130001
113031320012
022330013001
020333022130
210333003230
030000001130
202230000313
000201003031
102210030012
230210003103
102002010112
130012310102
132302000322
303303003321
313130303101
333003013032
110031031022
133333002302
301033002131
100100031202
000003012103
003003102330
121130000303
111003010101
030330121022
202332320120
201103330300
201001003012
010330301302
310300031020
233001331003
313000033130
113001000311
203201030033
003203311001
100210331130
200003110202
203033130030
130301330113
010203300113
100301233303
012003333003
300130233030
300031223200
303020200223
030003320203
300233220013
003233001120
132323300012
022333000020
223020200100
002323202300
223203030202
213203100220
202203102001
230320001221
323330320021
333200210012
311003200310
231202300031
231000020011
220010200013
220032132002
010011300032
020002000001
001032200021
202103200030
201332103300
021300120000
033030102002
233300202000
223131001000
110102203002
133010010033
101301002023
131201002300
101001013200
001130103003
031033000013
330310000001
310101303010
300201333100
010022323000
302033203020
103323302021
100220002032
120322020200
010133110100
100333230130
100332003033
100232002110
000320033000
300100310000
220000303000
100003310013
303310331002
330320303023
311020030003
310033321002
210200000002
321303003002
112330300103
130003211000
100333102000
013300230002
210332230000
303323001003
033312330300
