--- Global Parameters ---
Code Length:			10
Min Codebook Edit Distance:	4

Max Run:			3
Min GC Content:			0.3
Max GC Content:			0.7

--- Generation Configuration ---
Generation Method:		Differential Varshamov-Tenengolts Code
Differential VT Code syndrome:	0

--- Results Summary ---
Number of Candidates:		21788
Number of Ones in Matrix:	3644024
Number of Code Words:		721

--- Performance Metrics ---
Number of Threads:		16
Candidate Generation Time:	0.03	seconds
Fill Adjacency List Time:	3.82	seconds
Process Matrix Time:		8.96	seconds
Overall Execution Time:		12.85	seconds
=========================================== 
2220003331
3111000222
3110003332
2111000331
2221000221
3220003222
3222000300
3330333222
3330002221
3320033321
0010003220
1310003323
2211003322
2221110300
2221100013
0211100111
1221000312
3311000310
2310003111
3211100323
3222111233
0222000213
0222110202
1211100200
1211003211
1311002220
2311000203
1331000301
2011000112
0011003313
0001000201
0011100302
0331000212
2330033312
3321110212
1211333222
0221113312
2221133321
0221103223
2311033300
2221201200
1010033310
1311103312
2011333111
0222333221
1020333220
1320003210
0222033310
0020033211
0321033220
1321333211
2320332221
0031333223
0011032221
3011333200
3311133221
3331133313
3010332211
1020002223
3010002110
1221103110
1321002111
0331033111
3322003313
0021002210
2311102110
0120022212
1030022211
1222032220
2322002212
2012023222
2021003202
2120001110
1101000230
1321100233
1011102213
1121332223
3123332210
3120322111
1130333213
1120033303
0120333202
1222133213
1222103302
1031033212
3332033210
2322333110
3120033112
1030003113
2322003000
3322133300
1321113301
3331103200
0321100100
0331110201
0021113000
0120003101
3120002000
3322200202
3322102223
2321132213
2331322211
2230332212
3230033231
3021033233
3122003230
1130003202
1332003233
0322233212
0332332220
2022322210
2022033301
3322202110
1322000103
2122000122
2322110230
2032000230
2030032200
2333033201
0333032213
2322203231
3322213103
3332210231
0322210132
0332133203
3331230203
1333022200
0230002230
0332223230
0001133301
3011102000
3031222111
3332100112
0322112113
1332122213
1332332111
0021132111
2021113231
0021110133
1331113232
1333000132
1332001110
3022000131
0022212201
1322232203
2022210120
0332220121
2331110122
3021100122
3231000120
0031103112
0022101110
3021001113
3031003101
2011103103
0032000102
0022203003
0002003232
0002200130
1022213230
0002022213
1001022110
0130222110
0032032110
0332202000
0333113002
1322112000
0012002300
3022022100
3022332113
1021132200
1002332212
0032122200
2332102201
2001332203
0130322203
2121022200
3031022203
2022102102
0333203101
1332213001
2322212033
1022202133
3011131110
1001033103
1032333100
1333223120
1331112103
1121103003
1131133201
3301003011
1333133133
0333132100
0033113230
0033323011
3330230110
1330123111
3023023111
3320231200
0020230100
3221230210
0321230113
1311230100
1222301230
3331301231
0333202232
1333212131
0032232233
0001231230
0023123221
0033122113
0030231201
1003033231
0032213131
0033100131
0001112102
0002110121
0033310123
1033113121
3032200123
2332203122
0002223021
3032223010
0023013331
0033312332
1033302130
1032112231
2032232101
1122233101
0002231103
1032101103
1012231200
3022232002
1032231112
0003001112
2003000120
0003302121
0003233122
0300230220
1002103122
2022233132
2122333233
0302333123
0230033122
0132003120
3032103130
2032113022
1132110120
0131100123
3122103121
2121003133
1101333112
2312230111
2333213030
2033223023
1032203032
1132202230
1122113032
1231113013
1131131113
3121333103
3121113130
1321231232
2330201230
2320230233
1030230133
3323001211
3023201230
1011201231
0010301232
0320301201
3320202301
2011230232
3013230103
0130331100
0121332000
0123013200
3012101202
1023013222
1023002301
3023030212
2023011210
0023010020
3123010110
1123230112
1002002003
2012001213
3012011220
0012033012
1312333013
2012330221
3012330310
1012322311
3012123211
3012313322
1013130111
0010230213
2013130200
2013030313
3013020223
1012300333
2012020010
0323022310
2023020300
1023120210
0023021013
2123023313
2123010223
2323120111
2020130112
1323010330
1313301233
0312201223
1330130212
2330130103
1023130303
3123030301
1123123300
3020130201
3122213011
0232213012
0223301212
3220201213
0013301301
3211301203
3121102231
3323301302
2323132301
3132332201
3032133001
3033011100
0231333001
1221231301
2012311011
2311231201
2303201203
1313123222
1323020221
1013010321
3111302302
3013031302
1313001300
1013022012
1313030010
1133313010
1323031313
2313011311
0313030222
0313231210
2111301210
1113000123
1012031323
2012131312
0020131302
2312101303
1302001221
1232002123
1131032100
2013123310
3010120113
1113033130
2231133230
1000313013
3001113021
2000223012
2030123100
2020123213
1030120203
1300230313
1010230302
1310201202
2111233012
2112113010
1112213023
1112011100
1000301120
1230221100
2231321110
2333131112
2230031113
2312311120
0323011123
0232311000
1102321110
1000212123
1312322123
1312330322
3133233123
3323231012
1301333020
1003213020
1012120320
1101230121
1110133123
1003131102
1101103131
2101322113
0131021112
0130001133
0122031102
0121101132
0131103030
0201211100
2220301303
1230331003
1232010003
1231011102
3231332102
3212311102
3131033002
1232311133
1301211133
3013131233
3031132232
3301332230
1102133230
2102113123
0101133120
3301311000
3330132302
2330121202
2312232302
2212033120
0312002013
0302212303
1012121013
1310121210
1320121303
0010121223
3330120220
2310120300
2300123221
0330120313
1100203010
2112321103
1112322000
1303131211
3123120103
0131122101
0301321101
0101331133
2301032010
2301222130
2003312010
2303130013
1301101010
2302131220
0233133010
0103233013
1203201210
1203003012
3212103013
3233301010
3312131123
3302011101
2302021123
2303011020
3301001130
2301010001
2301002323
2303023322
3312010002
3313001023
2101001102
0100301223
3003301222
2200301211
2301112312
0300201312
1002212332
1303202302
1003201001
3100113012
1110312012
3210301312
0200302302
0220112301
0010122312
0300132012
2000302023
1100302311
0110101211
0113103012
0120130131
1203312301
2211201313
1212202303
1232201311
2302022311
1301222001
3300102313
3000212310
3001121103
3020121232
1100121101
1103022102
1302311032
1201330002
0220230012
3200202012
3103302013
0200101013
2220122010
1201101123
1201321132
3201022101
1301021022
0101021003
2002031000
2131131000
2102332102
3122121000
3232121101
3312321001
0302320002
2301330332
1301320033
1001112033
2002112130
2000122122
1003122232
3100312303
1033102002
1303120020
3000120002
1000132001
1200120222
3101130003
2122231003
1000101032
1133001003
0220120023
0012130023
2212330003
0312310033
0203010002
0231121002
1230022002
2213302012
2210112313
1223122313
2111212303
3211232312
3302322131
3303022120
0112332121
2220232300
2223230222
2223232013
2231032003
1223030023
1232232010
0111230323
0132120003
0213212302
1212320032
0233201023
1233001222
0231322133
0202322122
0203202313
0003212031
2002103031
3312132010
3212322230
1312023332
3131002033
0232102011
2133312023
2233103123
2133203011
2033301031
2231002132
2113003020
0231131131
0231112330
0101122230
0301130031
0220123330
3233302323
2233212311
3033202331
2132133131
2133202120
3231102022
2131112032
2132002002
2233130002
2033132033
3133112011
3133022231
2230120231
2223011001
0112030001
2213033011
3213020001
3210130011
2232233021
2212021002
2232101032
2202122001
0212022021
1201032021
3233032121
0201002331
1302120331
0302021031
0123031231
1212011031
0102201011
1231021033
1202022030
2102022232
0102322033
0101032032
1102032133
0133002021
2102001033
0112333030
0312031020
2212201020
2213231123
2003032132
2202333032
0202031121
1202132311
2202212320
3232112321
3212332022
3232130033
3202001022
2113011133
3312011333
2212022333
0212021130
0213010333
0113020032
1213021020
3203011033
1202030332
1233032330
1232131322
0232031333
3232231130
3230123132
3133031132
1233120332
0223020322
3223021331
3213122123
3223130330
1200101300
0210131310
0213121011
0223131220
3202132120
3203133023
3213230020
0212230330
2233230333
3303130322
0201132322
0203230321
0202232023
3302230021
3200231221
3302201320
1102202022
0132132022
0102231322
0300131323
3323121320
0313123331
0112112323
0301121332
1133212322
3103002322
3213102310
1113302320
1100112020
2203102020
2133301322
2203001332
2201131033
2200230030
2000231332
2200121130
1103301030
0133121333
0133231030
3201122333
2103230001
0122232031
3102033031
3112332333
3112202311
3122201333
3132102332
3103132030
1103231333
2100102330
2100201321
2213101321
3212131331
3103101331
0112101330
1110101322
3113201221
3112122031
2103122131
2113232330
0113132311
3100132321
3110231320
1110230031
2110232023
2100131022
2113131031
1113231022
0113122020
3113121130
