--- Global Parameters ---
Code Length:			10
Min Codebook Edit Distance:	4

Max Run:			3
Min GC Content:			0.3
Max GC Content:			0.7

--- Generation Configuration ---
Generation Method:		Varshamov-Tenengolts Code
VT Code parameter a:		0
VT Code parameter b:		0

--- Results Summary ---
Number of Candidates:		21758
Number of Ones in Matrix:	3490262
Number of Code Words:		771

--- Performance Metrics ---
Number of Threads:		8
Candidate Generation Time:	0.01	seconds
Fill Adjacency List Time:	4.31	seconds
Process Matrix Time:		1.56	seconds
Overall Execution Time:		5.88	seconds
=========================================== 
0001110032
3310111222
1033111222
3223111223
2033111333
2233311122
3320111333
2210111233
2133112223
1033122233
2133222333
3310122233
0320222333
2022122333
0320112223
1022111233
2202122230
2011022233
3122022233
2210001222
2210002333
1320002233
3321020333
3222000223
3003000222
2111000223
2033001223
1002002223
1011011223
0310011123
2111011333
0002221221
3013011133
3112000333
3033000111
2133000133
2112001113
2320001112
3223001113
2001000113
2002011123
1022000133
3122000112
3111001122
3313000132
3210001131
1023001122
3322011121
1213011120
0211011132
0003301113
0022202233
0212022232
0202012221
2203001121
0211000121
1203000110
2202000132
1102000121
0302001110
0302111220
0032111211
1211000232
0002200112
0112200222
1022200221
2322002221
0322000230
1313000220
0023300022
2233300012
0032000201
0001200023
0011120021
0011101233
0021000100
0111300033
0012300011
0012220032
1000200032
1113300111
0311012220
0011121110
0032011100
1332000102
1323000331
1133300023
2332000213
0032122200
3022212220
0001113200
0001211133
2311001130
2313011221
0312112231
3311002231
0012312223
0002102120
0003101021
0003203220
0003211010
2020321222
2012201220
2001100220
2000200121
2000110211
1000110100
0001132221
0020100320
2122200120
0022231110
0012223213
0012103221
3000110322
3000311220
3301001220
1001201120
1001001333
3001100331
1000101131
1102011132
1001102232
1011100130
0003202131
0033210223
0021011322
0031012203
0213001230
3022201132
3000202230
1030210333
1033300132
2303001232
3000121203
3011121322
1121000322
1112201233
1122301123
1133311133
0113301223
0321030223
0321001032
3021001023
3033301120
3021033233
0303022231
0101012232
0301011330
1103012220
3312011230
3031002133
3331011103
3321012130
3322002332
3012300232
0012230121
2002301130
0002230230
0202002330
0103001331
0132001212
0121011200
2011311120
1303111231
3033312221
3003301231
3021310222
1213012231
2012311231
0213111331
2321011020
1321013221
0023331121
0022330132
2223300233
3222300130
2022300331
0013330231
2023322231
0222330220
2223331130
2022230212
2002202332
2002221102
2000220303
2112200031
2012220201
1122230131
2000211330
2000121312
1002220311
2202200211
0112221331
0002331331
3022230323
0222311333
0021303133
0010311033
0021221031
0022333201
1123332221
3223330211
3123300031
0111333211
0312003331
2201022331
2212123331
2021203231
3022213331
0023103232
2022103213
1122103231
1012211332
0323013332
3223303332
1023301330
0123302333
0123331232
1113330332
3033322332
2003313332
2011103332
2113303331
0011133102
2031320333
0113330010
2323300102
0122233102
2111301232
0121101321
2031000321
0103330321
1000323331
1102122331
0321023131
3313223331
1313022332
2322023330
2203223330
2313113330
0102023332
0221022201
3021022321
0222101031
0102220320
0300120321
0320310331
0322200313
3212200321
1112233201
0333203231
0032022322
0020032131
0010031021
2102022201
1020321133
2003103201
2003210031
2210210332
0013213132
3111212230
3133302230
3030103231
3013210330
0321210120
2121210133
2100203233
0132303233
3132321333
2032213232
0223212130
0323301211
1032212131
1002230103
1020203130
2020313131
3021210111
2022231301
0222103110
2023330313
2001120101
2111220313
0321010001
1321010112
3131310233
3111311131
1022103102
1202113330
0020213310
3210013330
0200110310
3221102131
1011312331
0101100212
2030210112
1032321112
2103000312
2200030320
0200021210
1201110321
2011230322
2122331312
2010101030
0113101032
1123102132
3200103133
3011130313
1011230211
3011200010
2211100311
3102000200
3213000201
1300010210
3000231313
3002232211
2000132323
2010322132
0010102112
3211012213
3203112211
1001220200
0200100203
2100101210
1010310123
2103033323
1001330323
1130100321
1110200210
1112101010
1121001101
3112220100
0311220210
0113102121
3121002210
3013331213
1000330212
3001130202
3121101030
3003331102
1112331130
3011221101
0322201101
2011331311
1013330100
1110032121
1110303133
1010102021
2000331201
2002333210
0110021030
0110132031
1220021031
1010213031
1003213213
3013203211
3201300210
2210320231
2200300100
0213301101
2220200310
2021302110
0113203110
2021002001
2200021023
3310210231
1110211320
1320210030
1210321330
2110321123
2120310223
2021023123
1021022013
0020101013
1223210113
2032022113
2010032103
2122232200
3100212133
2130202132
3102011211
2100213111
3102203113
2321321132
1231001211
1123203121
3232203131
2131002111
2320102101
2031011013
0032203123
0310103103
1101100103
1033102101
3120102120
1122132103
2123202103
1123212031
1113210003
2113331200
2112332213
3111230203
2112103200
1113232102
2033203102
2013212100
2133210121
1213331321
2121332101
2101302133
2322332133
3222332313
3122331203
1021232100
2211232133
0203332133
2103323033
2200032111
3121033111
0010323111
0010332120
2220232120
1222102020
1221023311
1031033113
1010320001
3110301021
2120103021
2223101010
2223202021
2220331021
0113212020
1021311021
1133103220
1011332203
3133203203
3030332101
0313210101
3030320113
3121320013
3112232312
3113332323
3111323330
2021323030
0123032100
1031323232
3223203100
2233102120
3221103220
2221301320
2221033300
2021310003
1121323223
3120323231
1220313233
2223213032
0220203223
0110323222
0100132122
3131321222
3221323121
1320320221
1322300212
3131103121
2131323131
3031023310
0031301310
3331000312
1331100210
2110313032
2121003012
2132033033
1021013000
3201103011
3103022311
2313332111
1310320110
3103111200
2103311320
2103322210
2203210200
2102111301
3103133312
3102033301
3203313113
3203011303
3201002323
2101001300
3212023313
0032033311
2232011311
2132003320
0232001323
0131022313
1032002310
2132133122
3132023123
3101232121
2032323221
3232123233
2032023000
2231002200
1032133003
1131013303
3120203032
1221103033
3221023003
2230213133
3101013322
3110210022
3120320122
3231033122
1031003022
3032013112
3220132102
3020312032
3211203112
0221313112
1220303122
0020323002
0211103323
2231303222
0330103222
2330323233
2220303013
2030302020
2130213220
0121313320
3121213021
2132123011
2332133313
3200213122
2230313321
3102313223
3320213213
3032323130
3230323220
3220322110
3010313010
3320313100
3310202100
0310213200
3130103010
3131213110
2321213101
3330032110
3102332110
3120212010
3233210020
3312300103
1333213130
3232133012
0123210012
1330102123
3212303033
1323330320
0132232120
1022332322
1212330310
1230203320
1210303200
3321303203
2323303323
2302230310
0300132210
1131132130
0221132010
1121322310
1201121310
1030312110
1120311210
0100331310
0120312111
1100102313
1201200312
1101203323
3103302013
3100322320
3300031321
3100231020
3200102022
3202322123
2213302322
3203323022
3210320302
1213300303
0231023302
1211323322
2213311313
0232323122
0220322023
3221312020
3213022300
0221303001
0211232320
1232322320
1320322102
0230032020
1300232320
1103323300
1003332301
1203322313
1230332132
1201132123
3323332122
1323311101
0323323301
3330302321
2320203202
2212301203
1200302211
2200322203
3332001301
3330201310
3231022012
1332023312
3332123300
3231212132
2333132102
3311330321
3323322213
1311202213
3300301213
1331332121
1332012211
3032112022
3332111312
3202311310
3331311320
3230311030
0031131030
2231121031
2130310011
2232332030
0121232032
0313300312
1211332012
2202323312
2102322022
3332302112
0331202122
3132320002
2101232010
0301232113
3202302000
3212312011
3302300311
1101301311
3301200201
1331203111
3300332011
2102303001
2303301301
2311300200
0232312210
0212331013
3232122001
3332112203
1233202030
1221202002
2132002002
2201311101
3100311003
1120313001
1100031011
1220231010
2330331010
1312221310
3330132032
1230323011
3300021012
3101211012
3031210002
2331232031
3331301011
0331312133
2332313111
1231331020
1311131320
0311132023
3211211023
1311121033
3301131013
3311332000
2323331003
3201213000
3102212001
0131212321
0032312001
1301221321
2212213300
2211231000
1201231033
1101121001
1103331022
2102231032
2300131002
0201131022
2232221020
3332221031
3322231000
1312232033
2202232003
0300221000
0200232012
0312231022
2332301033
2302221013
3332202023
0210312102
0212322301
0313322200
0211311300
0201211311
0311323313
0303312323
0322322312
2331322013
2231312002
1331323000
1131302001
0231202011
2301312211
2300302312
2311211203
1211212303
2312212313
3311312312
1313313311
3322312301
1312302323
1322211323
1313301202
2322311200
2312311322
3312211102
2311201312
3311103301
2302313303
3300213301
3302203322
2301101323
3301101102
2301212302
2331103003
3202112302
0322212202
1302332002
1101311202
1200312322
1300311300
1301303302
0202300302
0102312300
0101202200
1102201302
1200211203
0100211102
1230101000
1132311000
1331212012
1130301012
0131323012
0110202002
1330312003
0030212013
2330211022
1231211001
0130201023
0332213033
0232203000
1232313023
