--- Global Parameters ---
Code Length:			10
Min Codebook Edit Distance:	3

Max Run:			3
Min GC Content:			0.3
Max GC Content:			0.7

--- Generation Configuration ---
Generation Method:		Varshamov-Tenengolts Code
VT Code parameter a:		0
VT Code parameter b:		0

--- Results Summary ---
Number of Candidates:		21758
Number of Ones in Matrix:	618744
Number of Code Words:		2866

--- Performance Metrics ---
Number of Threads:		8
Candidate Generation Time:	0.01	seconds
Fill Adjacency List Time:	2.21	seconds
Process Matrix Time:		0.18	seconds
Overall Execution Time:		2.40	seconds
=========================================== 
0101000110
0210001112
0001112102
0001032101
3321112223
3321222333
0321032333
1321122233
2210222333
3210223331
3210321211
3210321323
0001110010
0001113200
0111032103
0002132103
0022032102
1112223103
3132321333
1222333211
2321032223
0321031222
3321031133
2321021333
0321020233
1321021123
0321321332
2321321110
2320112333
3122333210
0222333203
1122233213
0111223213
2111233210
3012223210
0111223101
0011222103
0002223102
0011133102
0001123212
1011123210
3001333210
3000123210
0001233201
0002233213
0011333203
0111333211
0022233103
0112233202
0122333101
1112333200
1112032101
1222032103
0123032100
1113132103
0013132101
2333032103
0333132100
1133032102
2223032101
0223132102
1233232103
1002102101
3222102103
1000233210
3210320302
1123232101
3213233300
3203233323
0100010321
0033232102
1202103210
3303103210
2322103210
0103203210
3113213213
3132133233
0210210020
2200010210
0300020210
0200110310
1100020310
3301110210
0101120210
3210013330
3210111331
3210122230
3210012232
1210022233
0210112333
2210111233
1310112223
0320111233
3320022233
3310111222
2320011223
1320001333
2310002233
2320001112
0320011122
3310011133
0210011223
3210011121
2210001222
1310001123
3210002220
2321030122
3321021112
0321030111
3321030013
0321020022
1321030002
0321010001
2321020011
1321010112
3321010222
1033111222
2321010133
3103233311
2022102102
1012103103
3112102101
2002103202
1012103211
2112103213
3012103200
3022103212
3222103201
3223103213
3113103211
1033103212
0002103231
0002103110
0002102030
0012103032
0003102132
2003102103
0112102010
0012101021
2133203213
3003203212
3223213211
3233203202
3223213103
3033213203
1003213213
2013213211
2003203200
2113203202
3113103103
2023103203
2122103100
3003103101
3023203201
3113213101
2123213200
2203213210
1313203210
3133103200
2133103102
1033203103
1023213202
1003213101
2013213103
2123202103
3023102100
1013202102
3003212100
3223202101
2133212101
0112103220
1112102130
1112103232
0222103132
0013103130
1112103021
0122103030
0022102131
0222102120
0113102121
1113103110
1000100110
0100100101
0103210100
1031321333
2133222333
3233122233
3212323233
2021022210
0001110131
1112220030
3000110102
1000110203
0321001010
0321320010
0321022110
2321033110
0021000100
3003122333
1013222333
0233322333
3231321113
3230321222
3030321233
2120321333
2310321332
0310321110
0210321232
1210321330
3320321330
0321321220
2321321231
0320321131
1310321221
2210321131
0310320331
1310320132
1010321112
2210320110
0210320220
1210320021
1010320333
1210310332
2210310030
1210210230
0210310131
0310210032
0310210221
3210310200
3310210330
3310310010
2310320230
3320320232
0321310132
1321320031
3321310331
0320310021
1310310120
1320310330
1320210232
1321310221
3320310220
3310320121
0321210120
2321210230
2320210110
2320310032
3110321113
3320210131
0321023221
0321033031
3321033230
3021320333
3121321223
3220321133
2321013220
2321012010
1321003020
2321023030
1321022131
1321013032
1321001031
0321003232
0321002121
3321022021
3321012130
3210210313
3220310333
3210210102
3303210103
3220210222
2321002132
1021320111
3020321122
1020321223
3010320223
2120320222
0010103223
0023103232
0003213232
0003210002
1003210010
0003201020
0013201032
1103210202
2203210101
0203210211
0313210101
0213210300
2213210311
2303210212
2213210203
2323210102
3323210200
1323210211
1313210302
3323210312
2313210323
0303210313
1203210322
0013210333
0003210123
0003203121
0123210223
0333210233
2333213232
0003212031
1333210003
1223210001
1223210333
1113210133
1033210330
2003210130
1013210031
1003210221
2023210231
3003210331
3113210221
3233210231
3013210132
1023210120
2133210220
3013210020
2113210110
2133210332
2110210333
2233210133
2223210013
0113210013
0123210111
3033210121
0333210112
1133210122
0233210023
3233210110
0013213110
0113203020
0023212132
0023213221
1010210111
0113203231
1113213220
1010210223
2032210222
2010210002
1020310001
2223330010
3223210030
2333210011
3021210223
1021210113
1021310233
2030210233
2020320133
3032210333
1020210033
3232210223
3030310222
1020310122
2021210022
3020210112
2031210111
2010310113
2110320003
3110310133
2010320022
3110210022
0113213032
0113211021
3020320002
1020320013
3110320011
2120310111
2030320011
2121320001
3021310011
3220210011
3120210003
2021310003
2131310333
2032320233
3032321123
2131321133
3132320222
2030321113
3031210002
2130210012
3130310001
3120320023
2121320113
3221320003
1031320002
1031321122
3220320112
3121310122
2130310123
1032320113
2031320023
2032310001
1032210012
3031320112
0023211030
1123211032
1113212010
1123212130
1123103230
1123102132
1020132102
3020032101
1010032100
2110032102
3110132100
3130032103
2121132103
3120232102
2030232103
3010332103
2130332101
2021332102
3221132101
1021232100
3031132102
3232232102
0010032132
1113101031
0222101031
0223103221
1333103231
1223203232
2223213032
0233213132
1133213231
1333213130
2233213121
2233203230
1333212032
2333203031
2333102132
0223203130
1223213110
0133213120
0333213010
0133103131
1032332101
0123202110
0223202032
0233212030
0010021031
3213222311
3103222313
2103233303
2103222301
2103133322
0103222330
2203223330
3203223302
3323223330
2323222332
1103223332
0213222332
1303222331
0303123332
1323122330
2022122333
3323113332
0323122232
0322123331
2203122332
3213323111
1213123331
3212133311
3233011133
3223111223
3231310133
0333103120
1033112333
1002122233
2033022233
2133111233
3023111333
3033112223
2113122233
2123012333
3133002233
3122112233
3112022333
2233311333
3223001333
2013111223
1012111333
3002111233
2003011333
2001022333
1032310033
3230310013
3131210113
3103123300
3213122303
3213113312
3103113323
3202133303
3203033312
3202123322
3203022323
3212112323
3212023313
3212113300
3213003323
0011120021
0001120332
0001220030
0001121120
0002220110
0111220010
0212220210
0011130110
0011121330
0111221130
0112220332
0011220132
0001131132
0003331110
0011130231
0111230220
0011132220
0012220221
0001221231
3011120211
3001110312
2000110323
2000110211
2001110300
1000120301
1201110321
0211120320
1001120102
3112221323
3132310111
2132320012
2132210023
3231320011
3232320023
3232310002
3223330323
2123332323
1323332133
3223332213
1223332332
2223322233
3222332322
3223331300
3220332100
3131232100
3222331103
3222330212
3323330210
0113330010
0111230031
0002230032
0012230130
0002231121
0011330121
0022230021
0002330220
0022330110
0112231110
1122230010
0023202021
0333102031
2223212020
2223103120
1233102130
1223103031
2223201031
1233101032
3211121032
1123203121
1133203030
0233203021
1133212021
2233102021
2333103010
2233202110
1333202020
0133101030
1123201020
2223101010
0233102010
3213300310
3203323310
3122230322
3112220100
3222332201
3122232311
1122212333
3123330311
3123330203
1022002333
1013012233
2022012223
1112322233
2113002223
2233300223
0233301233
1133311223
1223311133
2223331130
2223330221
1222331132
2233311122
1033002223
1032033233
2121033233
2121022033
2111012233
2113000333
3011011333
3012002233
2023001233
2113011133
3022011133
2033011123
1013011122
2133001222
3023011222
3112011223
3123000223
3222000133
3222001222
3233000122
3133001113
3233302332
3223322331
3133322232
3133313331
2123323332
3111311131
2002011222
1001012223
1021022022
2113001112
3123000111
2323000110
2033000112
1023001113
1123331110
1023000222
2003000223
3003001122
2122000113
2022001122
3012001113
1012001223
2111001123
3112000122
2002001133
1013000133
2011000233
1033300110
2233300111
1233300022
1001001333
0011100333
0013300113
1002000113
2001000122
1011001112
3011000111
3021012111
1021001210
0011100122
2011120100
3011121102
0001200023
0002200233
0003300222
0001102233
0001101113
0001300112
0012200012
2011101110
3001200110
3011100020
2011300010
0010102112
0010101320
0010132010
0021121010
0010221020
0010211210
0020102210
2220322210
0110300210
1120100210
3000100220
3000200021
2002200020
1012200110
0312000110
2211000110
1203000110
3303001110
1301000120
1001301110
2001100130
1001100032
1011200021
1001200220
1000211120
2000101121
1000101230
3000121100
2000130101
2000300120
1000200131
2000220200
3001120203
2100200210
0030200210
0103000121
0211000121
0111200111
2111230101
2012220102
1112230132
0022231132
0013330132
0011132332
0111231232
0122230231
0122232332
1122231130
0112331131
3122231101
0122211133
0002331232
0012330331
0013331230
0023331121
0123330220
1112330221
1113330130
1222330120
1123330021
0003332221
0012232231
0122232220
1222330331
0122330032
1123330232
0223331231
1122332231
0222332330
1223332220
0223312223
1113331331
0113332232
0023331332
0111232330
3223300232
0111211333
0222311333
1222302233
1123301333
0113312333
3222313332
1110332131
0133300011
0113300022
1112300013
1122200022
0112200222
1113300111
0022200123
0022301112
3022201110
0222300012
3122200132
2122200120
2023300020
3122300010
3022200030
1022200221
1222300222
1122200233
0112200033
0022201333
0022311223
0013302223
0113300233
0013311133
1112301133
2112301110
0033312233
0111312223
0001312333
1013300220
3012200220
3112200021
2111200230
3011001222
0011201223
0001211133
0002301123
3001011123
0133300123
0111301122
0001311222
1223300113
1133301112
0223301122
0113311222
3123311132
3222311231
3122211332
3233301131
3233311220
2133312221
2123311331
3223301110
1022301120
3223300021
2123300032
2133300130
3033301120
3111300120
2123330101
3002300121
3001102221
1003301121
2002201221
3023300131
1033300231
1033311130
2002311120
1002302220
3022212220
2023311220
1023302221
3113311120
3113301332
3123302330
3022311121
3122300221
2123301121
2122311130
2113301230
3013301221
2011300221
2122302220
1011311220
3001301220
3003312220
3033311231
3113312231
2123332211
3023332202
3113332301
3122331302
3113331212
3311000220
2213000220
2203001121
3301001121
3323011120
0323000220
3322002220
2323001221
1322000121
2312001120
3011211120
3122302232
2111311330
2113322330
2033312330
1023323330
1021323220
3023322230
3112313330
2111323331
1022300031
2112300030
3011300031
3111300232
3111302221
3111212230
3122201230
2002300230
1002300132
1003330101
3022330102
2122230103
3111330103
2122200331
2012200131
1012211130
0110213233
0020031020
1110021020
0220021010
2011202220
0102220320
2300020320
0300120321
1011200232
3011101230
1011102231
1011301131
3001200231
3000211221
2001211230
3000202230
2000302221
1000212231
1001202330
1022312230
1022211331
2011322230
2023312232
1022322332
1001322232
3000322231
3003312332
3022312331
3012322232
3111312332
3001212232
2033301332
1023301132
1022202232
2001101232
1000102332
2000200332
2011103332
3001323332
3121322132
3000101331
3000201132
2003311132
3000311130
3001311331
1001300331
2001302332
2002312231
2022301231
2023303331
1000323331
1013313332
2013300232
2112303332
3012213332
2011311232
1002313330
1013302330
1012301332
2002211332
2111201332
3012201232
3012311230
1032323231
3002202331
2112202330
1022203330
3011203330
1021201032
2011212331
1001213332
2323112231
3322122230
2312123330
1102123330
0212122330
2323013330
2322022331
2313022232
1323012332
1312122332
2313111332
3313112330
2303113331
3322111331
2212113332
0203113330
1213111330
1323111220
2313012220
0313112221
0213111232
2312111230
2322011131
3312112232
3323002232
0323012230
0322011232
1323000331
2313003332
2322001330
2302023332
3302122331
2322000232
3322003331
3313000132
2311000131
2302000221
1303001220
0313001121
1302011121
1311001221
0311001132
3311012221
3303002221
3302111221
1322002231
3313001230
0312011220
1311011130
0312013330
1312000230
1213001130
1212000132
0212011131
3303011131
2213011231
2202111331
1302112330
1303111231
2203112230
1103111332
1103122231
0212002221
0313011331
2202011130
2211001230
2201002221
2303001232
1213002232
2212022230
2213002330
2311012330
0311002230
1303022230
2301022231
1311012232
0312022231
3311022332
3302012230
1202012220
0103112220
0203011221
0202111230
0213000231
0203001132
1103000232
1103011230
1102011132
0302111332
0312002332
2212001332
2202012232
0202122232
0203012332
1103013331
1301023330
0211011330
0301013332
1101012330
1102022332
1211022331
0202023331
0302001231
1201011231
3301011232
3311001331
3213001101
0201022230
0101012232
0103002231
1101000131
1102000220
0202001120
0101002220
0101011130
0202002330
1102001331
1212003331
0211000332
2201000232
2201013331
0101003331
2103000200
2101022202
3213001213
3212111203
2103022213
2101000211
0021000212
0021100310
2201120310
1301220210
1211130210
0311121210
2200221210
2221200210
2300130210
0100031210
2100121010
2220121020
2010101030
1010203230
2020103220
1010212032
2010202010
1010301020
1020211010
3020101010
2010323010
1010322030
1010102120
1010312121
0010322310
1021101020
1020323032
1010103132
3020213230
2010213232
2010323221
2010322132
3110212132
2010212130
1020302130
1021212030
3021311032
2021323232
2030103232
1021033222
3121213232
2132203232
2021301030
1032201030
3212221030
3010313032
3010303231
3110323232
2110313230
3010102032
2110102131
2120101032
0010202133
0010213122
0020221032
0020101022
0110101000
0010201013
0010311002
2030102130
2010302031
0010212011
0010203321
3010103121
2020202121
2010213021
2020203030
2110203120
3110103030
3010303110
2020303132
1020313231
1021312132
1030213132
2021302110
1021322010
1020313110
1020303021
3020201031
2021102031
0010232121
0020132130
0110132031
0110331030
1120221030
1110121032
0120031032
2110211031
3010311021
2110312020
3100021032
1220021031
1200021321
0220131030
2230121032
3330021031
3200121030
3121101030
1021311021
0130121031
0021131031
0220221021
0330121020
2330021010
0100021000
1300121310
1300032210
2200031310
2200021001
2000121213
1000121322
1011120312
1011220203
1001121200
1000220313
1000221101
2011130202
2001221103
3001230102
3002220201
3000220302
2001220212
1002221202
1002230103
1011131103
3013331101
1022230200
1012220301
1012231101
2012330100
1002230211
1001130213
1023330211
3000130212
3000132201
1001132202
2001121302
3001130301
2001131211
2000221311
2001330201
1011330102
3001331100
1013330203
2003330212
2022230212
2112330202
1022331202
2000331102
1000231203
3002221213
3002232202
2022232201
2000332200
3022230301
3112230211
3122232203
2122331200
3112330300
2112231301
3111232201
3012332200
2111332300
2113332203
2013330301
3111332213
2111330311
2113330322
2122330313
2023331213
1023332303
2111331323
3012330323
2022331322
2112332312
1022232323
1000232301
3022231313
3012221311
3000232213
1000331211
3002331301
2012331211
3011331202
3011132203
3111230302
3002230312
3111221203
3011230200
2111220300
2012221200
3001221300
3011220322
2002220323
3000221323
2012230303
2002331203
1012232203
3012232322
2011330213
2011232302
1011332212
1012232311
1012330312
1002332302
3000132322
3003331322
2001330322
1013332322
3001332323
3000332311
3011132311
3011121313
2011130323
2011131300
1002231300
1011221323
1001232322
2001132313
2000331313
2311120321
1203330310
3302220310
3322232210
0322230310
1312330210
3311130310
3301121320
2311221310
2212230310
1312220320
1100220321
1200130320
0200221320
2211331210
2302231210
3300331210
2311132210
2301330310
1211330320
0212230321
2322230321
1323330320
0103330321
3311330321
1311131320
0311221321
3323331321
1301230321
3300031321
0100131321
0300021011
0200121002
3100221021
1300021023
3102221010
0100221033
1110201033
1110231021
2101221030
2100131031
0101121011
2200330321
2201131321
2322331310
2213331320
0323332310
1101330210
0201230310
1101221310
1131121020
3323332122
3322232133
0311331310
1300331320
1102231321
1100031011
3312231320
2311232321
2300121003
2331121030
2232221020
2330221021
0031221021
0332221030
1132221031
0102221022
1200221022
1230221010
0032231010
0021232020
0130231020
0231221032
2230101210
1030102010
1032302032
0030132021
0230031021
0200032320
0120032121
3100032021
2100032130
1120032030
2220232120
2220032010
2220332132
2220331021
2221231030
1220231032
1221131010
1120132110
0201132210
2220132031
2230032121
1221132130
1231131031
1121132032
1121331031
1030301031
2030211030
2021213010
0032331031
0021332131
0220232131
0131132131
0330032131
1230032032
0330131032
1330231030
2232231032
2200031022
3220212130
3200032132
1100032122
0202331320
0231331030
1031213230
2030103021
2121103020
0031232032
1331331032
3021202132
3021103231
3021103110
1021103121
1031103030
1030213020
1031202120
2030203110
3032202130
0030232110
3330032110
1330132120
2231132020
2231132132
1330232132
1131332132
1121332120
1131232030
3331132130
1031322130
1021002123
2101132110
0131132010
3101131020
0301121022
3311121000
3331131010
2311121023
3300131001
1300032133
2300032011
1300132321
0211132321
3211132120
3211232132
0301232320
0311132122
2311132133
0231232120
1211232310
0132232021
0032332120
1132232110
0130332130
1110332010
2330232010
2232232130
2332331030
1132331020
3300132310
3332332131
3212332130
3110322130
3021322120
0221332021
0010323133
0020323222
2300132122
1100131023
1201121013
1202332210
1200132111
1230332110
1230232021
0300032112
0100132113
3202232110
2200232113
1200032013
0200032001
0200132022
0232332032
1332232031
1331332121
2330332031
1212232133
1212332321
2302331321
1200131000
3330232121
1302232111
3301132111
1101132133
3201132031
3200331031
3100232131
0101232111
3101231032
3311221012
3331231031
0212221002
0201221000
0311221033
1202221033
2201131033
2103331030
3102232030
2100232020
2102332120
3102332132
1103332111
3103332010
3200231010
3203332121
0300131013
0100231001
0100232310
0121331010
0220212210
0020213310
3110213010
2120303010
3020312010
2030302020
3120211020
1110211320
1120311210
1230300210
1110203310
1330100310
3220101021
3120102120
1220102310
1110102321
1130101320
3200101320
0130103310
0110103011
3220102132
3220103230
2121103132
2120203231
2130213130
2131103230
2131101021
3031201020
2032203220
1032303130
1032212131
3032213231
3232213130
3030203131
3130103221
3220323221
2031203032
3230103031
3230322131
3030323132
3032312132
2130323231
3230313230
3121323230
3221313131
3031303232
3132303131
1120323233
1221322133
2032323032
2131313132
3231102121
3231203231
3131313221
3131323031
3120203032
2130202132
3131102032
3121203130
3120303220
2030313220
2021313130
3021213121
3110313121
1030323121
1031303221
2021323021
1031313031
2030312032
3032203021
3030322021
3031212031
3230211031
3220301032
2131211032
3132211030
2132301031
2101332031
2031302131
2232332021
3120302131
3120313030
2120322031
2131312030
2121303031
0121103233
0102331033
3102331021
3100101033
3130301010
2032301010
1032111210
2100102123
1120101011
3230203120
3220202010
1110203022
1110102002
1220102022
0120102033
2220201012
2220211033
1300132002
1100232012
3300231022
0301132033
2301132000
2321102100
3100212210
2132323130
3032323220
0031323233
1131303233
2101323233
3102213233
1332313233
2120323120
1110323122
2130303121
0110323321
0110302320
0220301310
3220323010
1220323111
2220103011
0020301011
0110302001
0120201002
0010203002
0020211321
0120300321
0021322321
0121102320
2100103320
2220100320
0021301320
3021000321
2021001011
3121312021
3221302030
0021322033
0221313233
3131013233
3032023133
2032113233
2132023223
2132122133
3221023223
1021023133
1021033011
1021011033
3221033033
3021001023
2021033023
3031033223
2032133222
2132133113
3232122113
3231022133
1031022111
3232322030
3232312121
3231323120
2021023002
2121033000
2132033033
2031012133
3121003222
3021023122
2031013222
3121002133
3021002000
1021012001
3021033310
2021003112
2121002022
1031033113
3121033111
1021012320
1032133111
3032002123
3132001033
1032022033
1032112123
1032023122
2032122022
3032122210
1032011022
1031013003
1031003022
3231033122
1031033320
3232133012
3132123122
3032133023
3132133000
3132111022
1032123013
3032123002
2032033012
3032123321
2132133320
2102111323
3103111213
2102133301
3102033323
1032002112
2032002210
3121002210
3031001310
3221000310
3232003111
2032023000
1032122001
1032111003
2032013023
2032111011
1032013011
1032001001
3032001012
2031012012
2032002003
3032111320
1032122320
3212322320
3211322123
2031011000
1131313111
2032022113
3032013112
3132003022
2132303020
3032312020
3032112013
2132113012
3232113001
3132122011
2132023111
2131013113
3130312120
3031313110
2032113310
3221312110
3132302110
2131322110
2131023022
3131022112
3031023013
3221022013
3221013112
3031022320
3031022001
3131012023
3231033001
3100103022
0120103122
3221033321
1232302111
3212302210
0212332111
1201332112
2201332133
0101332123
0213332123
0302332133
3300332123
1100332033
2322332111
2213332112
1312332122
2211132013
3211332010
3231312032
3331332020
3232203032
3231303010
3311332112
0211232113
0031323310
1120323310
3211231021
2312232113
3311232023
3302232122
2322232022
0322232011
0322332023
2203332023
1300232023
2302232033
1322231033
3322231000
2201232022
1311232012
3311132002
0211131012
1211132001
1311332033
3313332011
2323332002
3322331012
3212331032
1323331022
2313331013
1103331013
1213331033
1102332022
1322332000
2213332000
0323331001
1303332001
1312331011
1212332002
2312232001
3312332003
1302331003
3302231011
1301131011
2203331011
0203331022
0302332012
0202232023
0312231022
0301331023
1211331022
0212331013
1312221013
3302221003
1311221001
0301231002
3311331001
2301331012
2202231013
2311231003
1212231000
0311232000
2201231001
1201332000
0202331001
1102232001
0101332002
1101231003
3121012002
3221001012
3201201210
0231101310
0230101001
0220103000
3221013000
2121013011
2131002111
2132003001
1131102210
1132200210
3330202210
3331300210
3231022210
2331102310
3331100320
3131011011
2132011002
3211011201
3232013222
3232013033
3132022003
3232012012
2132112000
2232122200
1332122213
0032322000
3232002000
3231212020
3130213021
3232033310
1132133312
2232123311
3211102011
3213302033
3202312133
3201303233
3212203133
3211213223
3212303222
3213312122
3212313113
3211313033
3213323003
3203322113
2103322133
3102322111
0032323111
3211322002
3212202022
3212201001
3211203000
3211201033
3221203021
3211103023
3200103223
3201102133
3201323222
1131323222
3201101022
0230323223
2331323223
0021303223
2220313223
1230213233
2221213133
0030213223
2220323033
3332203233
2320323212
1320323200
2221323320
1220103133
1120203223
3212303011
3212213002
3211203112
3202213111
3202302112
3213301012
3211311000
3212211310
3211212013
3202212000
3201211011
3200212033
2101212133
3200102013
3200202111
3101102112
0121102113
0220202112
0020322111
0020212113
0110212023
0020203023
0020302122
0120301023
0221201022
0032201022
0021203000
0121102001
0021101003
0030102002
2220203122
2100103001
2100201011
2101203111
2101103013
2102203033
3100203133
3202203013
0120303133
0232201033
3203303123
3213302321
3200213122
3200322022
3200203002
3103323122
3102323033
2100323113
3202323001
2103313223
2101203223
2101322023
2330323310
0110203113
3232301020
1032001320
2032003321
2232203011
3202211023
3102202123
2102213113
2102303122
3103303111
2103323011
2100313033
2100211023
1110311022
3101312113
3101311033
3201302023
3103301023
3102213022
3201313012
2103312022
3100311012
3203311003
3103313002
3203013301
3213312001
3100322001
3101102000
3101201013
3101303001
2101213002
3102202011
2102311011
2103302001
3102301002
2102201000
2101301022
2100302013
2101323000
2103023302
2103003313
2101033312
3102023311
3103322321
2131001013
2131202010
1130202111
1110302112
0110322012
0120323001
1110313011
0221322000
0010313013
1110213003
0120213012
0130202022
1120202013
1120303002
1220201000
0120212000
2100311000
2101311210
2121011310
2221033313
2131023310
2103011211
3103001301
3103011102
2103111300
2103302320
3103311310
2103112312
3103002322
3102113302
2102122303
3103122202
3203111302
3203112211
3213011311
3213022201
3211023301
3102112200
3103012303
3203011200
3101012211
3212001300
3213002302
3211202320
1221023311
3101023303
3101322310
2102002311
2102000322
2102013300
3102303310
3102212320
3201213310
3330213320
0030202320
0230100321
0031101321
0221200320
1121100321
3101200320
2131000320
3121013320
0221313310
0220322320
1121300310
1220303320
1120213321
3200312320
3100303321
2102203321
2101013323
2101312321
2230322321
3232022321
1132322321
3201103321
1231103320
1230103222
0130303222
2230323122
1230213310
2231303222
3331103222
2221300321
1131103123
1121303122
0231323321
0030313321
3211313321
0230212321
0032302321
0032202111
0030213111
2330212111
0031203133
0221202133
1121203033
1221301033
1121213001
0221303001
0021211001
0220213123
0131203321
0032213320
0121211013
0131201000
0131301210
0021312210
0121302012
1220302011
2221202001
2220213000
0021313002
0130211310
2331211210
2221203013
2221303111
0021323113
2220302113
2220312022
0220312033
2220102003
1230101013
0331101012
0221103012
2231103000
0230103111
3330102112
2231102113
0031103112
0231103033
0031102023
1331102122
1331101033
3330101023
2230303133
2331103133
2330203223
0330102133
2330101002
2331201022
2330101321
1330300321
2230211320
1220311321
2230302310
2232201310
2230301023
1131103011
1220313013
2221311013
0220311012
1120311003
1121323003
1130103003
1231102002
0230202003
1220212002
1131201012
1230301002
1130212033
0131212123
1120312123
1230212113
1230302122
0232202122
0132203023
0131302033
1132203112
0330203122
0032303122
0131303113
0121313023
1330103113
1331203111
1230203023
0232203000
1132213223
1132312133
0132323123
0030322123
0130323112
0031323022
0132323002
0032312113
3332323113
2331323111
0231322111
0332322122
3332122323
1332133323
2332323321
0032213001
2232203123
1232303033
1132302000
1132202320
3332203310
3132012310
0231302320
0131311321
0132211011
1330201011
0231202011
1231211001
0031303011
0130312011
0131212002
0131313000
1230312000
0031311012
0331313222
1332203222
1131213022
1130322022
2230322002
0230322013
1330322033
1330313123
0332213123
0032212033
0331312133
1332202133
1331322113
3330312113
0331302112
2232212002
0231213013
1331213033
1232211013
1132312012
1131312310
3331213000
0331103001
3331203023
0232313011
2231323013
2231312123
2331213122
3332212112
0332203012
2332303112
2332213013
0330211033
0231311023
0230313022
2232313000
1232323022
3330323012
2230303012
0210103212
2231312011
3330302011
3331102003
1331202013
3332302022
2332322003
2331322022
2231302003
2331311033
1330311013
3330211012
2330212003
0330311001
1332312023
1330323001
1231313002
1331301000
0332301013
0232312003
1330312210
0331212310
0330311320
3231011320
2210313211
2210203213
1310213212
1210323202
0310323211
3331301321
3131002321
3202201321
3202011322
0332201320
1231201321
1232303321
1232323310
2332322210
0232312210
1332301210
1320303211
3321323201
0321213211
1321313213
3321303212
0320203213
3310313213
0320313202
3321213203
2321323103
0321322102
3321303100
3321212101
2320213201
2321103202
1321213102
1321302103
0320103201
0310213200
0320312100
2320322101
3310323100
1310303203
2310103200
0310103103
3310203202
3320302102
2320203103
2310313102
1320202101
2310102102
3310202100
0310212102
0210102101
1210202103
2210203101
1210313100
2210322103
0210303201
2332201003
3332202001
3332311000
3332123300
1232123303
0032000322
3201022312
3202012213
3211002313
3201001311
3203000211
3211000212
3202000302
3202002201
3101000313
3102001212
3201012300
2102011203
1331322320
2331303320
2232312320
2231022323
2332202321
1331213321
2132011321
0032012323
0032122312
0332133302
3332033322
1232113322
0232023323
0132123301
0032033311
1132033300
0021023323
0121000323
2101002303
3101001200
3202001103
3332001323
3102000101
2101011101
2332111322
2232112313
2332122302
1332022322
1132112302
0032112300
0332113313
3332112311
0132112213
0332122201
3332112203
0132111201
0232111303
3332022212
0032012211
0332111212
1332111301
1132011313
1232012311
1331023313
1121013313
1221011323
1131012322
0221022322
1221003322
0021011322
0021013311
0221002311
2331033311
2232033302
2221013302
0121033303
1121003301
1121000102
1121001312
0121022301
0131022313
1131023302
0232022302
0331023301
1332003301
1221022303
3331012313
2331022300
0021012303
0031022202
0032011302
0132002301
0132022200
0031002312
0131011212
0032001213
0132003313
0231013312
2332013303
2231011213
1232002213
2221012200
1132001211
2332011211
1332012202
1131012201
1232011200
0331012200
1231002300
2231001322
1331011312
0231011301
0132011103
2331002212
1231000311
0331001211
0032000201
0232000212
0021002201
0121001300
0131002203
1121011203
0221001213
0221011100
2221001301
1221002202
2221000203
1131000213
1132000302
0231000200
1131001100
0031001102
1231011102
3331011103
3332001202
1232000103
1331000202
3331000101
2232001101
2331001303
1331000323
2332000200
2232000313
3331000312
0101211200
0100322323
0103323301
3323323311
1103323313
3311211323
1101212323
1211102323
2212200322
2311101322
0311202322
3311213312
3302203322
0201213322
0101303323
0323323323
2213323323
2200323301
2323300322
3323302323
2322322323
2323313313
2300313323
1201323323
3301312322
3302323323
1300103323
3313322322
2323322300
3322313300
2200100313
0201100323
0300101322
0200300322
0200102300
2202322322
1100313322
0102312322
0101323312
0203323322
2202303323
2212213313
2212311323
0213313313
1212322313
2211323312
1213303322
1211323300
2213322302
1103300323
1102300100
1203300102
2200100102
0311323313
0313323302
1322323301
0322322312
2311203323
1311313322
1302323312
0300313312
1102313311
1322213312
3322213323
2322201323
1312212323
1322311322
0313311323
2303301323
1203312323
0300212323
2200202323
2200311322
2203313312
1200322312
1100322300
1300302322
3300322313
3302322302
3311322311
1313313311
3301322200
1100102313
1100212311
0100201323
1101101322
1200103302
1200303313
1202301322
1203313300
1213322200
0312322300
2312302322
2213302313
0322303322
2311322213
1303322303
0323312303
1313312213
1323322211
1311322201
1322322203
2302312313
2322312302
2323311212
3323312201
1323302312
1103303302
2303322311
3323301302
3312311312
0211311322
1211302312
1312313303
3311312303
0201322303
0211312200
0212322202
2202322201
0202322311
0303322201
0301322212
2211312301
1101322213
0100322211
0213312211
0203303311
0103302313
1103312212
1201102311
1322300302
2322303311
3322300313
2322302213
2323300201
1323302200
0323300212
0322311211
1322201311
2212301311
2213302201
3322202312
0311311213
3322211213
3313302212
2303312200
2300322202
2200312213
3313311203
2323311100
0213311100
2313301300
2301313300
0311300323
2311300312
1302200323
1301211322
1101213300
1102203313
0102300312
0101211312
0100203312
3300103312
3300201313
3301102213
0100100213
1100200103
0200101103
2301312211
3300311311
1203311311
0303311302
0313301311
1312302211
1302311212
2312311201
1212311302
1313311102
0312212311
2302211311
2300212312
1302312301
0311313301
0322302301
1212213301
0102313303
1102311300
0202212313
0212203312
0212201323
3312303302
2312203300
1322212300
3312212200
0322212202
0302213302
0301203313
1301303311
1100301312
0101100311
0312202213
1301212213
0302312203
0100311213
0102212301
3300212203
3312200311
3311301211
3302300212
1303300213
1212301213
0201311211
2302301302
2202202312
1312202302
1311201313
2201301313
2211311203
0211213303
1211211300
0312211303
1301311303
2311211302
3312211102
3301211100
3300213301
0200312301
0100211102
1103311101
0103301211
0103301103
0102311202
2203301212
2300300211
3303301201
3300101211
1200100211
0212300211
0211201311
2311103311
0311102211
2311302202
0212302303
1213300303
2200102212
2202300300
1202200311
1300200312
1311300300
0311103300
0300301212
0300212211
3301202311
1101302301
0311211201
1302211200
1311202200
1202202300
2211102300
2212202203
2201212303
2200203300
2300211300
2200212201
2300102301
1300311201
1200211302
2302311103
1322211103
2200211103
0201311103
1200201213
1201300212
2200300203
1200302202
1300102203
1101301203
1102201302
1100101301
1100202200
0100102202
1100300201
0203302200
1202301201
2301301200
1301201211
1311100212
0211200213
1311101301
3311200303
3311301103
2312300203
3322200103
0312300102
1312301100
0322301203
3322301101
2322201202
0322200201
0202202211
0101202213
0201212202
0300202302
0211301202
0301301301
2201303302
2203301100
1300301103
1311201102
2211301101
2302300101
2202201102
2300101100
2301103303
1201100300
2201101203
0211101303
0201203301
1101100202
0200200202
0202200303
0102200102
0302201103
0300201200
3302200200
1301200203
1212200202
2301200301
0201300101
1101201101
2201200100
1211101100
0212200100
0211100201
1301100101
3301101102
2311100103
