--- Global Parameters ---
Code Length:			10
Min Codebook Edit Distance:	4

Max Run:			3
Min GC Content:			0.3
Max GC Content:			0.7

--- Generation Configuration ---
Generation Method:		Linear Code
Min Candidate Hamming Distance:	3

--- Results Summary ---
Number of Candidates:		13378
Number of Ones in Matrix:	1273946
Number of Code Words:		752

--- Performance Metrics ---
Number of Threads:		8
Candidate Generation Time:	0.01	seconds
Fill Adjacency List Time:	1.63	seconds
Process Matrix Time:		0.48	seconds
Overall Execution Time:		2.12	seconds
=========================================== 
0001010002
0001122003
2322232220
3222113220
3222300222
2220200022
2220003112
2221301110
2223330112
3221220220
2223320020
2220210110
1221110010
2111332110
2113110110
2112001110
1212331110
1122133110
2111013113
1121310113
1210113110
1110100011
1112210010
1113233011
2113231113
2220013020
2200033002
2202002000
2200101003
1220001010
1222030012
2221030021
1220133011
1213000111
2213200010
0220220003
0222031000
2221223023
2220033233
2220313303
2221123300
2223233301
2223020303
2223232232
2221331231
1223313330
2220101232
2210011123
2203330323
3220010223
2230001220
2232102223
2231110220
2233323221
2233311311
2122200123
1221200201
2223202113
2211022010
2122322010
1222331202
1220012200
2212032202
2213330200
2211301202
2203113000
2212113013
2213232120
2202220210
1220202120
1220020330
1222330331
0221302000
2210002333
1221003331
2111033300
2211311330
2211223331
1220112331
1110013330
1112303331
1110332333
2120022123
2200312001
2200013211
2201311213
2200331130
2200332212
2100032220
2201233320
2231133311
2232332310
2231231223
0212223223
2101202223
0222022210
2121232333
1221322332
2233312033
2230021033
0220001131
2232230030
2203232003
2203222131
2202300132
2023033320
2023332130
0223303323
0222030133
0222311130
0221121323
2201213133
2200131322
0222032322
2022233002
2023131000
2020330001
2022201132
2022331322
2022312213
0221201213
2021323321
0220223321
1112022332
2203202322
2322330100
3220233100
3223030310
3222301311
3220022313
0200021113
2002331113
0202133111
2000300111
2120303120
2122133203
3222100030
3222313032
3220322030
2323033031
2322233313
2320011313
2230220312
2202211002
0202220022
0221110131
2122110332
3221112033
0021112113
2231113102
2233101031
2230200101
2233122100
2321131101
2322123102
2321003100
2121013201
2210210202
3220110312
2020210323
0202003301
1122003300
2120203011
2001002113
1112231330
0112233000
0002323002
0022300302
0110011000
2100013100
0022100110
2021221001
2102022102
2021002322
0112020002
3220020102
1110032010
2110002022
2111300020
1120020021
1100202000
2000221300
2012220100
2110010301
2110203303
2111220302
2310220001
2111021023
0021220300
0021033302
3200203010
3320300110
3322331112
3322122110
3322010111
2312013000
2322122031
2320112100
2101123220
2011011220
0112112003
2011311103
0020131112
2312332003
0020002020
2100210030
2100213312
1210100300
2012010033
1200300031
3200200332
2321310033
2321322103
2300220122
2302211120
2332221113
2300100012
2331233110
1202221030
1210221303
1212322300
1210233020
2000233023
2002322303
2010221223
0200130023
0200211020
2000301022
1112020123
1122013232
0022233230
0022231021
0022032111
2021032003
3210022001
1212200233
1210303230
1110232202
1110300203
3202110333
0231220010
0113322000
3202122203
1002212200
0032022100
1013232000
0002223133
2000202231
2001023233
1200203222
2101122313
2102002311
2123130011
3211133001
2010330313
1211330303
1211311023
1201132223
1120112020
1121322023
1120330230
1120212303
1113011201
1202311220
1020001223
0202013233
0020022233
0102000332
0201212232
0002213212
0002100321
3002232221
0102302200
2132213210
2112301233
0022301231
1211032231
2311222320
2002131301
0021113020
0001112322
0001022132
2001130112
2001012021
0001322211
0112132210
0211312220
2113322232
1023332223
2100332103
1021110223
1022211313
2012121310
1022011101
1020301100
2100121101
2102110103
1200113033
2011130031
2010223032
0211103033
1022030221
2110323021
0213002221
0122003221
0021313232
1123032022
0120100222
0110030320
0122320033
0121200031
1020201031
0122212032
1011023003
0111032001
1201012101
1320110002
3210303002
3121203000
3122310001
3120101002
3100200023
1103210003
1102031001
1322323003
3012223303
3022010200
3022232010
1232301000
0112301001
1321212000
0212123100
0210112102
0231121200
0213001103
0212302032
0211010312
0211203310
2012013311
0202312023
0201001230
0122130313
1202303103
0213321033
3002321100
2013203101
0003201001
0332211000
0012133201
0010223200
0011002202
1012130002
1121231302
0012220332
0112210131
2300021203
0100201203
0102120010
1000120203
1000221013
1010312002
1230123000
1000333201
2103011031
0120131030
0012201012
3001210103
0011321010
3000112101
0100230011
0010302011
0010111013
1000110122
0120202310
0122323311
0010323331
1110121331
1000231121
1100010131
1312001030
1100203133
1102232131
0102112120
0001231130
1001113330
1000211332
0011021333
0301113100
0100103331
2101331311
3110033311
2113003231
1021032310
1302021300
1200321311
2300031331
2301012330
1100122130
3301221000
3010021110
3110101310
3102113300
3201013200
1203120310
3001003101
0012332120
1001330013
0013331332
1011233323
1311222033
0013231203
0232231331
3201030331
0111332322
0111313002
0111013321
2113331022
0110133133
0111321132
3020013332
0003200132
3001203313
0110031213
0311031110
0003123320
3020122011
2301231013
1012131131
1011303133
0213131313
1301110303
1300131113
1103211130
0302203031
0301133313
3021033011
0300220310
0302101103
0322202333
0103212333
0030013102
2030102200
2301112201
0203112301
0103132203
1003112013
2030212011
2031110013
2032213332
3200311202
0032032032
2031120332
2033023331
0203030232
2033111330
2130231002
2133311000
0013110200
1011120210
0031020031
0031300101
0032002313
0030123312
0100123122
0010303122
0013311121
0123331102
2013020222
1010013212
1013222132
3011122233
3022132333
0132211233
1010311320
2023010211
1103000323
1100322322
1023330032
1003320331
3021300331
3002302031
3003131310
1003102121
1310332100
3112202101
3112111032
1310121102
2303332010
0230032011
3203303201
2031200202
1233322001
0103222012
0130222020
0321020203
0232320201
0103031010
0130331301
0213322311
1101300210
1123022110
1312231103
1312022101
3230223111
0302312101
2132012131
3122113131
0312212113
2310122133
0320331011
3202002121
0232131012
1032120301
1032022021
3011011301
3321130113
3023310013
3303131001
3033021001
3030202002
0333120001
3332220101
1312031311
0203303112
1302100111
1030201112
0232001202
0302021221
2330322110
1330010010
0131002111
3013220111
3012202023
3011333020
3011120022
3110320222
2103301220
2031032120
2032311012
1030332020
2033013010
1032110020
3013312110
3100012112
3011323112
1033321110
1030333113
1132321102
3110323100
0133101112
3203210120
3233110111
0113110322
1132201220
1131000221
3013200302
0033232310
2033223123
0113023210
1030302301
1233003002
1031223020
1301003022
0303110032
1130012032
1131310030
3111031030
3113213030
3110133220
3113332221
1103331212
2320331223
3100033232
3011010232
1033233302
3102230112
3300123002
0330132002
0311123302
0130122303
0300302223
3100013021
0311102022
0131012023
0131203230
0132330022
0231332202
0313010020
0033200220
3003310222
1312300220
1311123223
0233122332
0032113223
0031033221
0313232230
0313211301
0302332312
2313301130
2310010132
2312232132
2331020112
3120221132
3211000133
3211210213
0123021313
0313300231
3113300311
1113003122
2311003212
2310233211
3231332111
2323032102
2312302322
2333001022
0230321122
0330221131
0310312232
1123102232
1322003133
1132302033
1131003103
1130303310
1131212310
1130130101
1311313310
1133123031
1313210313
1231220131
1323233130
0323103013
0321133122
1311030102
3120332213
3121021210
2301302121
2131030213
2130320132
3121330132
3103133023
3103320021
3122133322
1313233222
3232320112
0322013120
0332131130
2323130222
1233323132
1231031322
0233213203
1232102130
1232321213
1233111210
3231003020
1232230323
3231210022
3332010032
3312300012
3231220303
3132230200
3310201200
3232012301
3210120321
1320103212
1323320211
1322313322
2133123322
2313313213
2331333021
2330112023
2331132300
0331123133
3131123013
3103123111
3020312122
3313031013
1333002013
1330033121
3330231310
3130003201
3133300120
3330113031
3123011321
1321301321
3212023322
3323230020
3322213021
3323310302
3320222023
3321201022
1033212022
1333022200
3133312203
3311310200
1313132032
3331320310
3321002112
3300020211
3301200320
3312111201
1331103201
0332033210
0333220322
0333101321
0330021323
3331001313
1332011333
1333221330
3331232102
3302330210
3303203212
0333212212
0331311211
3033301131
3030032131
3023030123
3013113231
3033001212
1033021233
3031102211
3233120230
3230213230
3303022320
3030113320
3332121311
3302111322
3032122322
3033231321
3330221222
3330313223
3320110230
2333210231
3102323233
3322121232
3323311231
1333113123
3313131122
3312323123
3131122120
3133021123
3302011213
3301312132
3032120133
3131113332
3321133231
1330301332
1331210332
3312000331
3310222331
1030132232
1303223233
1300231230
