--- Global Parameters ---
Code Length:			12
Min Codebook Edit Distance:	4

Max Run:			3
Min GC Content:			0.4
Max GC Content:			0.6

Using Generation Method: LinearCode (minHD=3)
Bias vector: [1, 3, 2, 0, 2, 1, 1, 0, 3, 3, 3, 0]
Row permutation: [6, 5, 3, 7, 4, 8, 1, 2, 0]
Column permutation: [11, 5, 10, 8, 1, 4, 2, 7, 0, 9, 6, 3]

--- Results Summary ---
Number of Candidates:		234084
Number of Ones in Matrix:	44541638
Number of Code Words:		4721

--- Performance Metrics ---
Number of Threads:		32
Candidate Generation Time:	0.18	seconds
Fill Adjacency List Time:	115.18	seconds
Process Matrix Time:		42.98	seconds
Overall Execution Time:		158.36	seconds
=========================================== 
322200022233
322233322230
233322200022
200022200011
200011100012
233322211000
122233302333
311100022200
322200222000
200022000222
100022213332
200022333122
300033322212
300011122210
300011100223
300021222333
330022232233
330022201222
333222122233
122233300111
112233302220
232223330222
332220002322
113330002221
133300011121
000300011122
022200031110
322202000110
222130001113
022230011133
322200111300
122233301000
222033312220
122202000202
322230002210
022230003222
020200012221
022232200032
002200022022
022200020132
222030002122
222300300022
322200233022
322033323222
212200333222
311100033222
000202232221
002223332201
322003022210
322000100221
212200010011
222100020021
222133320022
122233100322
232002002221
002002022231
222000232201
020002032223
220233300221
223233200022
222322100020
222322233320
223330020222
233310001222
232113000222
223300011223
221301000222
222120003022
132200230222
122000232322
022103002220
132030002220
202230012220
202211000220
020202000220
100200020222
102000122232
220003022232
022001002232
220230002232
222000122023
212100032223
220332002220
322211000323
333110002223
132210002202
330200022201
222020031220
020001220221
232220010202
232202100022
223000233222
222102333220
111200032220
012302000222
002232300222
223323303222
222320330221
222302332232
232210030221
112230020022
222013100223
211000100222
222330010032
310111000222
122200200321
120010003222
220033103222
120003320222
200030312221
123133300222
023000302221
122330130222
220130330222
202000322122
220001200322
222000111032
220011000202
320002002022
120100100022
121100020223
020201023222
203200022202
323001002223
223003102220
001001002221
001100012220
000222103222
222332302322
002033220222
000223220221
222303202202
222010200012
222001210002
122022200013
022000102120
022201010020
223200100021
223222300023
022313000212
322303301222
222333031212
212033001222
222003013212
032200012213
222302001132
122002002123
033233320222
033200020221
232223003122
200220332220
212200322200
223220002200
222000220110
322302200021
010222000212
202122300022
332022302220
322231303220
333210220222
021233302223
122333012213
222103010223
022203312203
232232001223
322230012323
322130001322
322330023212
222100023312
122230001231
202130001221
212000301221
312220033223
333230032221
222002011200
222010202230
023300012202
122300101223
323330022231
023022102223
222330021201
222331012020
222330023023
222332220233
202030020223
212330002230
223323022233
322322032233
232322203223
303223002223
333233022232
320300221222
122130012230
322023032202
222320132230
022332232230
222022232030
022022332200
023222301220
112200020210
202322022203
202330321222
222332110200
122333210202
222331100213
232300120221
032001202220
333111022202
302332302221
132331020222
032321003222
032322020220
232333202211
033220022122
033022212220
033122233222
003332212221
323312103222
303232210222
203203010222
003222010221
002001102022
023200010322
002210023220
002231002231
032221200020
003221022201
023220100212
023302202212
013322022202
332331122230
020323321222
023232313222
202100102202
122302102200
012220001200
232302132220
233030112220
232233113220
000231011222
020313002223
232330222120
232130312223
232331232223
230300212223
010322232223
222312302203
032202202203
002223031223
201022302223
000120021222
000220111223
000203222122
002300221220
202200011321
032220332232
310200113222
220333110223
232220023213
232022012233
220031320223
320222032322
320023022122
020220302122
320220300223
102200021120
001220330222
212002302202
102020132220
002030111220
330220221220
332320011220
202332012232
202032122233
222110300232
002230011201
113200300222
202202232320
202202202002
322020220200
033211120220
300021122022
122320022302
022230223200
332202223020
232002220021
202032210022
202201230022
300212320222
320001122231
323022322322
302233222020
202020203221
102233102232
303221022322
200223302022
100022302232
200233312202
332333112202
023331022122
102123002202
330232212232
330230310222
220330212230
023302022230
310221330222
232220232002
302022233022
230022230220
002333121223
330202333222
133202003222
132223313223
102133313222
323332120221
102220322023
002220230021
010122200220
122210023323
321330031222
222133013322
203002130222
223233133322
323232330223
002310220022
302322200232
132120200220
032230002112
322320202032
122312020002
222331200102
323320010022
323322002023
233320012210
133322001223
033302301222
323300012321
310331220222
103000101222
233001031222
233301101223
103200022321
232003122322
313000222122
320320011212
331001020222
303202221223
320332211022
020020311221
022333131022
003211310222
122032020322
003202012122
102221302002
002202010232
302320122200
032231023022
232320230122
230323023222
302320133222
233321302202
231203022022
233002232202
233302230221
323230132122
233303220122
233102020022
323202312022
332103002122
330202000122
330223020022
312023200022
320220232201
220220300012
120022200200
122232022003
202002201232
232300210212
323330222002
223301022002
322122000230
022103220020
321022200020
333012200220
331310010222
233130022322
333101222322
333133220022
330132120222
133003222022
323203222012
320033220220
332203102201
332313120223
332203120232
322203220302
332220331022
032300212322
323003112122
020032112322
022003233122
002210320202
012330322022
021203320022
022031032322
300201112322
321000102322
013120130222
023030322202
130313200222
003301200222
222032100132
320313222322
010022022322
002022202332
121102000322
032132000221
033223200202
330021002202
003223111022
223033320212
202331332212
020023020223
333032012223
203133203222
332001032212
332201010322
332002110223
320031102212
133000122213
333002121122
332000231122
303102311222
001302320222
301020202220
001032010222
111332030222
222033212302
221033232232
200013220202
300110110222
320011001122
031220100220
231331022202
101022020022
202131002322
302032120220
300202200202
120202330022
210002320022
122302310322
030012200022
323222021203
302212003202
303310022022
033300222132
033300111232
031200202232
013000220223
100202203223
010033202223
010002220212
020010222120
200103202220
202200223012
221003223022
220001133022
312332230022
332110230022
221002300212
022232310023
012032202200
010022122200
310030022202
020322112230
020311120022
302310021223
302221033232
202302003022
202323011022
220223033232
322022320032
212223320023
022322323023
022323312020
032032223232
032302022123
032230202321
222323020123
322232223033
122200023030
023321000202
221323020202
023030210220
203130220220
203322102002
300223023202
002232033122
322231130002
302331222032
102231320322
203332120322
320231120322
322031220323
300200302212
000110302223
333211103221
333231200322
233302002112
233312020232
323012000232
323212120002
023122200012
030221100122
203210320022
000210010022
030020211122
332021103022
000332312022
300322312212
000301212212
300330213222
201033033222
221233233220
203313331222
123002300122
303201220212
323221200210
303232032022
002323320212
300233321022
102333110221
302232322332
002213202233
320223301212
332003121220
332022012002
032102020202
020202322102
232102023223
023101220202
202311322200
100233032221
200333012211
003300222021
213300032212
030310002122
002230102123
303020032122
012330011322
103332223223
003321223221
020322322321
030122302212
000133022322
000313313222
300103233222
300022323220
030332232202
031323322202
003132322122
303122332221
013231331222
023320332223
221320332322
102302321223
020231122023
022331102323
033133102223
233130133222
231311302223
232310002023
331313202220
323031033222
013023322122
103323302122
103231302223
102023312322
110302303222
222123302302
320112302322
030121220223
030322203322
321002032232
332202032231
333221322120
330313122212
300311002322
023331322233
033013023222
333013202232
133001102232
330113322122
233012032322
133322203232
103302201022
100030222102
303311312221
323311102213
223313002210
233312002201
323131232202
323311223202
232132232200
231102002202
203331122020
031132002322
003332230212
003020232232
200012233232
333022213212
323222023021
003133002212
133203302212
301000212232
323233212102
301203313222
333003223221
320023322233
320233023223
300032221233
301133100222
101032322202
131330333222
032301332221
002102232233
002202230210
202231331223
001220003122
332202332120
133102302223
331023222002
020231222332
202230222331
020131223022
021133323322
002012323322
222330323332
012323020322
132322023322
001233102322
002301222323
030112223202
002113020232
202103312022
102301122203
323100332322
300112012232
300012202230
330122022231
230133322232
331320222323
033312212213
132012332022
301123332202
331012303222
213032332220
313012032221
330101132221
303100132223
133201332220
331130012022
310032102221
330002013221
312000213223
232200221323
201222033202
203223033221
301332223322
221303222332
122330332233
212232303022
233320221032
322132032023
322113033223
332113002231
013332231122
323221103232
231021032223
212031130223
322032132203
323301023322
123313323322
332231223332
332331022312
313322022321
332233222133
331210332202
302131302202
011100022323
033201022233
333202122312
333021023223
013030103222
000201002210
233322122300
033232322230
332212233200
233123322200
231033320220
033112312232
332112033232
332212020233
023132210232
230233323122
032232132002
113331332022
110333132220
003331022210
002133201220
333233202210
130232233220
202223233120
202023213232
023332223320
003312111322
033322211312
003332221230
331331132022
331330220212
121333222023
120320322200
203232022320
002233310121
003212212002
000322112102
303321122102
003211201322
000211022312
323313011221
333200202102
333230212203
313030232223
321313323223
003302322213
131300221223
333200021213
110030021223
110233002322
130230032212
101300202212
001200023212
000320013221
002032012321
132002232213
232002223312
332032332211
313023320223
331312233223
032122332323
013210232322
202123232230
101300132221
010002321221
200323213220
313013311222
221013301220
213332033221
302132323022
200113032022
131020332221
303302031221
331112030220
101010022322
200010132322
130200222320
300200122230
302300122321
030233322321
002332132213
023002112231
020002210023
112000210202
112100310022
320101032122
003210321221
003310021232
010300022312
202300232332
202303311212
202303022112
202033022121
033233221211
212330232321
211233322233
112002330221
232033212123
102032322123
102300123122
301203020122
211103000122
202233233233
001120200223
223332210023
222023022100
223233321200
033022210002
023303110022
200332023212
300123222321
003323202231
033220222311
233323232312
003103312202
003031021322
033301021202
013331121220
030303131222
330203111212
000230233212
200231003221
132333221210
010013221220
330130011223
303123201122
301120001022
301210100022
001230222302
310230222132
301220203232
101330112202
221330322102
311123000232
333201001232
310213012022
331322300122
031121300022
211011000223
331101001220
200012022023
302120202203
002300111213
030202212123
130332132322
130030221322
020330201322
013032111223
231000112201
032302012201
211003022213
000100322321
003101022121
030021113221
033231112201
003131122231
033012220112
031300210221
012010130220
013101012022
002111033322
020132101220
003322213023
001320122002
303111212200
003110211220
003330211202
033301113220
003000212102
102030021211
201331021022
000203212200
000133122200
202021012200
020220211200
202020021021
000232002102
023323112321
023323221021
021232030202
003222323121
303223220023
200102022032
101323220220
103321100223
003021001220
200302212020
010220220120
310120222020
301100022021
312020012020
033200220012
033202210020
303213022200
130322202002
200310120232
120031022233
012030022132
012013002322
201223002201
211230022002
023110100221
020210110232
230332110232
130020212020
031230120322
003023022012
303323001212
032030220211
010300203221
030220222030
133223222000
233231322002
031301122200
013300100122
102330002132
313322200121
003220020213
203222022033
201332202213
012330221233
313323232211
303220221012
020111202203
200111033223
000133212233
000131200232
103110022233
110320020220
210310032220
123301003221
212322202000
022002120203
302211202000
001312202020
001113322020
332312102020
030020023211
320300032211
330300202121
313010020220
310101223220
310003223232
230002322132
023133023220
023133111202
021331320202
233011320202
233022020201
030223232023
000212312201
003233312231
330212101202
130200201202
223320331202
333200131202
232032101202
232203020121
103020230221
330212232102
323322231201
320202221230
222022312303
322020122333
302100222133
220300223231
320102232231
232201102320
223202302320
023210232231
000331232231
123323230232
033311133322
203311323223
233301212332
313230022020
321300220201
312123003220
313021110022
210300110022
111303102202
131231022023
313203122210
132310122233
330030202112
200021002120
111323332232
021200322320
020100202320
321010230220
102101202200
102000302210
132000222030
323003212233
331201102230
311000102231
313003022231
323203221321
331030211220
330302011202
333021010232
333123022320
313312333220
102203032200
311220300202
320002312200
123201002032
112302002231
120202002233
220220203203
300222121332
033222120132
302030122312
002101322302
302100321322
302110301220
032110031223
200023032112
033323002111
123003322321
132023012120
133303112210
233010202123
331132301223
212302232203
111332232233
033023232201
013201232201
020301233220
202031212320
200311230220
202301112002
202332320023
101323022231
132320222310
202220212300
332221203230
332322212030
232330220302
112202012000
000132333221
021220032023
021000222301
020022213231
022000221313
202010222313
202022233213
112022203233
111022002230
103022233202
320110022132
003222023230
332132220320
202221322330
332213132230
000233222310
120233232320
201223223332
100222320302
202213332321
003022133322
033323103122
033221133212
003220132020
003220301202
032212302032
032233121032
013323323232
313332232332
003213322032
022312202033
032311202332
032220203123
022002001021
022233010102
022033312132
022330311120
332332201123
312233302132
122203032132
322203230231
320213202231
332223202031
323220002031
132200203233
132200322011
122202331320
210200032231
322002322331
122301032120
300331221112
000333102112
003321002312
020320222113
220333223123
020123322012
120030322312
201332322120
202023222001
223332322001
220203220320
102022032012
112300222103
000202320012
020213230212
030213231122
030312221123
003121230122
000311223332
303112202213
031120232230
010233230220
002332211020
102331201202
102331333220
300323320122
310023212120
222021002001
031110022302
312300101022
112333010122
200232301232
100223223323
021332301022
122333032002
122103222033
221023220230
330022122011
230203232210
232003132211
200232323201
202102302321
302100023211
012330001211
232002323230
323023222030
220232022333
102211302230
101213032232
322230210332
320200012302
202231120032
202200021003
132203112020
221200012001
222101200233
022023320321
103020012021
232000320213
022300320121
002301120210
003011212021
013213122020
033132232020
033320120120
130311023223
302322023123
002132020123
330200223123
000202231112
223120032323
000200321213
020220032111
222011233233
020020200321
002121100023
202012000203
102001300202
000102120020
001022200231
000221230002
000100202012
101002232021
201000333221
201110300221
011032300221
203100103221
002120313220
202021031322
231320232021
100302032121
120300310221
202203210123
132202320123
132203020002
332221120003
102212002001
002022120010
022030320112
021103203223
002320322110
201200200211
202230002313
022032202313
212133002213
212221000233
122010001213
333132201112
202130223021
130301022021
103311020322
133311220002
332321022001
032200111002
332101220032
021131002023
113330220021
021323032201
022102230323
021302233232
020030232132
020011220132
001102220203
022203213230
122233033211
033321110032
033222020010
033011022023
102020023320
232220033320
322022013332
022001113332
000233113232
003002331212
002000213121
302002133212
020001012112
312130002102
220032020012
220202203032
222013203201
132033203022
232322321332
022020210001
022202102333
022102320332
222320203312
200213202332
112131002020
321312002002
123321033022
323320210211
330003312211
330120210212
310233123212
122300231210
112021020002
332221030012
001211020002
101221200023
011200200322
200100213322
112001202323
312310002120
332132021002
232023021012
232020102132
230230220213
323230120233
232230211233
123223020230
220213020200
231200202120
122130302012
222303323020
201100231223
220100021323
211120333223
210323202023
203022210203
231120010322
211310202203
121021002203
121003202201
112023102203
120302012002
203222312000
300221022003
220001122000
202213120203
323000221302
100023221002
233003222101
310002211102
222032223301
212213023233
330230211211
010301302022
110022030202
122022013020
200332201012
002321202013
302223002311
233002201213
210302202332
320220211323
303020210322
003100123322
300102212312
001030212123
001011023232
001133321232
021100020012
011230230232
030022230132
030001320122
332313223201
133322023210
033310323212
013022310212
313303212121
333001102120
030130210022
320032212110
302003222311
332002232101
221303202123
202133221323
123233321323
213331022323
212033110322
200320103122
330312201211
330011221321
300211231202
101223331022
102202233312
022003332111
322303323211
312333202312
231132330221
100311000212
030331101022
102101003122
023310030122
303212223312
203202200312
131032002211
131032321022
132332321102
223332301123
023323231112
100323331212
100320322132
120322230323
012232230203
000312102203
130031022012
000301221203
313310322112
301320322312
322203123320
321302102233
330012302201
303031102201
302001312201
300312322302
300013213022
333022322103
300320223213
030032223021
330010123022
300101022323
320102012213
011001202233
321023130223
210303322231
132303213122
130002131022
130011233322
132101102002
330212132213
330001212023
331201232203
300012120112
300012210121
200010310122
100011202002
100022102001
000211200112
100213030122
210002201200
010021112002
200010001211
000332022011
200032220113
310201002112
310332100202
001100021231
120010012200
031100203122
313302001322
310300212320
102232232031
122332002110
202331001112
122000203111
320022123321
210020223002
021102230002
201302220012
120330222031
010230222011
120303122032
112030220312
222300201011
020232021312
000323021201
030003221201
030333222101
020310221012
301030022111
001100221002
101000220020
011002220320
002132231332
012002233201
100200220011
113002220302
311000131220
111032022332
101032223231
123022202303
033001202312
032031310221
032312303221
023212032312
033102223230
003321222330
023323223203
223332232010
111000321232
101100030022
131300023232
120020020132
221200031123
323220003120
002120002113
033120112123
110300012201
120030012321
032200311231
213100031022
132103031221
131031322231
110023322032
112233322031
100013322021
133020122332
113200222333
132003220332
100032203112
122322132003
221020021032
221002221030
222131203332
023111222333
231122233323
231112032233
231200311202
210321000322
233233223321
201230011232
212001110200
202031102102
201202012023
020020122003
200302122013
030322122333
110103332322
233002211320
033011322332
333110232332
301201202032
001010220102
010301102211
013031122312
310012020211
303200202011
300110132211
200110020213
020221212303
000212121023
200223212033
322232332133
010223332233
010123123223
102013311223
323102223132
211021330022
130031130221
301102302231
320132332121
000122002010
102220012010
032220023101
232210332312
332213323021
320222303200
322322200100
320032230123
322123301200
132223331210
112030331212
112032312020
020033102021
122020033121
220003321210
200102332210
310113322210
300113222113
020113223213
232133223012
000112323233
101012232332
133133010221
101203301221
102003201121
112303220201
013313220211
033033232112
021033232120
003302321120
020202111320
002100201132
322002301213
320220030210
020231201210
232020002010
013021201232
031322120023
302103312213
301323311223
112033222010
222010322103
222133220100
122012220030
220210230020
320322023002
322323230012
020113030220
021112000200
021233320210
311312302200
203112200200
031223132200
033112132210
030023110202
000130101202
001322312203
222021330210
022021333231
232232133201
220133032231
001331103221
112303110232
212032023021
310131322021
303101202020
322101330202
301312003221
011202000201
112200021301
110200302321
131120320232
031203221230
131202210002
212023020231
222033110231
022010030211
302201022331
211200023321
013220223132
011330032121
000323132123
222300132311
202320132102
330213323232
330313331221
110333231202
212213230200
200103232102
001232321203
220100103232
220120032002
220102232000
210130100220
223022323002
222130231002
223031032102
022023003112
023223021110
013232021120
021223022030
232203233112
230302133122
123232203002
023002203102
122020302003
122323002033
301230130221
202233130211
232223320311
312223330321
222023233311
320232333231
320202233121
322013230021
023232331211
033123223121
030121222001
030100102210
023223020001
311322302032
100222330231
002120320231
110220320233
012320322331
210201002323
100322120233
030232231233
203233131232
201201220230
001031220213
021022232003
001130220321
131133022132
311332220230
303022232001
303032312021
310220312021
300222010023
310203310202
200112202303
320212213023
202111220003
201222300102
023210312102
203132012203
121220230203
021022010203
300220110211
111210200200
002021112030
023023133220
013023100322
013213300220
003001232123
003213133223
201322133022
200203132012
320303213202
220023232013
220001032011
212233232103
312200332102
102200030102
210010302012
320032312032
012002321032
212000122130
203001220120
223001123230
321001330221
313203322023
131220022100
020310312121
102033031202
123103032201
122100313202
222020313102
222323323101
231233322101
032132322103
232023230203
232323200320
230232212003
200232210332
000201312032
000222032133
100220202103
221223223000
222033323013
112332203321
102113200021
112223013200
202230213102
310212100021
122102303021
310122230021
211233300200
231202203321
122301202031
222132333012
322213232300
020223323302
122313322301
001221332230
000232123320
300132310220
201013212230
003203103212
022132032100
323132020200
302112320230
203200231231
302231210230
010230031022
010330202102
302302221013
323112102230
331121002032
231123012020
221102302332
201303023322
122102232330
321210032332
210100222330
201011322320
201002322113
213023012203
202110132233
202101332123
221300332203
221223331233
102020232131
310212022130
332022002131
301022000121
030332021231
120332000121
021013202323
012201232333
210202322303
202232023303
333220021332
130003132121
300233212111
130200132102
130320012012
222100313321
100200131322
100201033212
100100231232
100130011022
100031202123
101031112233
322033312011
022013321002
023300321102
120332201203
221233202013
322231020013
012302322100
101230221200
101130232201
121232001200
022323201302
023322121100
122322012330
122023011032
102220311032
103220312233
100023201213
023122122330
102310312231
102303013202
121133023202
121330020112
102232333002
102223332030
302202201100
032212320001
021032220001
212000220003
210100022103
101200023023
020002301123
220012002100
221320002311
200310113223
310312011223
310301122123
210301222003
221230122033
011300222013
011233222003
011333220123
221001312023
321002020123
311300020121
312020322013
020120120123
020230012013
220232200133
320133222300
210332223200
220313133220
321302022100
211312002320
031212032320
120113033322
120013223320
103213223230
312331031220
112231323230
112013232002
101311322002
210132332203
112312320200
112132023200
112332122330
300332112332
313312220102
221331202001
013010322230
110020312230
103110222000
123102302002
121210023002
313113213220
101122332320
031232133232
131101332232
001121303202
100022332110
130010100212
011333223210
031302223120
331322232100
211333122302
033032122100
002132100210
232221000101
202321001201
231221310002
131132010202
131130002203
201132002123
131332012123
211332103232
230121003220
110200322130
200200312110
221002003230
121032132230
323200123332
223223323331
322120332331
232220231331
201321223320
232122330213
022120130203
021011332233
102210333233
121033323211
211003123220
111013332201
012003012102
302012323201
302322013201
302120003121
022120030321
312232001320
132202300332
232210003230
232100202000
232231002030
020332202301
103303212012
200223131200
112022133200
113020223200
122000223300
013001323202
012100103220
112233213320
220103233321
102332221133
121333223132
013220232110
012023023210
310013223121
332023220101
300323200211
020123300021
332330312111
331310323122
031322001201
332112200010
213323332102
313220020111
023132220110
202310323121
323230300211
323230122011
032300223111
221130002101
232313200112
323231201012
313131231022
032333123112
212020332311
232013022113
002130232311
001213332312
132110032321
112333032111
223323332011
003223302011
010223031211
000203010211
010222333112
310322313122
210200323102
212030033202
102023323111
202113323102
101202223100
002210200131
023222001131
231303212231
221323233231
013223321312
321321333232
123301333212
132133321231
020222000301
021202002130
312220013032
310212230012
212223023001
102223013021
132330121021
111223230230
111220200032
011223002332
122300033201
122230303302
102201201332
002301321132
132223301132
312223100230
321223300231
221230300233
232122020031
102202200303
102001210213
121200313322
122001010312
122023021310
112203330112
120233230102
012331030212
131302202011
301313302211
203031332121
122332013132
022110003102
020231000132
003113021211
031123032123
312133312200
312230201203
132230233323
132203212331
332000112311
033322033112
032100332112
313222132032
212322310233
111320023021
310232232311
310332302213
211212200033
102110021032
111312220003
110130220203
011332120002
301232323102
303222300120
111322000213
332022031120
302032213120
312332221000
310222131020
302012210332
101222033321
022231333021
232213310201
003231320021
133322120001
220221200300
120220100302
230020120312
020221010312
100021203321
310032003212
121113330232
331020130122
101222102030
020112102032
120223102000
003221320332
321202003102
221002033112
031332001112
012200331312
002013031112
002321203102
022020310123
023201231021
122203213001
220230101023
312230323312
310203032120
210020323120
113220003321
213220333231
113230133232
123230323021
020220123011
010003331122
010133321121
310110031221
301003012121
221203001321
211303013221
212230313201
313033233212
301031203212
231021230232
231303230202
211333200020
112233233131
312032321323
311132330322
012132323320
021012233320
011222333020
212113323323
231211020203
333122000123
033111200121
331102000211
301233021201
211233320011
231110220001
130230200121
210230020312
221231000312
022131300231
033122200233
021132202330
231222021000
002212201330
010103203202
000213220013
201310022000
221110320302
011120302302
033120322032
013122321323
002113210323
200221323032
200023123012
030121221332
211130303212
200033121123
212030102113
220321002013
213030232012
233130311022
121213232333
112120202330
230010012102
232000311020
122332103123
220233310312
030123330122
320013332132
310111333122
210231033322
032301132012
032012102302
230020211230
130202023312
123021203332
333212023032
222133321133
320123231213
223100202313
202311202133
200312322133
000200221331
211021322333
321122002333
131122202033
023012322033
323132322333
232100322333
300201201233
310220121203
312032123332
312212303332
110032313322
200021133231
010010222033
210031222030
020220023133
330222302130
233122002130
233323021321
023123003322
223303123321
223031022031
020312000231
032003123121
032010120021
030223012001
320113312021
302011200321
302021132302
300212220300
010212210320
101232210323
000222101000
010221120001
002223110001
002202231301
212212233303
121202233301
032012231002
231012220013
300302220311
003223220100
003022012100
202022100113
023213122133
003000122131
322103202130
131112023332
232130012132
323020121132
130323132201
333231333211
313322311021
313122110200
032312123203
331123210200
012321203323
230120332132
133210302021
133313223021
233122003021
312201030201
310230302201
131232020321
231221320320
030322120111
230330212011
003322230101
232132233311
023112213020
122031032113
331303120211
232013122031
320131312210
300021132111
302031220011
301331222313
201222320313
001322310021
102123231020
022331233201
102031231321
023123320111
013233122101
013231202311
001203122301
023110032203
033012020321
013312201321
033022133231
333112202300
230132202331
302122323331
302203133121
333022333121
231002333022
113010203223
013202120321
033221000321
033201012111
033020010121
033102111021
222030131011
220203301102
301122333123
133122230320
023120230020
323223132311
232332313121
221230323311
233233001121
212200131233
010102131223
211200123203
212001002033
010201123213
130201133223
102311132023
132311323321
102103233323
122012103203
121312020323
011100230201
010102221001
120102020001
010112032321
020311203211
003312200011
003010002111
103013200211
033311000211
132301000201
122101002301
333221232131
132310232011
203103223201
022020123301
213230200011
313330111211
333031301212
320211303112
012133100201
013131021201
013111233202
221011033321
210110033232
012100233213
122320233113
323113202311
023112102313
320110202110
221110023320
211100132020
012120032010
320212102310
320231013211
023231011231
000221011131
003212131231
300022023131
320020130231
320220010001
200210232130
221133030121
211200213230
231230022330
232323002331
123130223302
023022233301
201000213112
221300123012
130012032120
111000232110
011320002110
113202200010
113230203201
130223200312
031022320011
311322320001
313023322001
313112322301
103223220331
120323232331
220301132332
120220332031
102213300302
321100202331
201020323233
210231203233
230010123213
210103020201
122210332010
103211033220
101001033223
221101023203
010021332020
223102223303
223023201323
222022101330
132232301011
122330120311
222302120310
120230100011
232303322310
323030012312
231132320312
323331220010
223003231120
032002211100
220020210100
231032210210
232001221010
012301201020
012312200302
323212321320
023001301322
201001101322
131201333122
201331130122
201300121102
201301021210
312023122300
132212123330
221021203002
332232311230
032231112333
022113132333
021220103332
212010312332
202122210033
232221133032
122013223133
221312103200
013102330220
132200133200
223100201020
023001201200
230331020112
112110332302
103302020111
320322020331
322133220331
223103200011
232032021131
220002021331
210020220331
020200103321
211220220300
320310312002
320012020302
220022033101
202101220310
220220031130
202321101323
233211023323
202223031131
002221033311
322313331213
022133213203
020232103203
200013213213
322203213313
302032132131
030222323313
230120123323
131222323010
131211230020
123013232023
223203132001
023100132032
230231031232
230331221230
023132113210
103132103220
023322313233
231302000123
221120031203
221020133201
232200310032
202203313332
223120001332
121320201332
033320231213
032322131320
001322021103
200123323123
002231203113
222012303113
132022303023
001313321210
302232231010
333223203012
100222300113
110203020123
112200303023
112223213033
101220031213
311222032303
111232033213
312321022333
020202230331
122312031020
112323030020
110222330010
212321323302
112201133302
012331120203
002332210131
010122320113
012332101023
132322230311
020322203103
120310200123
132000300121
133200201123
320010030121
111010030212
120110002031
021233321301
033223301231
012332203110
230302203111
030022031210
020321311210
023012021011
230120100201
213013100202
212302331012
321013031022
323313020012
020231302001
120023331321
121003303232
112231030321
021223033012
021322033120
020332031123
123130233231
031313133221
030203123231
320312023230
112331213332
012322213330
211100223313
221132013233
111302332123
121230201323
113313332213
112301021233
322300321113
231232032113
303332232113
222301320003
222013003032
212013203312
010032223313
101002123312
101301233211
131220233311
010120233121
120001232301
212002231331
213102323332
213202232033
212323033230
212223133010
212231200313
131222013023
131022132302
331120132002
122202103013
101021332102
210101133233
113020330122
012230321013
212130220133
132030202013
032021332101
102032033210
102333233012
102300323311
302202010311
121003200023
132003120023
112303320323
131233303322
121223130032
111201323323
112033000210
111032202310
312032010201
331223332110
322003121001
331232200011
331322233011
330100233211
310330223321
210223303312
211132332331
230202331231
222020303031
220021312030
003001312210
100223310210
120022303011
100020231011
210002323311
013002312111
133003101211
313201301211
003132012111
310220101012
102201101023
010221110323
300022130213
231100201012
331120023102
231000230123
231110320123
232103220113
132203021113
333203221100
202123310321
233123301322
333120313322
032212031332
202211230331
032311220301
223321230001
102333123230
321331032321
221031212333
211003122331
233212220303
233120320102
132130320200
323012330201
332123301021
221100300200
202210320110
022301121033
232303123032
230312021002
220322321300
200011020321
323233102320
330233312120
330023233112
330010232311
323023023312
202011232010
112011202030
131302113322
313211132320
333201232010
330021231020
323021311213
310002111213
000322231331
320221333002
102331023002
223102330021
323210213012
332133212010
331130331211
032113233312
322130233011
232220310113
233220101230
232323113231
203021322301
200021013102
032322010102
132220211003
230213312230
211313322010
202002133023
223021100233
222321110033
222331000331
223312302331
032131010232
122201110333
322013103321
322321320313
312320210230
313221033121
130202313321
230223103213
113321320020
113232220033
131302200233
102322110302
002320111332
102103112332
323302200113
120003120011
023003213201
023313132302
323331130232
223112000301
201312200110
223322203130
232332032130
223221033203
022002123130
332022231313
121002123020
113100223023
220302103021
320312101321
320231320111
332102033121
332033131121
320331010220
233103012312
211032223133
013320220103
013120121200
211033021312
111002333233
111032200132
110130200012
311133302012
223301301231
223032131233
023302113121
202003012031
202302013111
203021203123
323130121123
210322033213
120032133213
200212330120
020312300120
320012320013
211230230120
120203133312
122032310311
220332113320
320123102113
101113102233
212232133133
220321203331
321133102332
102022011130
002002311131
300210230123
011301130223
123013010223
211003210120
011000211203
101003221011
122003110120
111331301220
313323201200
113313301202
110031001202
110031120020
013123320002
013312321012
010031311211
010312133211
233121332023
202123312103
211023120032
301112220033
201131322103
331113223023
310312223110
010022013111
033032013211
233223201001
023223203310
323122303320
123232303120
320110200332
223313210332
333122103332
331210223302
313002102332
010013032213
013213201213
131321310223
231322331120
013311312123
333220110023
231220312010
222031231130
030203120102
310103112012
231103321201
001313231201
312103232301
310223231101
300102131121
333113231121
330310322101
100201213230
203201013201
200310213132
002211323301
310133233231
102213312013
332232123103
333212231110
133312332311
333202331321
323112221003
133312221033
332201211000
020133302110
301332310211
301232100213
333232102331
233133231231
233112300231
321321230023
333212101123
302020101123
332121002313
332123223130
112011322303
032013212310
303220301321
332202301131
211103212000
333100120021
333102231002
331201100012
320201130023
323120133121
322011333120
320123311120
132103122103
130023122133
300113111213
302223123133
222023130333
320222131133
223220230133
023202330132
232233301302
023013200312
023103020321
233113203210
333112102011
333012212131
333010201021
031233210231
120213200301
123222100333
102221310313
020210303201
011233233021
321231203023
112123320301
121213312000
131032022000
211030221001
301133223011
202002110101
200303112101
311302223331
331002220131
331101320231
333130022113
303231221131
202333121131
201332221331
220333221301
322333211001
320233321310
001012231230
200332131021
201232112333
203120032011
321103231200
202013221100
302020321101
302200132110
330223113111
330020021110
203000121110
320101121200
201112130020
201013120021
210233123023
100201310021
211301203231
221032311002
101003111022
101030211021
331203121002
301301010212
321133321023
112103233102
111321022300
231322012313
331023122313
021130322313
131021312200
111021302001
111023200011
331021323321
333121323230
221033032001
331113232001
321301321002
323101321312
021003120312
112000302031
320003201312
120001231032
310100232032
301102102002
303132102023
110120003201
112130031201
011003120201
320122100101
321300213210
331301213201
313201233233
030320123132
313220112133
210033132102
232323313002
220031331201
212001332000
023031323123
123231233200
123312333021
323032233131
323122213331
313202231131
111013031223
123310322313
102331311213
123331312320
102313220333
123103213332
133232123323
130202221303
310022001323
101023001112
220330301112
030001302111
000103022110
331013023112
010310212110
131102120230
312001320120
130013101223
133012233123
130220331123
130032311232
311002212303
101202011233
131002112032
131101022010
101122032031
310111200011
030331032111
033131002011
010121002311
310110102312
030010210201
233301110201
330210111021
330221112310
320120111233
332023111023
323200301132
320021020010
000321110200
231002100200
220010310210
231031200203
201203100020
221232310010
322103010012
201123302311
201003202010
201232032000
121132032010
220202331010
102012310102
010323121102
100031312132
100033112011
103330213211
020032111011
021001100213
230223230113
223032330111
323030331121
230032010111
023332320131
023313211131
000303211231
033132220331
013332122033
213332101203
223320323113
201303223111
332032110011
333031213021
033232133021
123313201233
212003211310
300010321120
200010111200
320130320120
300020011321
031201322331
033312123331
330132123111
320132110321
020213011321
330221013323
310321201231
001032102011
001012233012
010023203021
320312333012
110302332011
320302320101
300103321011
120302312313
113023322313
223133023132
202302233133
210200233113
220002011013
213330202131
111300302111
203110022310
201110233312
201311233021
121310330211
113002010213
211010032113
201020230111
211030231132
110032232100
112322330101
000312311230
110030212001
223021000311
311002130021
031002100112
031001221023
231001223113
231101022133
312300210311
112320003111
333203023111
112003010111
320023000111
320331002131
220331010011
202032101311
201013210012
010120103112
210300023111
021010323021
000121003021
100230223110
110002103210
203310122331
001110122333
102112012333
102102102031
100312210032
013022312030
113022310023
310013121012
010113101022
011013323012
211022023013
121002213013
111001220031
221201230031
133032221313
133001221001
303321220031
133033211201
333023231011
333012032113
023013111021
313233121311
023132323301
033220111011
200323021113
320223001103
102231211033
122311231333
003021121113
103021022133
233002123131
233102023311
203002213011
230021333111
230012303121
102320313112
202030023110
133320133111
220332133131
010332100321
110332320132
133302131102
133001321123
200300111312
203031110321
202101110323
232101130021
201301131201
212301133123
232320011011
211321033201
323310121101
300031110231
102001113231
020011333210
330321302312
102233023010
102330012001
330323212013
313322211103
311330202113
132021113203
232001011101
102110133201
120001023110
300311332311
323113313211
123213303231
303111010211
000330121110
003311233120
103102231203
102002312033
121102201000
122120030110
220100010110
221303132110
201333232301
313301322031
123331332131
310023021302
331023221331
330023110321
132300032131
323301221333
210133122333
010123212301
103012322130
103203232101
121123232300
103112323323
123120232033
123120010233
023203210031
102012213313
221311233313
121231203331
102213113331
121333011201
113330221130
111002311200
001002113201
303212113321
130222011333
223010213320
200012021310
100021223130
223030201110
120003121100
123002112000
333021012010
112100102100
113000110021
330001131210
313202101102
213203221003
232033231001
020332210010
020033213312
233001312011
213200230101
013230023012
131323003022
213302123002
111320001012
010003012311
220003113123
130031121203
333111212313
133021102313
103022110031
103232310012
103232112003
003232210301
321220231000
032220133110
032102201331
022201303131
232302111302
232333102100
223131102000
022031121000
100321210320
133232002101
103120233210
123133022100
202300321010
232030031312
233032131012
003313203112
212303103111
213313000121
213001022310
213320233011
023200013011
013321210011
033221002103
003232101032
323322031032
312322031013
321023023101
232103312131
132302201003
232110213331
012231333132
303301201210
221233313113
333233113123
123201032310
100231012320
110020310012
110200011230
311031002311
311030233121
112300033312
102323103332
003230123311
013321123311
200013211031
210033131231
302210133312
000332311311
003232011023
213032301231
013033021213
030321010231
233232313311
202230103320
301302122310
231001101231
223301132013
132330231203
132330300112
123332001311
203321003111
213310032101
013210312011
010113013211
201321032131
101321203012
131331213321
311332133321
111032123301
111313133322
331101133202
323011013112
231131123332
231033223031
212333233310
203110223032
232110123302
302110123020
322010210310
303002102113
111311003232
113332103102
112331031132
133233231113
332331211130
331332111020
033223310213
121332231013
303233301112
302133311312
330210330112
320210033311
200100123311
000310212331
222001033313
020100132313
220110303312
310233003121
322300101131
222303331331
012303311321
112313310312
122133133132
211331033112
211302333111
110033011021
010333132011
131331031121
203310101213
023033313111
001013103211
101020003210
001233133111
003223321133
223323311133
020302031311
023003011210
223320113002
212300113102
312302313210
311023001021
011032303112
223311223033
220311013203
220320131310
120100033111
231030033211
012100013231
203113023321
303110333212
303211332332
102103011123
102323011101
102301211103
132303111011
123300211133
323102111323
310202133323
112302113331
011002323131
110002133132
211002113332
130302110123
123230012103
312323320110
233011313213
311201233020
231303111213
202323033011
102303302131
210232030131
211332100101
310132201101
320131201132
130012103231
030012203311
223201303311
203012031102
030011320231
102011120133
101012201323
001020101321
001303101121
023303100111
213303120101
033001011321
222330313010
210320013312
200220113313
002231311320
302213101332
022323311313
023210211313
233321201013
123312002103
320331332102
020302132100
012321323010
030221320100
201132021001
230100110213
312123001002
221103101002
001112001023
010020011023
002101031213
003103223113
233113233132
323212303313
023312303132
121301200132
222331011313
012032201133
231332121133
311333122133
212220311330
220320311332
010320331322
300220311133
320020331113
300202311302
100233211130
100223311301
232023321303
312320311203
322031301101
320020133102
103020112103
133020212301
123320112030
232333112033
232330213313
212102021333
021313021233
103130312321
121023312331
101020123123
210020231313
013020211131
130200112313
130333121312
330332210312
000233111010
030102331322
133010311322
221003113011
012310223130
012102132303
022210213003
333220213001
323232131101
312220133301
013200213331
221200103101
222121033130
001201020311
212133123031
320013323110
132021332330
121031331210
010320213233
321220213033
323311101120
310332301120
123302331110
323200233110
313110233111
123223331103
132210331102
230031231102
031031323111
032231231100
231102331102
211022031302
202122031100
001202011002
000202110103
002212313103
232121323133
322212010330
302312120100
001231200101
130313312011
132313311131
323311231113
032331120131
233231020131
033133212001
233312331101
233313311120
233231231320
133100230111
332310131321
032310131202
211231032301
023310313311
113303231311
023331130311
023321323031
212332110313
102121200103
310211320123
230231203101
030210203102
303010223101
101131233120
132121313332
330322312301
030301212301
030031123210
301321231200
030332113213
203201213032
303320111323
020302211333
133223112033
131233323133
333132001321
121321302313
113322300311
313311012311
133201130231
132323232303
113323221303
033231230123
233132213032
122323131100
232211323100
232112023130
232123030332
132322003133
332221130130
322201010103
003323112013
313123122130
200322011001
300301211002
200221301001
213020302101
110113002002
100321100102
110313100201
013221010120
321203103210
321233100311
231321200311
201323000321
010132300011
212031120310
110130320321
103110020011
312331013213
222333113303
222311313301
030203201113
030023201131
000231001311
030202012310
310202320310
130201320210
003231202130
130233011210
132031201110
232012130110
123023133011
013111320120
203220301110
003120300112
123130320113
332311300111
333210001311
332100101213
300211012113
032133021311
330301321311
332320131113
202320031313
231020101120
030120001120
001230213131
301200201131
202322301030
223001311103
320330112310
323030113321
230311133311
311210001230
211330111233
231101332311
330132032011
023101033231
223103012133
231102001131
231103021110
301100320112
130031133112
300303110112
003200110132
020011230001
302301110011
330012031101
322130112000
323223311000
320112301011
300212003011
300312321031
202130030012
202103330011
221213330110
232011310012
023321020013
230212130200
233012121000
020012130230
232120112303
222013011323
223113320031
113023213002
132011021013
031000112113
033030112132
101001021132
111003103112
331003211132
320033211013
120323321013
011001003111
302110201302
203101300111
300021310311
230013011311
302011301312
330012301132
001312101002
100313111002
300121311102
303301312132
302102313132
221001313132
021301303112
302131031102
301012311020
000131130201
332131003111
132132003323
233130013111
323100303111
323213203001
332011123001
323221030301
321312332031
320110320001
300101202301
331021202103
213001021023
310030021131
301330211132
000130201113
303121300201
333110301201
303100321210
322210331031
211000300011
213120300021
033133311210
333220100110
330213013201
102313223000
031230231011
021332010311
221323210313
221303200301
321113200320
303113220010
303013132312
310033101322
301130210120
302310213110
303200131311
203331121313
101313200203
101333202100
100133202131
103133121023
203231331311
301013321132
010302331113
321333101102
321331133312
301232101302
303231123002
311232100032
311320203311
011302103312
323301103011
230110203011
233023131131
203323101101
133101233012
333103211023
223231310323
233131220103
033113202013
032103211032
323323113313
133120201203
332123201103
332122331133
112001301132
103231102010
123331130120
123013012001
120001101001
000201213001
230023110110
303110111012
023023131002
301032201110
303232011100
132230110110
123201300101
023101120113
203201100123
203221330113
022311001013
303020101011
103023210110
103202311331
311032001102
311230021100
133200211010
133201010102
331022101001
313210112301
300310112103
320310001113
311331012023
203211012003
333223011130
203123010102
321300120110
333213310102
313313002132
323133031012
021313331011
313331330112
203131320132
201031300232
313211332113
113213033311
133210130312
232200130010
101230030011
111312330012
313321302301
213033110210
113203130213
110332310210
101033111210
123321302100
101213002110
301233211310
303223313110
300321233110
102033210331
121301210001
123331310102
101221333110
221330333120
223113330102
013013321023
013130323102
020130312103
232131110002
223123210003
023132010001
001123100012
000110012001
320310011020
232010301200
232103001020
001120001101
001112200301
211133312310
201133113213
222113123003
002113132001
001133120110
000132321130
000102233131
002011102331
010201002031
012310013021
031020102101
231023302100
023010102301
133310102110
233132321010
123102033120
102311133132
102302130032
102311230110
103210123001
103213133012
333213130120
132120132031
133313011312
033213313312
103321321310
133210220130
103311313022
030021313012
302201311031
322013112303
301203310111
012203131001
103133210101
130133221100
002130101011
011223010023
223203101010
303220211330
230210011332
133132321133
133231021103
303031321110
232030131230
321023213010
101202013011
200221103010
001113301102
010111230210
011130220100
111233132010
011123332100
013222330100
213223001100
213320311100
211323231100
231321011100
001321031110
211123301203
211203300032
202110332000
210103302123
311203202103
321120300110
031232301101
231122301301
023112331131
031120331021
031130110201
030321301102
032013111332
031131302113
031301130111
001321301123
020132333113
201300133213
300201132133
020120131101
031323213113
213323013113
011332310113
231121003312
001212303311
211222003301
311223031200
311223303011
311301230011
121113301001
232111030210
230101001123
001011031123
001011213323
232131133120
111212030001
112311020031
212210130031
112231123003
122110300311
122010303320
102201033001
112100103011
102112003311
002111030011
130101000111
130113320012
213012320010
012133012032
123122033001
111001230102
113203110002
132332100031
220231103031
002113133110
002313101113
313300101110
010012101110
113313001113
100310010111
013030011011
030320213101
101102230101
330213001110
130123031113
122321301301
332112331301
321020312103
321233210133
301231301011
211131300311
201133111031
200201131031
301201132001
201203230013
012113332013
202121301013
202120003310
113320313201
311330113220
311300011312
311323301131
331132010110
331113233110
021103233101
031223010311
131312233131
021120332133
313320031231
313102030012
011102033011
100102133011
311332013012
012031021031
313030312110
331202210310
131231321001
300120012310
301012201031
102103000101
111013001101
131003001120
132003313201
111233001123
131023330123
211023130101
221310231301
131023123110
131023032010
131031302020
111021032032
031211300011
110223310031
023211310110
110303011012
131231103201
310232001133
021130100113
101330220013
101302032013
310132020032
320103021032
313011021101
333123021013
331332110131
301221330131
313022203013
313121100213
321321100010
231312112003
201112323013
023133230213
131232302003
111020012013
010111012010
030112110102
013012211013
011210020013
312131320010
211230011013
021013201010
211212301000
321010123331
211221001003
311200101001
011232010100
331301121010
330123132010
130102312031
131201031011
312030311311
211103031311
003100311011
032122331010
132100233310
131002131110
231101312100
133312312100
030102021100
010202021033
122130230030
131133300210
101131312302
101133211203
120123001010
210200101302
121100010101
012010010113
112021130013
012012030012
113023102331
132121023301
122100333013
201030312313
210123331013
330321012130
132010121301
132102121000
332102213103
313223013020
132131313021
313221323303
111223233103
110222003310
310202001301
303123123200
320012031320
013012113120
032123113020
021331231302
032111301020
030231210013
333213120013
331212200130
131203000132
321203100123
331131021203
313120001010
131320210131
101203003312
101011200312
330112030312
030210213031
211202013313
311102001032
112031103311
301220131023
201320110210
011230133210
231313110011
333231110100
313221010003
313231233001
013032201001
320312201030
320213301020
301122031010
130112331200
313133120001
113033213311
311311002031
311100021133
303021201130
033122203100
232302010331
303120120013
103112010023
121120100031
101120121003
111013110001
103122310100
213112020003
031120231103
303120011302
301223211003
012233121300
012013120233
101103110231
133201203131
332113231013
130210331311
331201231130
022130123310
302131312331
312000131101
113001001311
213030101312
230132011302
132010033132
120330111331
300313131101
300213321103
210110003110
032121321003
103221231003
330132220133
311302101013
110321030123
311311300102
110301230231
310001030111
210013230110
212003033110
110133020110
310123033311
110210001010
132010010010
022310011310
212032200330
232030130321
213103321320
013100022130
010002210130
012023101301
010231020230
311031120200
110100231013
131031110102
100011101020
112211331000
133111302010
133131203102
123013102010
103013121200
131112203310
121113003132
233111302133
201211303123
220313130113
000331101131
013313113111
203321131133
032101231133
032211201303
222313000100
212302010003
210313021100
131311221300
122213030003
222103000310
012210310301
231233003110
131230233002
113123323100
231311312310
202313310010
300112010010
303131001312
010101330021
010210113012
200111323001
130112332133
131121001013
131123011230
130122303132
100132013110
131012301312
201312013123
112131301002
100111020100
131113011002
311233113002
311330123102
133110031120
011103312230
012113302331
010212300331
031211120033
212103330230
323230123100
010223100100
011233101230
003310113210
003001131101
003101133021
020012101003
000112231000
310320311010
211333113131
221023113130
220213313100
210201330132
010103200131
000101100311
100101110013
120210110003
020100311002
302113111000
322133110302
132213330133
322123101033
221321010230
112120310103
112321132030
023211333032
312103110023
112133230003
112002300103
122020031303
122113313031
130123313231
300231103132
210100311203
010200331101
012010313131
010233231331
010222331330
223221331330
233213211300
212130110100
212132103010
212213103100
222301330130
102230331130
213013312320
132131312130
021301311203
323321011303
313132211313
231213321313
121313031131
013110300101
123013231310
132301333101
232313233103
132031023310
132331120300
132312303010
132231303313
132321110331
132233131330
031213313101
123203101133
313231031010
313210303110
231323031001
033311011233
333010111203
233131113203
020113121320
203131213001
210313313311
303133113231
303130131322
333123130113
130212133010
301313213311
201323321330
313230311320
301131013210
112230003100
100110301321
310023133131
130121300321
132312300323
133213231032
330123312032
333211312030
300011311032
331311321130
130311313210
130310211320
023310231200
311233131031
012132331031
013303131231
123323101310
033023121310
132101011320
231322330031
302311011331
333231121333
112231010130
033221103130
003211032100
213011032130
112113032133
313011131110
113300113113
311332131103
311310331101
221332330103
212311301103
203110301123
113312030110
023120331013
013321331233
201101010120
101010002133
230133110101
201033311100
003331113101
201331100200
200131311020
330131110020
330311232320
030011103120
011223130310
020111011230
101110203113
313002313123
000201313123
023201011003
232331103301
132102030100
013301213203
013202012303
101303130123
131331332103
200110313113
100110031312
220201100130
201101331131
012301101331
000311201301
001311201233
101302010020
201123020033
033102121303
031012011301
331120103231
331012101233
201011010131
301022110130
002111301133
331212130103
330011223103
320010112030
300101130110
300102102130
110221203003
130211301203
300112323310
310013232103
311013313213
331011313231
010013132331
113002131031
130112001233
303011031213
303012311233
003103113120
113203133120
011313230131
011102302133
011100321301
013103010110
013022021330
310301132010
112330301331
331010110101
332110101100
313230100131
313031120013
020031311302
320011010100
310210113131
121012013133
220013011130
123010021130
310120111320
021022301130
221010101133
101310101123
331201101103
331231131013
010212311313
001311132133
310112103113
312110331323
330110321331
330121211133
330231311103
310201031103
231202113103
112030323103
111303033113
111301012103
311313311230
331113130132
313111310321
013010031321
113120030131
101132131133
302132121033
102231300133
323013010131
123023110133
110032102133
220131100103
121011301013
311323110320
031331123123
101312311133
110133311032
231033311013
311013231302
311133321130
013033211302
113003121332
010012331001
011023311320
011100231310
013111001131
033101001110
010010311100
331011013120
320131203310
033013110311
032131110310
321012011003
312120203133
221211031000
221201130320
021011023100
010132102000
210101021000
023010101032
311130013201
311131333131
301113012130
221331003323
121330303321
311101030321
013130102031
211020332030
011021200130
312012013013
232012033301
232013133013
221100211300
021103011301
021320113103
211200031030
311022311033
311101312003
311011321003
230113201313
030113312323
101323313313
321113301313
121101313313
121010120310
121121330310
131110123100
323312133100
212102133100
311211033100
230210110301
123101103200
101113213100
111210231033
031021133102
010321323203
111000233001
313101003123
231220311323
311010110233
211101310010
030211031001
232321031030
030011013131
333131131001
033131101200
013001101002
130110101001
101303120010
313130321203
113301110010
113010311010
113010133210
130111032302
111310131020
121132133023
132002130320
021021331332
020122031333
020213231303
012310121003
011301213010
213202231300
211300332310
212310330100
101100301100
111033033120
111021103323
130213123313
102030211300
010331321332
121230300310
112320331300
201233130130
001210213010
131320001320
121322000300
121033100100
333212013310
110130321230
121030330131
010113321000
111203311133
110013321133
211313011310
013231301100
012323111033
221333013100
231303101320
313311013200
131110032000
111223011303
121200333133
100313211313
010330111013
120331011023
123332111300
123110031301
100110011103
100111322033
101211310200
101210121030
301110110310
313102133203
113031311301
130312131130
111210311300
233120311331
233120131313
111310132313
121330102003
121322333000
121110223030
121103121330
123013113032
123120312300
211120310301
121000231330
101000131313
201010031001
011133010131
211201210333
311310321032
310311331203
330311131302
313001110103
011100113032
131100113131
003111301001
221002301303
231010201003
131001000321
122001001330
111320010030
122310200330
201110010003
121020310033
221011210030
210113232030
212131321330
213113310200
221000100331
220102130133
111010330103
112100010333
111300230133
231031303012
210310012031
201001201033
231031203130
231302133010
231201333001
013021313001
011021013103
010110100013
110112330023
311031213100
110113302313
133123101032
000112010133
101001323001
132011003020
212010003001
031122313302
031112321030
310131210003
301121120030
000211132303
211300303123
201001313200
223111303203
201122131303
011122103330
012121000320
211213213003
021211002303
221210210303
320102130302
311321201303
020123210030
321121303013
101013030113
201313023031
020021103133
021210310133
313133113010
303011213013
300211013002
121012101300
131313002301
021311100301
012111033103
111311103310
113011303131
211011103032
211031113020
231021113001
231223133003
303113301232
213133101130
111230020303
323132011033
120132110033
310320110332
310333112323
110301113002
313011323032
110301123320
201212030303
231120103000
231001130002
323131301331
110100201331
131131201133
131103021033
231310020331
110103123133
130110131323
110130133312
000131131310
300121331313
022121133300
312101113000
012122013000
312111033020
313311231000
313132013302
201331020133
101331001310
023311021330
103011011310
212331332033
211130203330
102010203130
111313033200
011231103302
311200113310
131300123310
310111303200
010131030102
310012123000
310002113031
310021132330
010001110301
213020113310
310011133013
121301123301
301211123330
013130110320
002111213300
013311023001
313102210030
123211010030
001121010313
110101013023
131001011303
213211133000
210231213300
101121033000
211320303002
201220133030
103113321331
132133010313
132130031133
111303133031
211322213303
202331210303
002312113032
110331211303
113131203230
113131021030
112321033003
333131123310
302131113013
201213113133
202310321303
230121331031
331133111313
333103111332
131110311233
313133312332
031131012331
321131132300
310032211330
301312113230
211300130301
211333130013
213211320033
201311130003
232132301333
210023111333
213031011133
212103203303
310210313302
113120230302
113101233320
103132123031
113102113300
113130112333
320123133320
010231310203
000113120103
201123023300
120211023300
200211311300
203113112030
102120130300
211131101033
121131120303
110201131333
023131012303
113311310130
102011032300
000123120331
303120213313
213102310323
113312010301
203311011032
323211313300
201311003130
013210131300
111301113130
312012100331
012010113302
220113013010
201213001300
111011000300
013311200310
212021330303
120123130301
020133113301
000122133301
310113133001
201133133002
231113302030
231113000103
213110103313
103113101313
320111333031
320110310323
120112301303
111030012300
121033131333
300132213031
103101131032
121030130302
101013230320
320213010313
003112330312
010313130312
102100113303
102130100331
000120211333
221033103310
130211210303
310110012303
201103323130
200101211330
103312100131
010102013332
010331013123
101310103301
101231003230
101112003030
310131022330
100113113323
313103213133
013132313130
121311313103
021311313332
232010120333
320311103023
303111020133
000111310302
113010110332
213111000332
231310130320
003121013233
310103131130
030113103132
111320323330
312113110330
131221101330
231110131332
323113031133
131121031331
123111033313
312311203032
323101311030
320011210333
330112210330
311312312333
210121313330
311011201330
201110301330
201101300302
123121013330
110213012330
320211130330
203102110331
201302210330
111332130300
211103313033
221100310333
213321213030
112111303301
013112301300
321311101333
213101131330
111012313331
013110331332
313110130133
010113011033
010111303323
110311203133
231011023033
131113300331
113131101303
111313310033
131213100303
131013012033
131001110330
210012133302
010112023303
221312303033
101133113330
113111233033
013011131033
010121032033
013131133032
031121130133
121311030330
013121103003
323121100300
313311120333
