--- Global Parameters ---
Code Length:			12
Min Codebook Edit Distance:	5

Max Run:			3
Min GC Content:			0.4
Max GC Content:			0.6

Using Generation Method: LinearCode (minHD=4)
Bias vector: [2, 1, 0, 2, 1, 0, 1, 0, 3, 1, 2, 0]
Row permutation: [5, 3, 1, 6, 0, 4, 2]
Column permutation: [4, 7, 8, 1, 0, 9, 11, 2, 10, 3, 5, 6]

--- Results Summary ---
Number of Candidates:		12935
Number of Ones in Matrix:	1298416
Number of Code Words:		454

--- Performance Metrics ---
Number of Threads:		32
Candidate Generation Time:	0.02	seconds
Fill Adjacency List Time:	3.62	seconds
Process Matrix Time:		0.63	seconds
Overall Execution Time:		4.28	seconds
=========================================== 
300011131110
300111200222
000110333222
100223330022
222333001100
222001300010
300100011122
200011222331
001011100111
331113300011
330021120111
000102111201
203331113111
110033110111
120003331101
100231112001
033001110021
003332311122
002200011011
100302000111
030020013111
313300133111
133023311311
133032100011
333031222011
333133131131
332233111202
320100032211
330010321121
100020331221
302223200111
230200200011
012233220011
200023130011
020033232221
032303322111
000230210311
001103223211
001022033311
113330322311
203130300111
133120223311
211000222301
032000222031
200110022101
222002023311
003002202231
003110121131
023111203311
030333123211
030032311101
110232303111
111013013311
330332010211
031232230111
010001321001
300231323311
130201333011
021331000311
331221001101
320122310311
122210001301
322210230011
202223323321
010201313121
212020100311
102030120211
220330103011
233301332101
030301121113
313312231101
222330322201
230030212021
033020321231
230301000221
100303221031
030211220001
203203220121
302322000321
122020013331
310330221321
200030133112
102300113131
220302211331
111332231331
223310221001
002130022331
022123002101
122330030321
210113233011
201011331201
223332333110
022331332031
320031212131
021332113001
201223011001
302122032201
003121320101
013322103131
111320133321
112313332201
332300123321
323331133021
332211313331
021113310331
220111300321
220223001231
200322302301
323211102001
013113330021
133210210031
120110233321
302323221201
131122330331
312132300221
233132233221
011132200012
020302020021
321030120121
331220220021
133003221012
033232221310
233133012301
302010301231
021102101031
330202221000
332230002112
003222300012
003010020212
130123002321
101323322231
030111233231
330022203210
000220010120
300112003110
101010202201
303120213101
101012130031
130120111031
213231230001
233020030112
223002130221
123022232031
002102210022
203000221322
132001000312
213120032131
330120200312
023330120012
233323220010
022310103221
322330111013
100331013322
113001010122
131320110012
322031113312
312133121301
311320302031
022010030022
120322033112
312032321131
113303331122
113213320012
113332130112
020223310112
001101031012
000211101132
103133021312
033310232122
312333033212
303322033222
303313232212
330012133322
303031103122
103111303212
233013103312
230321130122
133200300222
211200330212
331333202232
333013020122
203302100322
210021020012
021302013122
221023000212
212333110022
002211320322
031130031122
201003113222
212033023221
232101333122
220203131132
120022020322
133320331202
331233223122
332232330322
110313033022
031313100022
111033123012
111303110332
213310100132
211012000322
110113001102
002011312202
233113122002
232200101232
320011322232
322020302012
320322202202
120103230222
012200233222
032023201022
233032022120
033322120202
300230022202
130321222002
022232320002
010012322102
031221233012
010133132002
111220032002
311223310002
331020332132
300022312332
313001221232
333032211332
330201022332
231123323302
212030010102
201333120102
132101021002
323100220102
223133230132
211331200110
232202233002
131020103222
231300212202
333231100113
021021103332
220201203302
212003313313
113002333223
023213002322
322001223220
011030113132
310103110010
122033010232
103311331332
301110132232
102322311002
012002223110
203222131302
102031221302
211132031302
102110031202
323012103202
211302103301
202021023031
022000230213
332200212013
002123021232
203321233313
002132120110
012103213331
311330022233
310331120232
131003310220
322200030220
311311023032
021323222332
210013332332
110100122032
131021202331
031022002200
103103231213
023013320220
102313200010
113302200020
211002320120
311103003120
132302210210
110030233210
331110023310
210230033223
031102033220
213003200223
223323002223
223032200313
221002001013
222012303113
212301322331
110231100223
130312001220
022031031223
203231012232
020332230120
100321333120
301113331100
111031101200
110301021010
032033121220
120330021120
102130331110
102020320020
233100231123
322303022213
120020002130
302021330210
220320303220
133223033213
001113023020
021100123223
011002111230
020100110320
200200231100
213103301100
021213133110
031231113210
300233221130
123033213320
101233103310
103212323301
002220231330
333122110220
201121100010
210032213100
023302122310
021320021000
003221103320
001012303223
312323313010
112012330100
132220113000
212230332000
133011233020
322112321000
021011233200
100112232200
323313021130
023001022230
230202302230
311023032100
311012233130
301020223010
111210302130
121120130310
231230103020
200232123220
322312313120
223022310100
223331220200
232310200320
233122033010
133211201100
031121130200
233031131230
232311021200
312230211230
313011101030
302131321320
032112331320
021333102130
002312102300
303221211200
020221332300
213203312330
222320122030
131331011330
121000101330
201301122200
201012012100
012303011200
320220201300
022231123330
212201133030
122332132100
130210312300
123113222300
321131110300
111232020030
023233222003
100221312230
131022121030
020121321130
032102221133
312002011003
323312110032
021311220030
312031002230
122120322003
013123000113
201232320332
031332101223
220332121203
313210232003
102102023230
101120323032
231331223223
321033323213
321100231303
101220100213
123331012313
113122302203
121232301103
002233232233
323122332013
203132322303
322232202133
211032220003
001123123103
010002122333
321320213113
011303203113
303100113213
133111332303
112110103013
230110133023
221130332023
321221013323
010122113313
010231023013
220213331303
200212013123
031110211203
223110103103
011201110033
201120201103
301132020323
232130302103
320101103313
023201130323
223000112033
103101103023
311123133223
003021011233
102111020333
110012031323
331201301213
112003001233
310122201233
330222311303
332112103233
132310032233
133312213133
211310111333
233022132333
322321300313
303321310123
001313131133
223121302133
112220130333
203201202333
223112231333
232230311333
