--- Global Parameters ---
Code Length:			12
Min Codebook Edit Distance:	5

Max Run:			3
Min GC Content:			0
Max GC Content:			0

Using Generation Method: LinearCode (minHD=4)
Bias vector: [1, 3, 1, 1, 1, 3, 2, 0, 1, 0, 2, 3]
Row permutation: [3, 5, 0, 6, 2, 1, 4]
Column permutation: [6, 2, 10, 0, 3, 11, 4, 7, 8, 1, 5, 9]

--- Results Summary ---
Number of Candidates:		14617
Number of Ones in Matrix:	1577946
Number of Code Words:		762

--- Performance Metrics ---
Number of Threads:		32
Candidate Generation Time:	0.02	seconds
Fill Adjacency List Time:	4.46	seconds
Process Matrix Time:		0.80	seconds
Overall Execution Time:		5.30	seconds
=========================================== 
111000113200
113311133300
112221112200
113332311101
123322211122
022212221112
112122211002
112212220010
112022200033
112233222302
112202330001
111012223302
112223332313
111031333101
111022113331
111222022320
111200022211
111020333222
111021223110
111002001311
111030002232
111210200202
111011000120
110133311122
110033032111
110330003311
111333033032
111023003003
111003111023
111303122000
112331100223
113331313322
110110133323
110220011332
121123330002
123111233322
121112003300
113233303201
113133002220
113211122331
111211203133
113112221133
111310211233
111311212102
113322133112
111231130112
131333222012
110113131100
121221211130
101101121113
121110111211
121011103111
101122210311
113312203121
110002212210
131321112110
110010122312
112211331230
131113312020
311132211100
113313313213
113001231333
131002122333
110013212133
113231211310
131112130310
110111202010
011133000110
131131201112
311101211312
313311223112
131031122121
132131333211
100113223111
131322331332
131120312232
122111312221
110131131031
110232232233
110012302201
011123222103
101110032233
110001303030
110301330013
121101330133
112100030132
113120331013
131001033113
311202333111
130003332103
112020201121
112030311130
121312200313
133111300332
100031100013
132103111333
121332312333
313331110133
313111312103
103222011133
011130111330
101331101130
130010001330
123101011331
311222000130
113010010011
112130300101
101223112001
131332000322
133221110321
100102111230
120123211101
120222113211
131232323311
133112302111
133222333103
311312232131
130012221223
113032322122
103122022110
133132210131
123332033131
133033311232
131030300211
100121001033
100110221332
100022233220
110212101212
210022112111
100112001221
101131030121
100011233032
100122331212
100202122213
132220213112
102233311312
102000333112
112300012120
121200213222
122110023112
122213101311
120003201113
122113132332
122000122132
122033303321
310113332311
100032323231
100323310131
130103323132
310130222112
130023001122
103023302212
100223301100
100333200120
103322000102
112322012011
120011310010
122200100120
113220302030
132233033322
110230320322
132101003222
102013113322
120231333021
102211202220
122301220222
102001330223
102213022333
102331212232
122303221330
133031203323
102030222120
102103233303
101212332300
101123121022
133311322320
133233220223
133323232200
103103312200
311133212231
101232112322
123303300233
123300030012
133210330020
133100121010
102132321000
120022022200
100212213203
100030010321
103310110022
113031012303
121013011000
311300011030
133200112033
132331311203
120220112303
133001312311
103300332031
103330223003
133032201100
133201223300
102303030310
120300323310
122312332010
122112131003
122321000200
133020310003
132002231031
102200202103
101320320212
311233221212
311320322011
122032121011
102202203011
132132003030
101233002010
130211133010
120020130311
100220303323
100120002302
132011102202
130312120202
120320103332
133320102021
001332333222
312122233212
011102220211
311022203123
121223031023
131020031201
132022102010
131103202031
103002121101
010001312100
010101031133
103100203020
011220213303
130223130133
133012313120
010221110130
032221133311
010011130113
211220231113
011023233132
012221231332
013020222111
130320211323
211133131303
221113033311
211123021312
011230122313
123230202013
311131032322
010111213120
001100133312
011033323123
211101132220
211211102211
221211333222
211021122232
011212303223
011132110222
013021113222
210021003331
211223320333
211023302321
211221321221
210223133232
210023111220
123033110220
000221311122
310131113221
103203013221
122121203213
212120111232
201103113321
201113222331
200011313311
210003331202
010110303212
011010012321
012223011221
012232011102
012120133022
012132022121
212232212313
021132232212
011233301131
013323300312
011331311012
131233101021
212233211022
120323012112
222311122112
102301122201
221031022211
311023132210
011031322031
021022112233
012312112113
321112132113
211321330210
210131323310
301001112332
321211322312
331123332201
311313010201
001232010211
013301032221
013330120122
023111331211
001001032011
011030100301
010102033310
011022323200
013122232032
310301133202
310003012330
311200332003
310132330003
301233133203
311002130102
310002011001
312212311203
221222333030
331223301222
312022331220
301013331233
331101332330
313100020222
310102113033
312221202012
312223022101
331112220102
312133320132
310230211131
313203323020
311310233023
011320202332
211103201330
231333211332
211012210022
211222102003
211212013031
031101212013
213222330202
213332231222
310112003022
310322202000
313022122321
330002200021
330022133000
010223330023
013000330131
031003311133
310031011213
310033231300
013322210020
310333130321
130331030001
000310033211
010133213011
013112102001
313211100121
033112200022
030100223222
030131331121
010330233220
001301333030
032211203322
010233220032
210220022012
201200122121
002333130212
001013302113
001211100012
302211333033
000231133131
002112331113
301121011323
312121010030
301101103303
312101323011
031100030323
031201113032
033011121232
003111033232
021121012022
323113122022
212311313121
020111022113
010313102022
020011033122
001313003132
031120303302
003103303330
102312030033
001331003003
003001313213
000131232110
033123312321
031310323321
313112310320
001112203210
002121222302
003101211221
013200312123
021200311311
031321103020
033301330202
003313231333
031121300033
003012133023
033122130011
033221012212
003320231121
013203131301
000132011332
003303321322
032302213122
331021231321
313201322132
013023001333
003120213133
032011332333
032133102232
012231321323
033113203313
033130021112
031303103111
030023322010
000113232021
021313120110
302213332121
331003322213
200033132221
020033301011
022133031222
002033322230
001200232333
032102322133
023133222323
032223132203
000332212321
210333121211
000331210102
003302231010
020133310020
003300011103
002323312201
300331223222
000302303313
020322332311
030332311310
020333113033
033132312002
030001010123
103021031302
300121130220
300031122203
302011311021
320023331323
000203311013
301332121103
330333013303
000230130200
003222113000
013321301200
013100321100
033320332110
021333032130
203312122210
302132122211
032132233101
301322303110
302113033100
012010301023
002130110023
022231110310
000121103100
001203230110
002122001120
002202120123
002110002003
002200300030
033313000300
023332203000
132013010313
300211012231
120021020023
022113211200
012310113001
002331131300
022331233323
033323223330
022230332020
032103321202
002000322022
012020031010
000220201210
032210200013
000200021232
201000321132
032213023231
033232013023
302133213122
302223223113
302003021123
002223210233
003023200321
022323103221
021310210331
031020020331
023220303132
032110233030
020002213312
022002132110
023212300011
021233023101
023023323303
030230212230
001030212310
302100032331
022001202331
030222031331
020122310303
022030131033
320220202111
032200022000
020032302320
030333020023
022320320003
003212002032
300022302033
303023233001
300302223030
310331022230
033310002123
201322020022
003032021003
303332200301
020130020201
210130012023
200021202323
301203203230
302312012223
331120223021
301010220013
301210023000
303120001212
333110013211
303032233322
300202321002
300220100132
300021032212
303302130332
331202031132
332023302130
301023001200
331022012103
333220022203
330121301213
300131201230
200313321220
320033000333
330311100231
331303023232
330212332022
032300120032
330021310222
300010301110
321101020321
333010111223
322012323223
310320131110
333230200210
313013030022
313002302303
221100300122
023003010322
200223000222
321000121022
201121000213
331020100012
032031001312
333012003332
303301132111
213303102120
333233130031
333132100323
123210131032
333133231010
330222111012
330003131312
331300313013
330032023011
303103111011
201102331011
330112301001
332001211002
332031032032
312313303103
320312122001
332331220010
330332231033
332012210233
323213223003
330030203102
320310123113
303321020131
331310131000
233131332031
231023000302
203122230231
210120230030
202102022313
201112113002
332122022232
333212021320
202320332232
213320320321
323233003021
203330303320
303003100020
330010023120
320223132330
321121313300
322212120230
321313113230
333221313130
333131102100
320133102301
323200331231
231100012133
201311020230
202221012130
200202330132
220023320213
202212320320
321231230332
120311323033
332200102323
021230200323
322010103330
321301002333
322100330312
201120331120
321203012210
321003123201
023202122002
320201200203
322232300212
321030030010
321110201003
332320001332
332103201121
233233300100
203323030113
233133112122
233230123322
023010230112
210102230101
230111201311
233302310231
231322211011
023232212031
213231222030
231232022033
312330213300
302330012312
323323011002
323311320123
323121032102
322230301300
023030010130
221003313330
322003230103
322023010121
202020301211
232011131122
322211031010
232121210120
232212002310
200222003113
210032002100
200303103233
230030033033
222020003232
230100201032
232113032002
220012100112
230131021333
223332000211
221101210210
231200021110
221013022320
322301130030
221011130231
322201121001
220210211010
223120201302
231101011202
223110022332
232110302223
221332321013
222110231233
223210323313
223033211102
220312312130
231202312000
220021100300
233122112201
233213033121
231331303223
213210001323
223100132323
230301112313
223011211033
213002021231
233002323212
232223222011
230033031210
232033310012
232032200320
220022323122
212020232201
212201033100
222001112123
220302130123
221301232202
201030102102
221002203002
223202232210
222112230321
222322210302
202203101002
223103130100
222002331301
203203020101
232300011221
222120012203
202023122033
202012211331
230220320031
223201102031
203301123021
232000310200
230120313012
233200213311
230210103001
202232013301
232321321131
202001303103
223001033020
233031323000
222330120200
213121120003
203311301032
323132301331
222133013032
212313312033
212132000331
