--- Global Parameters ---
Code Length:			12
Min Codebook Edit Distance:	5

Max Run:			0
Min GC Content:			0
Max GC Content:			0

--- Generation Configuration ---
Generation Method:		Varshamov-Tenengolts Code
VT Code parameter a:		0
VT Code parameter b:		0

--- Results Summary ---
Number of Candidates:		349696
Number of Ones in Matrix:	861230016
Number of Code Words:		1249

--- Performance Metrics ---
Number of Threads:		8
Candidate Generation Time:	0.37	seconds
Fill Adjacency List Time:	2910.49	seconds
Process Matrix Time:		1409.87	seconds
Overall Execution Time:		4320.75	seconds
=========================================== 
333333332200
331100000000
111111131100
111111100032
332202222222
103332222222
333333303332
133333331311
013333332322
213332333333
221100333333
332213333333
300030333333
000000332211
000000030100
000000100331
200330000000
220200000033
010100000011
221100000222
132200000022
000000211121
300000221000
200000200202
000001000223
000011100010
000222000002
222222200020
222222232212
000222221100
000022202220
000333322220
100030002222
000003330322
000333300031
003333330213
003200000232
222222331100
101130000033
001333000222
333333000011
222233000002
223333300221
222333330300
332300000333
213330000233
300020000111
000033301110
111333300010
002333331101
100333332002
022233332211
200033000332
111333003333
311333332033
003333223333
003200333330
032331333331
202220003333
222233313331
022222221311
002222200231
122222203332
112222211110
102222232000
112222000033
223220000100
020210300000
020230000221
120120000020
112030000100
003200222221
233200002220
333030000202
322220002223
022222001122
031220000031
332222201003
332033200000
330000200310
222222111333
022222330323
102233300200
322230001111
322333302313
232333323233
002233002233
102233331033
312233000330
020221333332
022223322330
232232233330
220202223333
032233303320
001233332300
012103333332
200333133330
302222303300
300333311300
233333011333
322331113333
322233311103
202333301322
222220320203
302223332022
112223332203
122223300131
312332222233
233222320333
033233310033
331233303003
333222000320
332222133322
033232333312
031320303333
331301233333
033330320300
330332223331
333223233000
311223233332
133131333300
132333233302
121211133333
020333233311
320233233133
322032333003
303103333311
101133233331
330233323222
320333003223
030330002230
333331003100
103033032333
200133332133
020000303233
022303230333
211233323323
212223303312
221333303112
222020333322
210300033332
120230033330
122100003331
223230233323
133233033223
333230033301
123220333311
323220033033
132120330333
332100333222
103211333322
303132333223
203320332222
322203032331
332320232332
133200223332
212333002220
200233302212
123333312232
333233222320
033233002022
333322032223
323303202222
023232222200
221033202333
331330222221
221333222202
222233112222
122323032222
033333111222
233233322131
311033232222
223033332102
231030332223
200033222231
022003003222
003203203322
233132223322
321330023322
120100222222
020030223332
321000222233
222102222230
220223002322
221221222332
223100022332
102231222333
230312222223
221223332121
202223022221
223320222321
333221222211
033222323220
332222323011
122032222211
220222313223
300222322323
111222232323
123123233233
322033223220
320232222312
030220222331
312022032333
322210221333
132210322233
032102233233
032032221333
330222212133
033221223303
201222221033
330003223323
032222022302
022220203210
211222202200
122232003203
001222302332
022232010332
112032233313
110333222313
223322303202
222200103202
232230001232
330120003332
022321223223
113222003222
003223313232
200222213312
000022230313
200223331310
202222301213
222122002133
100323200333
033323020233
222331021332
222200321132
230210332332
230223033303
200023323302
201213213333
110233133322
200010022333
303302103333
303200023313
310200022330
222030022300
002130033323
002212031333
032200112333
203303212233
233303233132
211330122333
000323033132
002033322032
301333022331
102003232223
203133320232
001000321333
022203233120
132223012323
123223222023
213223221222
313223323213
132223322112
121222322210
213232222113
202323320313
302323221330
220323211332
030223322003
310333223000
001032223300
320123233320
023133233022
032133212223
222123321123
223223223111
001113222233
233133222003
330033322113
331333112323
320333122122
333122123233
330211122333
332203321023
303233021133
333103032033
333310333123
323332130323
133003321233
232003200233
333223301031
033303313203
300130122233
303030222023
133020222203
333010223300
332323220202
231323232300
221303221323
133323230022
313323200003
332132230023
123233320001
333331210203
321222202031
312232021323
212202102233
010323202232
123023310333
132321102333
322023121233
223231122303
133221122322
122332320312
222232120031
020331122330
033321133320
330321330330
320321232303
221321332230
321133322130
313321333132
323320223130
333323231113
200320222030
322303222100
313210322322
133331030232
101320032233
212320331133
212132333022
122232131232
222231030230
202310220233
232031130333
203221133133
022133123133
212033223132
212321132223
212210330222
112213321332
112332132330
000232132331
000332310323
100203231332
002213231222
303302321322
023322321231
300002322202
300032032300
222013222022
213113220333
210201222220
130021223330
123133223310
332321301222
332231032122
331223002202
030210202222
132030230222
003123222122
012031222322
112122320222
212023320230
122213020223
323223110223
322323100022
322221321002
322232210210
323222310132
232320330020
302320033220
021233001323
322002033230
002322123230
122323133130
003332031230
023323123032
202332100232
012133320023
013233322010
130023332030
113303222030
233300210330
213133033230
223210103330
233322013230
233303123220
123202032320
323002203203
333301322103
213331321320
203323321100
122302321220
233332121130
223302320030
323033003030
303233133120
210222123320
210020233300
222323023010
222022303031
310320030323
313313230230
303013220222
013312132233
220133302000
221332103300
021033220030
022332100003
223301020223
223313030133
322133220011
031333312001
323303120331
223331033211
230310333200
323310330002
302331020303
022200210030
322210333010
322020222001
203230022002
233320002001
203321230000
220023122200
232022133200
312222112220
300223112330
030002232130
031222331030
100122022330
011322320330
310022203030
032120220000
232121233032
122213323100
303320120033
023220122213
232023022103
220000232010
230322320210
220002202123
230022203321
220302032213
212120023223
221322102221
223213202201
323213200310
210122033033
323122020023
221022030220
320022033122
210002023222
220320200122
210220000212
302202020032
121203200032
132133020032
232203020312
332122031232
303222003131
322113023232
330000302122
333203030210
331332031320
331030023230
332203201130
200221032202
321210232202
331222013313
331021220033
223202102312
023002322132
113222302130
112320223022
231222312002
323112132222
221122212122
232121222120
231110222330
111122213330
232013132232
211131122222
232003121330
222001210222
222003302110
320001322030
200001332023
220001303320
100321330223
220032131033
213022120223
322202130221
020202321022
302313130332
302033133231
302033303102
032013320303
220012322321
203012321330
302000320231
133300320221
223300323101
103322320301
223002133022
233020133313
213002031233
013000321222
122200313213
333002320013
333002313231
230000331031
222003310003
203303310302
233000310022
330003313000
222111320033
002022310033
302202310313
020320230031
022300302103
000230321203
000203220012
300123322211
331023321200
321003230200
321320331312
321031331232
320310302231
321010300033
221023231130
330303131322
331123223301
231233113302
022031133302
022122133310
022302213212
122022123023
230133313023
002123233013
100310233232
120213233210
130000213033
100000132320
000213023230
010003323310
110000322003
001000202030
002002303020
033003323021
012332303210
212201320300
210303020320
200303230021
310023303221
210113323220
112113222320
210230223311
200122332001
200313223103
310131333312
103230233012
001303323212
301303132220
000102132223
011023222210
303101222200
301103320300
031103200330
302100133300
002002122003
002023302121
011223330311
011320333000
023120023300
321113320022
330201320321
332021330012
230002303012
333011323032
013010233322
013021333301
321302132133
301023320132
310203032002
320323032011
311020233023
213031233002
133003133003
030032132002
001332133202
000012331200
201003223120
233013033321
222123133001
202131223000
020122303003
121322030303
233313120002
201323200012
210333320111
202232110300
220303100010
220322130311
220103030302
220022001300
302332030211
200202131230
202303031231
300112033331
000012212332
200113300303
030023000301
020012000322
120032120320
130320300013
232022100013
033023003123
023013223013
220002211002
130002000200
300322002103
033022302010
033332022101
003312203213
000210133033
020222013301
003310233001
003222123001
002203130001
012232023100
012213223031
101223313301
100103033203
000100323102
202000313100
200203003101
102020033001
000001131303
201033033010
320001033013
013203231023
301303233101
300210223021
021031233221
320302100302
301021133222
321122003321
303130000321
312201033203
032302032311
301202123200
312002130000
301322100000
231122000302
013322033021
010022313022
220013313122
012303030022
122301030000
122303013032
002231020020
122123313020
011222230102
311122231000
001122300021
001113330202
320012123002
001020002201
002321222011
213223310021
320123310001
332312120300
123320122000
133122310000
023323310120
021303031300
033033013310
130233001300
113033303120
103302033100
333302112020
033202100203
332123013200
033302031122
033001003002
032020013032
022023012000
022112033002
032313200132
032003030131
022011023320
330232031012
330012312023
123003022210
022130002312
033320001310
010133022202
111133312220
010233311002
100222311202
201123312203
010112322000
312313321203
211300320202
331000310203
011200322100
231030120000
222011232100
223212121000
210323131000
120133331021
301313003200
003013002003
202123003120
000330210102
200132021302
020313321001
303003123010
100103100002
230103220201
221103232211
201203100223
200233011220
230002112203
300322131221
223033122011
300221010322
310030013302
013303110000
313123122020
210033012022
003322110022
211322130032
211013230003
312023220113
231033201122
031103321002
301232010202
111132030332
113303133231
323313113202
102303113200
323020113320
103023010002
212302003102
102002202102
102202010220
133202021002
212310233120
112000303132
013020122302
130002022312
313022321120
012221031220
131313202220
132213230201
110213200020
330212132201
102332121203
111332210200
113203102300
032311032203
032301021323
203132102020
210103212323
122313231123
100332013210
013002001320
311322023201
321302020210
310321230212
103022210221
331022101223
330020012221
030323221211
120320021230
000301210230
230010000231
023000101032
120033002311
322001002132
330210002100
233210021303
020011002200
221330001130
203030003113
220003011313
010003011200
313000103100
030322010100
133002203110
113001033310
110310220330
023301213100
302023001010
100102030010
100232020101
001312020003
000311002032
002011203232
003022023112
203021123321
000320113321
000320012013
300301023211
103320221123
133310222012
103310002020
120331021003
113330321102
323223012110
330322121102
233022211031
333122213121
013332210311
213332130101
133332113103
332030120123
310233013013
321032221121
313003023131
332320021121
302013022120
300312010020
133210300120
321031130020
101003310030
121030230013
111100303200
103001303212
200001001130
301010003022
310001202021
122001201030
102012133030
132302100031
112301003230
131303120303
111030222301
111000210002
101022122032
123303001021
113133003001
110321123200
113312323212
111323322101
121321223102
132321133212
113232031031
112313120033
111210223003
122310003013
213102103003
013230113303
132033123101
110302131202
123230011322
110200001223
111023001003
110020001331
113230002211
101033020123
100030321011
100022312311
332001103210
333230112312
202100012202
233303021111
103003221112
111003123022
110011323233
132012023213
131023033211
101112322322
331013033102
331102120322
002003133112
211203133103
300103201123
030103231313
030113122322
332131123221
010232100313
030112133303
300011231320
310021123313
310222133111
120312103331
313001310332
110201030301
011212033232
011310003223
311203021232
001310022210
101320003110
132100223011
232130030011
232210100001
030131031000
201301022100
011102002032
003303012121
003002011001
032000210211
033101122232
030310031221
130000311210
313102021030
013302122110
020310311333
332010031133
323030011003
333100001131
330023111303
203033110133
303011030023
130102010323
003111033233
231020010133
131022130021
031010133220
001020011322
101210033221
231232010321
130210130230
011132130220
110013311320
133113303231
103113322103
103313121230
031112303222
321112203230
211321220123
321212032013
311210030001
311122300313
331132321010
320122212010
301032102130
311023113230
133213213311
221202021301
120102132301
021310020331
103301010331
131031133130
111311033020
221311030322
223312003121
201122231321
333012001210
113012013000
230122002211
033203132111
103213132031
101202120331
121013221331
101213220130
331313021313
230310221132
110203120213
033002012113
011302212103
133312012031
312013002031
311303010031
301001302101
111131321303
113311303103
011331030130
131221020310
023122112033
031021331123
103123130123
101122332113
102102032131
032120131223
022012113233
020102021103
010001203113
000131030121
001331013103
201323110331
030123311321
011001310023
031321130231
031103102221
012313310231
001302113010
301232131103
321022110301
300102110031
332211030311
200211020031
022121032021
002201012031
121112332031
111012203221
012002213131
111202023121
111130320211
111003012133
011102110333
001101020133
021203010201
012203021113
211001213203
211010003310
210012210133
131002110232
110321211233
110322100110
112322012132
311212100023
313013310010
112001320011
110000102111
101102310201
131122112303
032112210202
030112221031
013311010033
003101021022
013222011013
011323020112
013112203120
233011102030
311311320100
211213030120
000121310103
001231210312
003131123312
003311321132
012112321133
032213101331
300313100113
213303101123
100330011133
032110023130
332112100133
033111320123
022113301030
022110000101
031123001100
303113110003
313110023002
212110002003
331011010330
311110013333
211211032331
321313102301
331111302320
213103201210
221102310310
001101103100
322112123120
211111200300
201210012030
201131032313
231113302013
131122201012
311130001123
313133010122
111233001112
311101010220
322011010002
311111331023
211312310213
011111233210
310102131310
321010030110
011012023011
111121002102
121232100211
120122203111
123132101002
133113013022
130011203122
132311020102
120111023302
111011302110
130112301310
112211210230
011011301031
201112202212
100111302201
301111022221
301112200101
021111201003
023111103031
330111103012
123111000210
320111002123
100311310312
310310021212
113011022122
111310012321
003110012301
011310122001
012210222112
331210200112
101210120022
101103211222
030121032112
231101031202
120110001132
211001030112
233310013112
123312130112
223113012320
223111202132
231112313133
201113001331
131111323112
311210123132
311112211322
131031220111
103012120011
131210021131
111320113133
201302100111
023210201131
323023130111
032133100111
021003201111
130313010211
022312010113
022111322110
020210121232
230111332121
202012013221
202013230111
212111003131
012111013222
001111331311
221112123311
313110233111
122011033111
313111313201
331111212001
230011201011
312211022101
332313131211
210113001012
203111010012
221121021013
021021120012
020211021313
200210231113
002210013111
212200210101
130211031103
232131331113
312100122211
222302121113
203213212112
233012112122
100111221210
102011321221
202211310211
020011312011
003010011213
010010112231
011301321121
031003110120
010313211130
103113031111
202312031110
210111012210
232010011020
212001012120
202030113022
120023311012
321003121102
331310110021
312103101013
001111110213
000113011122
113111210113
321133013111
212023131122
012232110121
011212012110
001102121112
002122011210
003021112200
133123112210
131203131212
021030112132
121012010121
110212121311
102213110010
112023113011
112103110321
112122011001
212312121221
113112112012
303120113011
312212113103
112110113302
122103101100
222310112002
021213131101
121113011203
133110011100
212130111000
202112111032
132101112022
211021111002
011031113311
101010113112
103033111021
303200111203
320031112201
320110112311
012013112113
020111101320
303310112110
033113111011
323101112213
132310121110
222111211021
230133011101
331120111331
011233111133
113121111323
302131112123
321321101132
322320111010
213113113121
232321113101
130131112331
310311111332
211120011111
222100111231
121133111312
221300111122
321221111200
330130111120
121101111133
113020111101
020200111113
302212101112
101231111122
210301111110
300022111110
333211111130
