--- Global Parameters ---
Code Length:			12
Min Codebook Edit Distance:	5

Max Run:			0
Min GC Content:			0
Max GC Content:			0

--- Generation Configuration ---
Generation Method:		Random Candidates
Number of Random Candidates:	10000

--- Results Summary ---
Number of Candidates:		10000
Number of Ones in Matrix:	668412
Number of Code Words:		762

--- Performance Metrics ---
Number of Threads:		8
Candidate Generation Time:	0.01	seconds
Fill Adjacency List Time:	2.74	seconds
Process Matrix Time:		0.75	seconds
Overall Execution Time:		3.51	seconds
=========================================== 
003300003033
331121111111
300111111122
330122222233
333003322223
233300033311
111211131122
030222221122
333330131133
011333003223
333100000303
111002233333
320033332233
020001122333
330001133233
001113000300
211111033003
222221103300
223111110032
332222331331
333203331121
332333122222
111230222222
020321122222
312211122112
300120011223
330000102212
330000201133
322222233120
210221111123
331202111133
001221011113
012111111303
113111133223
001111133320
311111110001
111112220300
322111000331
312011111221
022211121101
223222211101
003222121100
002231122211
312222201113
222221331113
132222221211
021220222211
322232222032
322223022001
222222120222
122222122010
202212222201
322201112230
122021111200
222200110103
222332223000
022220201220
200001111202
200002233302
320030222020
330003111003
101001113000
110011322020
230000133000
303000000020
231000220003
223120000000
211220200001
112220002000
122002002220
132000000121
122000221131
100000121220
111000020212
213310002222
331330000202
313300011113
130200111110
122211002011
331222002211
333220030001
232011130003
222010131123
220200021122
001000102111
011200010013
012002111111
232022112211
022302001211
323020111011
022033111133
320003121111
323200222112
000020222310
030022113133
203322111333
020002202113
000032211221
000000220032
000011233022
000321101001
020001101210
220000330112
221002112110
322122111310
220023111313
222032200013
200002000123
000030100233
022020100001
320222100000
022211230000
020003320000
010000001102
000020013303
002102110003
002002123313
000033003120
310000003311
330022011210
100000312031
231100011012
111110001002
232230021110
123300131211
123030000112
301010011132
332131111232
312120211122
211122211211
223312031111
222212201132
222102220123
323022201222
121022212233
221222001330
022300022223
023332222210
012000212201
010003120222
020010113222
022022011022
003000331222
030000230223
131300010223
012102001130
220013001110
021103111102
230003002101
000203301101
300201211130
202021110130
220011302300
320101100223
301301002221
002220023201
022120220300
022213011330
211100222230
201130022001
021120003233
301210000333
012022003333
132200113332
322201103121
322230012133
322321222100
220221131031
203220011031
010221110332
222122303331
121211211332
322101221330
100022221332
310032122232
310022321112
302100021212
232223002222
312210032223
033022002223
333120300222
000220031132
202002202232
300012100022
001022000231
200101000332
030032000212
300222020031
113002220113
133220000233
000030132102
200122122002
201232200222
221221002101
033313220222
211122302223
102111202222
300113302221
002213212232
000013310103
322211202323
022310110213
223112002213
003110120223
000133222022
332212200230
333222230213
101211221220
110101222211
001011212321
001012031212
011111202111
010101322123
011001220121
000113122131
321011132131
331010300111
300112221101
332111022213
320112210213
220103222100
120010122110
122031022212
013000122132
213003022211
211010023111
321000120130
021110302013
232223200100
232201100012
332111001022
233210000321
223210202230
212001010232
321202000132
222013202203
220120012032
230100122201
331201201023
022021220033
221011232210
222331103222
021301000123
202310001133
012203021233
022223100123
021113100231
031112200312
211202210112
213222220032
130222210003
112002211020
230021102013
030320211023
132003211233
213202012223
311100112333
101110101233
011110210331
113110221133
001110223110
311002211301
311030210011
331100202010
011112122023
330221001332
201002223131
202112221313
122120021323
102222013233
220322232023
220022103322
230021013311
222032121231
221212122321
221132113223
210121012213
220230310033
020130322231
220310112231
103011102112
210312112322
211013113232
211101011200
212100201300
120000213010
202113121221
212123011133
202302112123
221221311202
211221130200
221310110122
121101122013
121210013221
121311022201
220332020221
221133320222
222103000201
221003231222
322003110202
302033112213
232231112203
320031001013
312030020023
222200303232
112320003322
232202231002
132013300222
102331001223
023100102321
330010033202
300110132010
331122021202
303012122120
131131222203
013111100202
013122202103
121222303213
110222003120
312111013120
102011000200
100023002003
202001033033
002231013310
210203111331
200202003310
220112232332
320300023232
001100322302
211110312132
233110112311
332002032322
130202121232
131022120022
133122102232
121102101020
022101333223
002122023322
321221321333
103200322022
123332012222
013130221212
011203200232
112110120230
231121120231
231312002320
332020012020
231120101030
311020103220
300100203230
332010110301
331011212000
200121123310
200012321320
000112103030
031221100021
032131210022
302123200020
000122130112
220102030131
022123003011
321021220302
312002120321
121002030311
322101312011
102100120102
100110231221
002030231011
020212130211
302312210012
033022300311
202220203012
122010310312
122301030221
022312322322
222013323211
202130332322
103001022101
332102102111
313221021221
011223121121
010210030121
301302020111
202130033111
212120232003
021131012000
003302020202
001023021002
023210220021
012101320002
013211022320
012031202000
003211332200
002010310230
000331023200
011002321223
132100233022
312211213002
012221003102
231101223020
233031020020
223301222003
233002320212
310100310201
133012022210
130220332221
122020232301
100202232030
310122032200
302202330232
102023130023
130021023002
121302110032
111031200210
100302223001
120320102012
122213322102
222233311021
122321211012
102212210321
100211200103
100032121013
002103232103
123123202112
123220302302
011021032332
111301121130
310311211331
310300223121
032012223111
132300212311
013312002311
031321002110
003333223112
002233322120
021232303122
020223123032
121303321112
213321222231
233321102200
133021012133
133003111322
133321200121
333221103212
333312220331
311120233212
301122232310
031222313232
023212213200
023021232202
010222322013
010023233003
101322123212
001222133131
013232232321
011322320302
001332312223
303320022003
103210110030
311033030222
101123110202
332103302033
103120202033
313022022313
323220123331
112221313323
120110213333
111131023323
120230220311
101132122311
211112333312
103111322321
031212322131
131210232100
212202321310
130212113201
122133332200
222312133233
012032131023
112023112302
122202331130
112221231001
110223012101
100230032110
020230301010
301322300013
312223110031
131321112303
100232320121
111200322313
123120103310
123003231001
102021323111
100312103111
110331311112
311313112123
312320123213
301131200303
021032203303
210031230123
200303113011
120013230330
110213223331
100103201132
121130013132
212302031321
301232113112
021031332012
110211333212
030231202121
323300133322
223133022012
203223020330
032032213332
001033320331
032330001032
033212001303
033223320112
033233012111
203233121212
323213332211
113223130132
232211331020
022313033002
320213131102
232131321200
111013321201
010101133301
200313032210
333131221110
333100231102
023330032300
331131120320
301120303002
213311321122
023030311121
302313321111
003211311311
331203132001
202012333001
111201303301
312211332301
312110331131
331311232311
121131300311
212203300121
210203330203
101233301113
122333310111
100323311131
023113132113
221113323303
011230311203
110301103231
101031003302
211003333002
110112033132
120103033321
231011333321
203110333102
323123013122
031120133123
323011023312
223113103101
223022233310
230203230321
202323223333
003223231303
201223123220
120233212320
300312033120
322313123020
301230310220
300230121321
232023313322
331231233322
010203333122
010131231021
223232102120
221130032120
311213210210
231113231011
331113322120
030122303210
330201310320
331100333231
131032323231
111223323022
210333233322
303320231231
021021331320
301003133210
011113230120
033232300220
132030103320
030310323221
030301320011
112103030303
322330301120
333310322132
003331021133
330330021213
313133332122
213132303020
300033230031
303033101122
233133222321
313132220323
330232133300
302330100030
312233300010
311310332002
310213003000
312302210103
131302200330
333032210201
310333210221
310132101012
131113210033
333321011300
331301133100
231030311000
323013311300
002332031000
031102031031
333321121022
003032012030
123232033011
322132323313
313132333301
103320101132
332232032010
303233211200
101323232000
113013030000
323012130010
013011010110
011231333111
102311233131
131133032021
330130133021
112311130110
211232332100
103023310210
212013312000
031302332200
001300303201
130113002330
023231331033
031301130322
212330112020
331233210331
231301021233
212131123103
201231301231
213213310231
213201233202
113313312022
003301132021
033130100101
033001233112
132010033113
123031032003
022300230133
203002131230
200331120032
102300233303
332310203300
212233023311
211330231201
123322120301
203313110300
033013123030
031311311101
132123011010
031133123003
301101311033
100120313013
310013031133
013103031322
010313333233
120033331120
113100311310
313200230310
332023323100
303213231012
203102332113
100131331030
133232313302
103321323023
111320331210
111331233012
311330122310
213030001310
300133132332
130111312302
103331111010
123303013030
230311213132
223331212330
303330301011
313230300331
001330130113
322030333101
333101321301
303103013331
302000321303
323323332103
032303333031
002333210313
302120333333
032230332113
323302303131
300311130313
312013330313
310233120333
003132303332
331032003100
213103103333
000310312333
100203302333
033003232333
331313301233
313031203031
231232030303
233033200032
232131220333
323313100323
201333003032
210323001302
231331010013
113300300133
011133301031
111033022133
110333222003
211003301313
121123320130
113123300203
103330331203
130331231303
121332231310
130332302120
313033023320
202033021300
230030323310
230033011332
030333320320
320302013003
113330011301
112133001320
132133203123
013320332131
213323203113
213323111001
321333313330
133333330030
333113313230
013332133110
233333313212
233303030102
133313021013
232333120101
