--- Global Parameters ---
Code Length:			11
Min Codebook Edit Distance:	4

Max Run:			3
Min GC Content:			0.3
Max GC Content:			0.7

Using Generation Method: LinearCode (minHD=3)
Bias vector: [2, 1, 1, 2, 1, 3, 0, 1, 1, 1, 2]
Row permutation: [6, 2, 4, 0, 7, 5, 3, 1]
Column permutation: [10, 6, 7, 9, 4, 8, 5, 3, 1, 0, 2]

--- Results Summary ---
Number of Candidates:		47264
Number of Ones in Matrix:	5945992
Number of Code Words:		2171

--- Performance Metrics ---
Number of Threads:		32
Candidate Generation Time:	0.05	seconds
Fill Adjacency List Time:	6.38	seconds
Process Matrix Time:		4.47	seconds
Overall Execution Time:		10.93	seconds
=========================================== 
01112223330
01112220003
31101110033
31101113300
01101112002
01101113113
00333011122
22330001122
30300011222
22330002211
00333012211
33300022212
22300033312
03030022211
30300012111
02200022111
02200021222
00030011221
30003012212
00301002212
00020002223
00020001110
10030011100
20300011103
13000301110
10003300111
21003002111
21003001222
10030010011
10003303222
13303012221
23330302220
23033300222
00013000112
00010033111
30323000111
13330300211
22300030021
20300010012
10301000311
20003010311
20020002311
20003011200
23300021200
10100033110
22022000111
23030101112
23300101221
03001001211
02100011211
13001003312
23001000120
23300023022
20003013022
33320003211
13000132211
23000133113
20003301213
20100031121
13000131122
31130011122
31130012211
11333001221
13300022320
13330010110
01330111211
01100021112
00300132112
03302001112
03033011212
03301032111
03313003111
03313000222
03031112111
23331002112
33010002110
10330022112
13300021013
13300213111
23300211120
13300210222
00300222022
13000302223
13230003311
13030333111
23300331101
32000233111
32003031112
32300032122
02000311101
22000310122
20001321110
32003111221
22000313211
23030331120
23330011023
12330001331
32303001121
32330313111
03200032221
02003200222
10002002122
23203002212
22203301110
20333010101
20033101121
00310001131
20030011313
22200021310
22300031130
22200331011
22300320111
22200020201
22203302223
22203303332
22033003311
10133033311
13203003110
23030020101
03000221021
13003021121
00030221101
13302000322
33023000221
33002200211
12300200112
23000220002
12030030022
13203000223
10303330122
10230031122
13330303122
13300331312
02220003112
30320033112
32200102112
12220002322
13300100123
33010001223
13010002022
13030020312
20031000312
22002100022
22303000232
13002033022
03002032212
30010201112
30002230112
03003210112
30003221113
10001030113
30010202221
00020231122
31000321011
21000323112
10010321122
10010322211
21030003322
20001033321
20020312221
21000320221
32200330221
20030220122
20030223211
23000223331
20300221131
23330222113
13030022130
01000322131
21100331110
21100332223
20010031322
03301031222
23303013123
23200033202
23300332232
03330223222
10331033322
32330310222
20003221232
20002311132
22010011120
10100031332
23003332131
23033010231
23310030211
13300332021
23330013201
22333031212
12203300212
13303302120
10030302132
10300302201
13330220001
22300032203
22003322113
22003033220
22023302122
22033002200
22030322231
23020321211
31003122211
22200100220
32202001211
12200022230
20300012230
30023030122
22200333233
32200023213
22000230332
22202000333
12200100033
13203001332
13000222033
13200031233
12300031323
33003212231
33220302221
33200323222
13200321132
22003323002
31000322322
22230303221
12323332221
12323331112
13033302101
33033131211
13003331220
32333200221
31002220222
22022003222
11220033222
11220030111
22021033112
22201030311
22202003000
12202000120
12300032010
11330033210
23200030131
20200233221
33020031231
30023033211
32002102121
33103112121
03100311220
03320001220
03002202220
30302200121
33301320221
33001310212
33202011121
11100330212
32030112122
33030211011
32200211311
32220003301
13330133321
11001333211
02020332111
01000321202
00100322102
13303222101
10003222000
10002232202
10013002220
01000202110
33301323112
11303032212
00202333112
00202211120
30202213111
00201220222
20002120220
11003232022
11003231311
11033032121
11003003213
11030003131
31303203111
23133002121
01000201223
11000200013
11000320032
11100023220
11100022331
21000200200
11003002302
10023202112
23002202312
10033020202
10103000201
30100201120
20110020222
22300202123
32300202202
32002022331
22002022010
12000231201
32100222011
30100202213
31102002212
00202212213
32020022232
30002312311
02000122200
22003200310
12003320230
10203322232
01002302232
11210002202
21210002011
11010020121
31210003221
11200011200
31200010223
11003313200
10003013231
10200232312
31200013110
12001300010
31200011332
12200330313
21001100011
32000120312
21001020322
12010012231
10301001200
12003032001
20001320001
21100330001
12330311201
10001201322
32100221322
13032003201
13033220221
20301003231
22300200301
22200101331
22001303301
22100303031
20230031331
23003100321
11300311321
12302303211
23130030321
10003133021
22100012302
32100010113
12110001201
12100013000
21200011013
01000111230
31100211021
31100331231
22001301123
30001201210
10020123111
02000121133
01002131221
21300312113
10010200131
01120001231
11120002012
01203022122
12030202311
02030320121
02103022212
12100302210
21020012210
02001222132
02110002213
13120022210
11320022201
10220020221
30200120011
33001232011
31000113201
00203111212
20120013211
02032303111
00103310221
20011100221
10012301221
00110022011
10001200233
10033100223
10310002123
12020100211
00012010121
30020121201
20033212201
33033222012
00032202012
00031312220
00101101122
30001110123
20001110202
30011101011
20011103112
00011102131
21002010131
12003201012
12001010232
13032000132
10203033101
01200303121
01230102221
02022002201
00102221201
30020230011
13012020211
13013201222
20013231211
01303321101
01003233212
31002013312
12020103122
32302010311
23303010210
23003101230
10001031002
02001013011
31010100111
01010021311
22101002331
02001302322
01001023231
01020012322
01100100022
00200312012
21200012320
23002032320
02002212321
10010111321
00010113222
10010112012
12310023122
03100230121
10310232111
20031230111
13233200111
00110331212
30011102322
00011022202
20022021202
00101022230
00101211131
10100203001
30303213221
00320321222
22302301220
22030321102
20303022100
32001301202
22023012012
20021302212
01031300211
33201102211
20100110132
30100112200
30100113311
03020111311
01001331312
32201202220
31001211232
33002111313
11001101313
12003110110
11001102020
13100310010
13320231221
03302231311
20320201212
10230202223
00301232220
30301230211
10330332213
11202033321
31310302211
11302330221
21030233121
11002300100
10002121001
20102010021
00102300212
20102301231
00010320312
20202022001
20230322011
11002011233
13020112220
11010101220
11001021103
10002313103
11300233313
13002321213
21000203133
11102003123
12000233023
23103203221
20003132323
30002123232
20301313222
00301311011
02101310111
00330213121
00032201321
00230201231
00120012232
31012001201
01012003122
30101100220
30201131221
30130310121
30031311131
30201301101
00313031201
20031001203
20210011223
00021011123
00010111000
21001101100
30200121100
23303012032
20002231030
30022331222
30023203131
30023200202
23002321000
33013322121
30203203122
02303231131
02030201132
20330101130
20302033213
20031233222
03102333222
20021132220
01023331211
31203332201
33020322203
02202312201
12103331101
22103331312
21033033012
22203012313
21303323211
01033323221
01033320112
30023320223
13200323310
22033232120
02303121122
00333221110
21330203112
31303321312
33120332212
13302233212
21320332122
22103332021
00130232131
01300231102
00123023222
02203223221
30133320211
31033201231
23332201231
03332200212
21033322202
21200302102
01102230211
31332220111
01202320111
11303320331
13130202201
13303132200
10330212232
11030311223
11030312110
11103010012
31310301122
21103302322
11302020232
31203331132
21003313013
20100320023
20302032302
20103231223
20103232110
03030212223
11203020021
21000321330
31103220112
01101322201
11301301231
01201312311
01330322321
03323032223
13223331121
33323033121
03323201122
03323202211
23332323111
03332321201
33302311231
33032121222
30033211022
12330231011
03002113322
33201330122
02002103223
22003112233
33001122233
30020232233
02202122233
00023203322
00120133221
33220011022
03020200022
10302201102
21313331221
23103322311
21020132231
32010132201
13310112201
10333011203
11130301120
11130010101
11130300031
20323311211
03203312210
23220013121
23022011101
23022012232
32300111001
13110011131
23110012220
21130010312
03110012312
01333122212
13030212102
13010122232
13010121101
23010122021
10301120022
10030132023
01013011102
33011013111
03011012213
00013121213
22010131213
22310101011
00130120223
11200132031
13002112031
22201031200
22013021210
00323001213
12022001213
22320011213
12320012021
10203200031
31230020231
31202202101
01102002001
01130010220
01310300220
01032022233
01032020011
20332002233
11310300101
10203320010
11030122001
11022032223
02202002023
00022101232
03200112323
32101312232
32201113322
03001123012
02120200011
22130020132
21300230233
22002330133
20333013232
11130013232
20130002323
02011002123
22210032123
20101021031
21010210223
00310230223
22102030223
31333232223
32012030222
23130321131
22012031131
22023011321
32120031321
22132000231
23122002223
03122002311
20110102210
00220021132
22200211030
22020213322
12020210202
12020213131
30202020102
31020300012
22301331321
11001331033
02020021000
10200310203
23100313301
20330021032
12333202131
12333201202
22333202322
02230013131
23102330331
02123000122
02123003211
02213001223
02200101203
00220101322
20220102123
10220100112
21020010032
11021001132
20303102002
21300313002
22302011002
30020311002
20130231022
23033013102
31033202102
01031010110
01103221210
00133201011
00132020022
01020222002
31320100222
31330201220
12031020220
32013102223
23031032233
31133021212
23113331122
21110031232
01110032110
23012331212
03021020212
03321010221
33123301211
12213001102
02010300110
00230321210
00201010210
00220210220
10220210101
03200110101
20222001220
20202100110
30202100231
30022020032
33201020012
32010010002
10222002131
00222000203
21203100101
10200313130
01001103210
02001133201
00302110321
12021032210
10020233210
32330232210
32332212201
33020202301
31100102301
03010313201
11100103030
21130012130
01300123021
00131222021
01302212011
12230012301
13331002301
01103011301
30231022121
13021022311
11223001022
20012220021
00022330311
33310200021
12300201003
31302211223
31330321113
21302021301
31020220321
33100120202
33021102202
20320320201
03130322022
01332302022
23323031022
02230302202
00332232102
33100123131
22031023131
22001132130
21023102213
20022213223
32032302213
32203222123
23303220013
23100122013
23001312003
20213102201
23002203203
23200200103
23203231113
33201212202
30131012112
22013101312
30101213212
01001213203
33302121203
20023320102
30023322001
00223300012
00021220231
22301332012
23301032023
02100132020
21230100012
22332330112
12031332011
02100220103
00020120103
23201022203
32002210233
23313232212
33013032132
00013232010
00013230232
10130312312
33233112212
00131010231
30310310011
23311100111
23311103222
33120100121
03301110312
33133310112
12030111031
12300113120
10210133121
00210010031
00213021021
00113011012
02010013313
00211001113
00012220113
33013200113
13020320113
23102332113
13120101102
13133003012
10111030121
20112002132
30111032231
22011310011
23110300011
23011130122
23011133211
33023120112
13021101120
10023112101
00230112203
33320312001
33321302111
13321011011
30332121112
33032311102
13031110012
13311020112
11033110201
10011100032
13331001032
11320101113
01320102101
03202302131
02232201101
23323200101
13320122022
33323202002
10103230002
10120300322
01011030002
10101102130
30201011323
03210100122
00110210322
00031120322
01201311022
01031132122
30103311123
21033113321
03331233211
02331131121
02130211123
10103310100
00012301100
30110330110
03101012010
33101011130
32101003101
13210101312
10332002020
30313200012
12321001110
10021220110
21002223313
31301011310
11020221010
22010221323
00021221320
03031322123
00332312123
03013320202
30313032110
31032213211
33320230110
32032223112
03202221012
00320203102
30022213102
10012223101
30322302122
03032231022
30232221202
31302331202
32303312322
23033222333
02001131023
33232331311
03233323122
00133321322
03230313212
03131102212
02313302112
10233230212
00233232311
30233312231
30331322312
10311300110
02321002102
20232301102
10223011312
30223012113
20022331103
01020223113
00032112313
33321010032
23321011202
03331311223
23331311311
10131301223
00011333223
02013330220
32133302312
20133322123
21020221203
20032323133
20332231220
20301123210
20321021101
20302111010
20012303210
00232132212
00212030211
20210300202
00220333011
20213330011
20203323301
20231023311
20322300021
20321101311
12023130121
02023132022
02202231322
20333133022
10012131022
10123102202
10332311012
11303110132
10033213332
10332001313
10322300232
10233002310
30120303231
33022010023
23012021113
10120010023
30102133223
10032202333
10021222332
10230320332
10032031320
12031331322
13031031313
21033031230
10133032200
10221032201
10113133222
30113303322
11103133131
11032331232
10303212033
10303211300
10333131301
31001332120
00013311133
01301130110
13101130011
02313011311
12313010121
12311033111
11311003212
11310133112
21013130212
12113030211
03011303311
33011300231
33310203312
30013233312
12010223312
00132213112
30132022301
20312022321
00312021120
23311021021
03311330011
23321300012
01310303113
10313112311
10321102231
31011032321
30013313021
33313310022
03313310231
13130110322
23103110022
33301113232
03131212322
01033112302
31023101322
31323012232
31323011101
03133311021
10131011001
32132001001
12312002101
13130111233
33213013122
03213012011
02133010213
12133301113
10133031133
13303131133
10323310113
03131331113
03123011132
21031011133
11031013021
02022310113
03023311013
31102231113
22130100113
02330120232
02310101123
33132131121
33311101321
32301103021
10231100021
13203310001
23332110021
03332110113
02333110102
02133131112
00231331012
12033312000
12002101320
13103111320
13001310320
13133231110
12332331210
03323112110
23323113221
20322133111
20032113101
20232300013
21103013132
10102012133
13101131100
23303133102
33312011322
03132013223
23332112203
00110211233
03201023132
02233023113
30232010110
02023302010
32031100102
22031102001
03331122001
23130112001
00310120001
31031012002
31330112023
21303112020
32102113102
00321332001
30313320321
01013302301
03232023021
03012333021
00201132301
20201303002
30210132102
03012102102
30321020023
33232332022
23232330121
23301320100
30220213012
32302130101
02130103312
30203112332
20231100232
00310312332
12310330202
01010330213
31101033202
20110333102
30011332002
03313313102
30011020310
00113303131
00021301301
10113300123
01101031233
10302323013
23322330322
23332113312
10331113132
30331110210
00133112100
31013301010
32130021010
01133210122
10132331201
10302320320
00323311323
03020321323
13202301123
02032011203
00023110233
20012010013
02101120231
00313110023
00301121331
00313202331
03310322031
13231011331
03231301232
32133011032
32023301130
00131011320
30132211231
22232031313
22320303101
12133013322
20203201333
30120220123
13010230120
20011210120
20010113310
00110100100
13232332110
32113032022
22113031113
01030121013
20330213013
20133111013
33010231103
30031123110
30313201103
22012201103
22330310103
23030210133
12230130102
13023313110
00321333110
30323312203
30103121032
32031211312
20312333012
30012301313
30111030013
30110023313
12220233113
33203123311
12320303312
02320131012
12301330023
32331130223
33323322331
30320321031
13323200312
03220220312
03230121002
31302103012
21313101022
01323300102
31323303022
23233030213
23233111031
13033012323
11233302321
21203330302
11130303302
01123033112
13332323302
01100213302
01103130312
20031313032
20133200032
22133300020
22030113000
02033121020
12203012100
11233300103
02323101201
22033310323
02013331331
03032120120
13123012120
23233110120
23132011010
10323122132
03230122331
22323021231
23201331231
23201333013
22100133003
02320132321
01320330232
11331330332
01233131222
02203130213
02031021302
02230132001
23220132011
12233022031
02332020321
12033122203
32232030123
23223101223
23131020123
23031200023
32231000213
20333223031
20332313331
20301312333
22333112331
02332100131
13032313023
03023312320
13022302032
30220333202
30122031132
20101331330
21312030121
01231202113
31231200122
32332100322
23032310332
23021210312
22011003100
32013020020
32323020001
32232202021
22322200202
32223200022
31200220020
31301220002
02023010302
20202210332
02233103011
32131113011
30212200322
03123301002
01332011302
13010311302
00131130102
01131231101
02331011100
22331013210
23031203310
11032333010
22332021133
23322102132
22020101030
20120301020
23201101032
11321200022
11003123003
11303201030
11012230102
13002203010
00102220310
11310220311
33313230311
21012230311
00111200311
10232130311
12332330301
12032013300
31331100311
31132202311
02011000301
31331332101
10011103301
00211003331
01310013331
12102033011
12022233311
13232333001
03011013302
30320113302
33321013301
03210330321
33020113032
13223103212
12210033302
11020133302
31001213010
30121310012
30230112010
13332112010
32331012020
30231211220
13203230020
12230300130
13213130221
32310020323
22110310321
32223032311
02223320021
03220300210
21002303020
31020013020
31310010103
23011010103
01110201103
03211031102
31103131010
00111321010
11023210123
11012310231
33013110331
23013110010
02310103301
01101203331
01102122103
33101221102
33131101020
03102212123
02310211013
01202032203
21220323022
21110202302
22022230231
00102223023
20130122302
20011212302
23302233001
32302221120
32302220031
02032220032
20221200321
32302223302
12002213032
10022211331
01232311131
31232312011
13322330131
10022103023
01021003323
21032100210
23021330210
23011302020
21131002020
11313102210
21310220102
11131000303
01131122010
01331021203
01331103231
00132102133
11133102032
21330202003
20312020103
21201003033
21100212033
02310020130
32310331133
01010333120
20310313120
32101233221
22001223320
22021320120
10220330120
22330233020
30210301320
02103212220
21030120030
03231013120
20223131120
00223013020
00223302230
30113302233
03122310120
23012210201
12301021233
32332101233
31230332123
00220331233
00111033133
31203213331
02220233232
11203021130
01230210010
23331230010
11230333100
11023023301
30213023302
30021302133
31030122133
01031223332
21012233022
20132103321
31131123312
31131121130
31131122203
33311333131
30131131031
02201200332
01210003032
32123003002
11010022303
10120221100
11130131200
00113013230
10311010332
00321100020
00320110130
31031131233
11333121031
11331023300
12031330233
11320211023
10230113033
22330123033
22301213313
12331013003
01010102003
10110213330
31233012200
32332102100
21230022332
11230023030
10130230203
13113102322
01301132332
23101010300
31021000203
10202100303
31021310021
12302133300
12301102310
02310333210
11002132310
12013023133
12103023330
12103103232
11233013223
11203332333
20233122230
20230202030
11123032322
31331022323
31013010323
23101131313
31133103220
32320303220
02322032120
01232001230
12320221320
11311313201
11313331032
21011321032
21313020031
21031302330
21211300022
01113003023
01313332020
21301303323
21330113330
21120003310
32320013310
02022003310
02230133110
00112003320
11031303203
12230132320
11133022013
11333230133
12120030133
23312301133
23230311333
10231331333
13133313313
13131330323
13201333200
12331300200
21323010023
23233320200
23101300230
20311013023
13130322303
10311132223
00311133013
00323123010
23302312300
22033123330
22123313022
32233101332
33021331332
33321131210
03321133302
11032103330
13021213232
12130100300
23131101301
23110301100
21011030130
10211003010
13201100330
13301203230
31311003320
22131030330
22303232330
11102230130
30022100130
20201133030
01113000310
13111000130
13312010301
03111003001
33120210132
23311332301
03113022101
13113020002
23113021223
10021133313
30220103313
32202233313
32102200013
32023012333
32110002000
02322201010
31132033120
32102203320
31113313012
10310123130
13111313210
33133123213
33232023232
32120202332
13133120131
31232003113
13112031311
32113323311
32132120012
20232133123
31102121331
33311022033
01313103332
31312033302
03312132012
01101323310
31103221003
31022201133
23322213113
11022201001
11102311000
22110230012
03310202133
12331132133
13312131231
12321311332
02223323312
12220232002
31120230022
31011202001
23111312031
21113230021
31112300312
12012030310
12021202130
03012332130
11133213301
11101320133
21220322133
02302221333
12322202233
00232220331
11230210331
00123022333
21120312331
13232020033
21120313220
21133101323
32110001333
33011011333
30312021333
33120023233
31211301331
31130132313
12123313231
32021033233
23202131302
23230230032
22231310002
33012332323
01110323223
21110322200
03113332200
22110123332
33110223022
13313121202
23331121323
13323323123
23021333123
11323220202
21333120333
13012100313
12011311313
11012311320
31132113022
03311213220
13012213321
11022110332
01223310322
23311102333
20111322332
22011232331
21012232133
03111231332
31102313233
33113332013
13312302013
13123302133
33220221133
33120213201
32021203201
02201203001
10331203002
12303233203
11130223323
01332133213
32032131323
02232203323
33322023323
33322332010
23223332313
20210222313
20132333230
13132303320
10122201320
33122000320
21312200113
03122000133
31132030213
21220200213
23021023013
03101220323
03023120301
22023133001
31022033031
23321130103
13112320101
11332131002
01032213002
23133233002
20313321203
21123203012
12023220132
12032223020
12032220313
12012322233
00211312233
30221202013
33022130002
30312022000
30202212000
20210221020
22313221332
22313220223
11332220023
10322012003
33223020203
23223021110
02223322203
32020331200
01021311200
31201123102
10223222301
21231032301
22133220001
32131200331
32312233321
33122313312
11312201332
31031220100
31313210201
13210210210
31010212320
12110233220
32311323322
30311220232
33112200131
23112200210
20311221002
20123212002
20331321300
31131311333
33313120133
22011120023
01132322312
00223221313
33131210313
33111311023
33312010233
33011130203
02011232203
02111302002
23120020302
23132130232
33113100032
23220130233
20322010320
20123100310
01123320311
02313223101
31231322110
01313213110
23113211103
21321031123
01231031023
01133211033
10332231033
22232201033
10113221013
03112323113
30112310213
01311231323
20112313201
30123213120
30122323011
13113213011
10113223231
23312220120
03312221103
03110221130
33011223123
33011221301
11310221200
33313231200
10113132333
10312332310
32023223210
31022323213
10213332103
12131031203
10212203123
11202202033
12202313323
13120331013
01203210103
32120320131
22321230132
31322313132
11312323131
11302213133
33022302100
13112110133
11120313033
11213030233
12232323331
01223233201
01223003233
12313130331
21311310033
21132320233
22130213233
21331211303
21023211302
21312321100
21333231000
32133133123
32021322023
02021321103
20131133303
10112231103
12120323213
12102202303
02132232113
11321321323
22132233301
11220321301
11122333101
10233123303
11232313032
20223133302
22213233213
32313133130
22130331030
23212310110
21112302103
22102321033
22101311303
23313122030
32313222320
13213222133
01323222013
02132312132
32223321323
32230221303
21032213130
13230231330
03123221331
32231122302
33232210302
30201222330
31130222300
13011222100
30220022300
32232203130
22112333120
02011231130
12232031100
12123233102
12122300223
12223202103
32323100103
32312313223
33232211213
33231131013
31023103100
32101123120
22022123203
31321203223
13220223223
03012023203
00112232032
30101212303
33121202031
31210230232
00210130133
01210231301
21201313103
11012120203
33112030103
21312031030
32322033013
32331223103
12321231313
32321233120
21321323312
21233223310
31232233233
13232213103
02202233100
33321223021
03223210213
23123222130
12312312200
11123322100
23122233131
03222032113
23232022310
32203223032
31123322032
30322132202
01201230200
11013220300
31213030301
12201321000
12132230010
13231222030
13121322001
13021023200
10312103233
21210123233
13221002333
23232100030
03121203210
03121323231
00131223130
01231321030
13123133010
20212323232
02123233223
23210103323
21112013313
31121300113
23102023303
23121203322
31201233320
32023133320
32232323203
33112322020
31113311230
21213321313
02113322130
01210312130
02131112230
31213323210
31223231230
33102212330
33212312301
12123120013
21113123013
32311032303
01123032003
01312202203
30212320220
11123200220
11122020010
10122031000
21132200100
11213201310
21213203202
23122232020
12312232302
23223212332
32322321301
02322320003
30213210003
00211232023
12210322323
11311230030
02022233030
32231233031
33123223300
13212231002
32210321001
32212300101
30113220030
03211322013
33211322200
03213133233
03221310131
33221311233
03222323220
32221303110
32220310102
32220312320
33222033020
01332223200
21332132230
21322233232
13212232331
22312230333
21222013332
01121301332
03221233012
03211202032
10111203132
12211330132
01120123032
00221030302
30121003020
01312112333
01132112320
11322231203
31322230220
13110132300
03210023230
03311023100
32311201310
22321120233
13211201103
23211203011
21311123103
31321113313
22123232200
22131323010
13111233000
23231130300
13221230231
22230223200
22123003323
23212001300
22113201002
02113200333
12113202230
02123001033
22113320303
32121330333
32123310030
02220311031
02123231001
10211231031
02213231020
02231230320
02231120210
02210200030
22213002330
33211032330
02213310033
22213311302
32213313201
32132311300
01223120002
02212012000
22112020200
12322110002
12221303022
13312130320
11211303102
30221321130
00211123310
20211120203
22213122003
02311203033
31113233033
31312323003
33212122333
03112113310
31222301013
01022323000
02122302320
22112100302
33311210300
31320212130
31312110010
31321320300
13321220303
33222323033
12223320300
30023111300
30312211130
13223101030
32021110310
22211100313
12121103331
21222303321
01222302302
11222300201
02131202300
00222310333
20222312023
20222311310
33221231100
21120123100
30211313300
20212203330
11211220333
30211121033
00212113332
20222123331
20223223003
21021230033
11321110031
21123110103
01213320330
10112120230
12212303300
01212330303
02110313003
03213223303
32020213003
31221330003
11212331133
12212223033
11213113002
21110113031
32212013133
22021113133
11223123133
11221332230
10220102330
11212022330
12221013031
21223311130
21213110230
02312313030
32011123031
02112210300
23122123001
33112110001
22121023103
31212102300
01212100023
31221100323
12122010313
03121110013
11212021003
12113111033
32223111003
30021131003
01322000313
02221303303
03322101333
00321210033
30321212310
10222121300
10221112303
12312121330
02211213330
22111013320
12110121303
21221020331
31222131333
01222133010
02212130032
02221131030
12223110020
31211011030
01220111300
31220032030
00223132033
32120112033
22322113230
13221123320
11121013130
12112101000
10121123302
20121120130
22012112300
21121132330
11121133203
03222113023
13322211230
23222112000
10122110301
20221113001
11322122000
33322100200
21212213000
32213120100
12211102030
21211133200
