--- Global Parameters ---
Code Length:			11
Min Codebook Edit Distance:	4

Max Run:			0
Min GC Content:			0.3
Max GC Content:			0.7

Using Generation Method: LinearCode (minHD=3)
Bias vector: [1, 3, 2, 3, 0, 3, 3, 0, 2, 2, 2]
Row permutation: [4, 7, 5, 0, 6, 1, 3, 2]
Column permutation: [8, 1, 6, 10, 3, 2, 0, 7, 9, 5, 4]

--- Results Summary ---
Number of Candidates:		50688
Number of Ones in Matrix:	6541548
Number of Code Words:		2299

--- Performance Metrics ---
Number of Threads:		32
Candidate Generation Time:	0.05	seconds
Fill Adjacency List Time:	6.84	seconds
Process Matrix Time:		4.98	seconds
Overall Execution Time:		11.88	seconds
=========================================== 
22222223330
10000111111
21221113330
22111110000
21112220000
22211113033
21133100000
22221210333
21311111333
22312221333
22122220303
21121110303
22222110300
22232000333
22112210033
21111120033
31111111003
22021112003
21022222003
20211100333
22101000033
31321110033
22121120330
22011122333
21122210330
21121223333
22110023333
21132033333
31332223333
21012212333
22231033330
22213320333
22200130333
32331113333
22333101333
32201111330
22311212330
22312112303
21311222303
20000112333
11011133333
10022113333
21001113323
20101013333
21113313333
21001002333
22201012133
22233122133
22021133233
22002332333
22322333331
22022003332
22011033323
22132330330
22212331332
22222332320
20212133330
22031213332
02221133300
21003133332
21131333300
22100133300
20111103300
23112233300
22201133220
21211123000
22222033000
22012333310
22122331313
23102323333
23003222333
22333323313
22330132330
22320133313
20322131333
12012203333
12211231333
02220123333
13222211333
12230111333
23202013330
01202133333
02001133313
23231133303
23222133033
22220313303
22220332133
22221032313
22201330030
21232303330
22222001310
22210131310
22112001331
22302002330
22220010030
21211000300
22122002323
21302301333
22131030303
22113010330
22221301323
22133130033
22223023033
22013003233
22232231233
20202310333
22233011332
20210111332
22220021301
22102333322
22323333203
22113332233
22221332001
22211331013
12332130333
12033123333
22332223302
21331113302
20331103313
22233233312
22033231330
22203230300
22021030331
22032220331
20222333132
22002133130
21201033033
23201020333
22120320033
22212300003
22302203133
02302233332
22202003321
20232203303
21022203233
20222021332
20221103321
02222101331
22222303011
22111303311
20122133311
20020223332
22202323231
23222322331
21220102331
21321003331
21022300331
21132300303
10222223313
12202333133
10232331333
12202021333
11222013331
12210333331
11223333313
10302220333
02220033311
20312023331
10112223332
02112323330
32123333133
01111233303
12221102330
12111012333
12130332333
32131333331
32122123331
02111133321
22112332301
21121332323
11233221333
11222232330
12221333230
12332023330
10002223300
12032133300
11030213333
20122233003
12222310332
02022321333
22022330302
22003103301
22310310332
23300213331
20021233301
22202031031
20022023310
22002001303
22000233031
22220233022
22231130232
22233331222
22130230000
22030131303
01001233331
00032213331
22332303023
32200233301
22200123213
22022123013
32200013332
21202033312
21002031330
21322030332
23200031332
21112302332
22102311133
22200111103
22000101033
20202121233
21202322133
21302032303
03211213333
33111103331
31111123313
02100210333
22200212230
23031312333
22132012233
02222002233
20220013231
02002323302
13001113300
01100113330
31102111333
31032113330
31212113323
32211223323
30222102333
31111301333
31031120333
23121132332
33221232333
12101233323
32230103323
20010113310
02231100033
11100133233
22301120323
22101103131
22011103103
23011110133
32002113033
21130133003
12321013303
12022100033
12121003233
21210101323
23212321323
22211002023
22210102032
22300203320
21103203300
21323203313
23320323133
22110201313
20120111313
32111203133
32212100133
32021111323
23003111303
22223201013
22333203032
22320100031
22333310031
22203312032
22303110233
23111022323
23331022330
23322323320
12332222133
23332322303
21331220332
13312213330
23213221332
22210001130
32322220033
33122223133
12202220130
22201202203
22232021103
23022320313
21001220313
22231103110
22203033110
23222100311
23122103322
23121230033
23001200331
22202103202
22203000232
22230033202
22100033223
22020030203
22232320223
22332321232
22233300113
22301101113
32222000023
32212003031
22012000320
32212123310
23212001233
22120102013
23220122313
23110033322
23112033131
20230002313
23330222033
23102010303
23322003230
22322213010
22321222000
22020123200
20022132300
22011302300
22030022300
20000221303
20110221331
20120222323
20200223321
23100223003
22333002231
22330032213
20322300233
20012220133
20102020330
21332002033
22102000312
21032010133
20122200321
02221033223
22100303232
21033023323
22031003002
22000002131
22110002103
22200012001
23220222001
23210221013
21220020003
22330010002
22130000132
22332001322
21223020322
21020000230
23022220230
21203022313
12210220332
10100022333
02230032332
22232200102
22232132100
21222000012
21230203000
32022223000
22033200001
21002000001
22012120001
22301113001
23332200031
22333023001
22230302221
22321000020
23302230301
23122230312
22020202322
22032002311
31202000331
31211210331
32103203331
21310233302
21130233311
32223130331
02222330231
22113232310
12110223301
12122313301
22110101001
12230222303
12003220033
32222130203
02202313030
23200113000
23220111031
23330111003
32302110000
02202020000
22302121030
22331010130
22101201230
22111001010
21110102310
21101021133
22231230120
22203130012
22030001123
22311330002
23331100002
22131100123
02231233003
23203120003
23223122032
23333122000
21223320030
21021122030
22010322030
23103123030
20311323302
21220322302
20011320331
20002232030
20332230002
23310220002
23122201023
22123311023
20333112033
20332123230
23220000021
22031331000
22010011000
20203110030
20033111000
22031113020
20332021300
21312211300
21021211000
22100221100
21103111100
21002113002
20301133023
22113031100
22201311200
32201331303
22233221200
32233201303
22331131223
02133223303
20202222100
22203021002
22123202020
22301020200
22302322220
23030221000
23122130000
22312313100
23110111010
20233120300
20003121330
20213122331
20303122303
32331220303
32121223302
31122113302
32223232030
23232310030
32223330100
33222220100
02203322233
02031223133
32311213003
32122110013
12223111003
23023020133
20030211033
21322120310
23301203302
23211103022
32111000323
22300131322
22130130312
20200330322
02130113033
21101303030
21111302013
21311300031
23111100011
23001100023
20002100032
23021320032
20011202003
23311231003
23323023100
23310133230
23111131320
23011003130
21302110031
23333211030
23223211002
23202110232
23023200100
20023110023
20221002230
23030112030
22032102232
22132030022
21223231020
21213232032
22100322002
21110202002
32112000002
21120101302
21333320002
22333301102
23033212003
22131322103
21332220013
12332320003
21123232013
21223331103
02222311001
02332311033
20223221031
20123222002
01232230033
02022230323
12002230000
20132010000
21120023030
21200022032
22323022022
12223223001
21202203220
22102230220
32230022030
22030122223
02202221203
31120003133
31220000100
11120033332
12212321030
21321130130
23221331130
21213201310
23131113113
21323130323
21313030233
12202113100
11121131330
21302233100
21112331010
21113231001
31222233200
32122200200
12032221100
20003220010
20001021000
20213222023
02302202003
12312200300
23312110200
02331203323
20311101322
22313321322
23103223322
21032223020
13032223003
13123202333
20001203020
20113212332
31212220313
11122231303
21203122230
23101123223
23333111322
23203113321
21233203321
11223203133
32223003130
31122230233
32321002332
23233023132
20231120113
22000220111
32323302233
23100202233
13222020233
23110222020
23122312020
23312231322
31102222303
23302222213
23333022123
01112020333
01212023300
01232122233
20123203232
21131103232
20233002032
21013223130
22033223222
22013322311
23203302023
32112033320
21122301320
21130221203
01132233000
21132203201
21302202231
21202100113
23001111110
23332133001
23112133012
21133330132
21333313320
23331311300
32311111302
30231133332
32311232233
32302022233
32001222331
23301103010
21303323010
21103333120
21331313133
00331222333
33232203332
33322212233
32002201233
22103220213
21133212200
13322222032
13212220031
00201220330
10221223032
21101200132
31101122330
31113333230
31121203230
11021200330
20212000131
23032103310
11113223310
23111322031
11231133320
10223233320
01221233322
21201233202
02213233232
32213033200
01322312333
03202222332
33112202330
31211112030
33201113233
32101112303
12111321303
12031310033
12031203030
20312101003
20312213203
20320200103
20320020130
20330220310
03322223301
33130223331
20030123031
01322201330
33212133301
23212130021
32111033001
12211313001
32211330320
12121130032
20111130022
21110131032
21210132001
21221031002
21120132020
20221132010
20113303322
02011200332
02101200300
02131103000
11311130300
02322100320
02322133002
02221201302
20213211301
22101230101
23312300130
20021310001
20211311031
21132130231
11113113301
11111022300
11210213320
21021033020
20222030201
21233303202
32113313302
12203303302
13223133302
13113133323
20203032302
20211022001
02020220031
20011102311
20201110223
11201120233
10232212033
12022232031
20210203132
33202200320
31222120032
12220122000
12221000200
23120112002
22001131202
22003332201
22020012012
12120213031
11111013031
12010222310
12011020000
12311202032
21231100201
32231300001
31221220001
13122220010
13322110030
13211110301
12210000301
32120100301
12132100001
13321123033
31032210003
11212202000
32123322000
11111232030
12133222030
02110222032
23200002010
20133210303
32013222133
02032132033
33113121333
23113122013
03011222033
02301102030
02011100020
02021103032
02311103013
21101100220
32210130023
32203102003
20110112301
20112230011
23011213200
23013110320
23110120321
20100032031
11023222332
02213222301
02323220302
12321232302
11302320300
02302320331
02312000230
20123000022
11132321330
12121313020
13121110320
23120212310
31112110310
12112030203
02102310003
02012310031
20201201002
32022111002
30212201033
31112200103
02022300103
10301110003
00022220002
02032312000
32132331003
32100201003
02202332200
11021020303
01131200003
20111203012
02322030100
32210203013
11110210313
11123211033
20123111032
11112313002
13031210000
00221120000
10231112000
02021210200
00222222020
00112222001
02223112323
02003112330
12233110020
20123122310
11120111000
11211010002
11001013003
11102110203
10111221000
11333213000
13122120302
10223200002
01212310330
11101103002
20112103021
11121010023
10211210323
10221113023
11220120323
11011203322
11010123300
11201223100
10201123302
21010312003
11321133312
11001111133
13011112323
31122303032
31202302030
21032313200
22002101220
21002201202
02201120202
02020113001
02032021030
10321112032
00322212300
00311122003
23302111223
21003210203
23120200202
33223200230
23231202320
22332101201
23102113201
23113101230
32311100231
20103302301
20111332200
01011113230
20113112020
00112120300
20213133202
02111230012
20231013312
00212213322
00321223310
13211003302
23110300312
02320233103
02330223013
00211221313
01201320303
02331313301
01122132331
01012130332
23013123002
03012122000
01012230020
00012223010
20102210202
02112203011
20232020311
20322102011
22320322011
22320011021
23221011020
20110121023
10110102003
11123122003
23200331020
11233123032
11233302033
11213330301
12113330023
02111322023
01231113223
20211303123
03021120301
03111112001
01311110203
03301111000
02231111100
02313211000
20123321100
00021111300
00031110323
00002111003
02112311020
00222112031
30210110001
01203113003
10102112300
02120212302
02212021023
33222021303
01222322013
02112022010
02111301200
31213200023
02313200133
10212120013
02221300213
21313100013
33132200301
00311210001
03102210030
03322210023
11300220030
03322113310
03122111332
03212111313
33222113130
23202231310
23332211102
13231001333
10222031030
20203001020
22023021011
10202233230
03222231230
01232223113
21203233011
23233032001
23213230201
23321232011
33222323002
33212231000
33122313313
03322130133
33312111133
12332111103
01212101032
33211033103
20013323103
33202321033
23220230113
23001233013
10211013133
00011121030
20210321200
03221221010
03221210321
13121213013
23322132022
23131313322
12312233022
12113003013
23133120022
03111223022
02110333022
03112112320
00111222320
03212200132
03322320203
03323223233
33132233023
30220220023
02223210022
02223032002
13221032000
00321103200
11121033200
11210302330
11213002303
11123000331
31112030031
31113132033
11210031300
13210203001
32132023203
13221233203
13113232003
13233200323
10203022000
10111000001
11113300010
10123130001
13101120001
12312100012
10322210012
12333220012
12331132001
12130120010
10111200230
12230210013
12312012023
12332210223
32133323023
11221013010
11322102302
11302223202
01121102313
02112101310
01301103332
01323112030
30122213100
33110221300
23022131011
32322330011
13203230013
13202330002
12102003130
12230023100
10122000313
03122200113
23130220011
31220011033
10200011003
31200232003
12002102002
21200033101
11200130200
21010030100
10200132303
02310023200
01231222200
01001202000
01201200022
01211201001
01202220101
33201230302
11022200011
10212300020
11200000020
11130001033
12320001323
01221101320
02200031320
01212132310
10221331003
12023331001
02333123020
01313122300
01033123302
02111032230
12230303010
02223000312
02110301332
01002123203
01302120230
01301201033
01320220313
20013020230
11113033020
11233031003
12133032300
31201032300
32322032310
12123010100
10102200100
23101220110
20022001101
13110113200
12320112320
12022021320
20132213210
11022020022
13202003032
30221020320
30210223031
13200021030
13223000103
12101303103
11120320100
21100130011
11200330031
11230333023
12223031322
13122013103
11102330230
01311330230
13120020032
10102030032
21102030321
33100220323
13102230133
13111020133
20312201311
20233031310
23230320120
23232113220
11010221001
12020221302
22003211101
10230201300
12302300232
12202301223
12213302321
10130223103
32320200022
10223100310
21023010010
21133012031
10210101030
13101301000
11322311013
10213203010
13213123230
12012003102
01122000102
01202001100
13232210310
13233100031
33113110002
33131202033
32123310310
02203330321
01333120331
23203331301
02232123131
12333000021
20133001001
20133313201
31233323301
13132332030
22130310321
02213031010
02121002100
32130011300
01300123002
01111021020
01011020031
01013220013
01032323001
32010000232
12130010230
31113000200
21103000110
20233200210
30120110020
30110113032
23101101032
23010013103
23230013110
02200113012
11011001100
11301112100
12311032100
13312221020
11322131020
11312132032
11022132013
11231330130
10103132030
12331223220
01321300100
01221130011
01213000011
12210032011
02200332013
00233230011
00121110311
02100300311
02220100110
02001010013
00220020011
02231323021
22310333111
23130331001
13032111001
12023100101
30211010010
30111013023
30101012000
33132102000
31311202200
33321112200
31323332200
11323221301
11311200311
11321322010
00213221100
21023322012
11100303301
31131030332
11312011332
11232332202
31232033020
33231233310
33203212300
01122013022
01113120322
01112320021
01123110012
01301310023
00220131001
03020223100
20102110110
01020213023
11013212002
31012122023
01120123011
31103020013
02101213220
02123233213
01022330130
00222011133
01233330022
01133333011
10131333013
02133302010
02130200201
03120122203
13322002001
23321101021
13321200102
33211020023
12321300131
12232003111
10132303031
11032231331
10001211331
33202012003
23320202220
13321002320
20331112220
20312032202
00122202230
10012212020
33120211030
00200231331
01213301331
02123323231
01110002331
11010002013
01210212013
03212032013
01210201133
02231331133
02102113213
01101223213
32023212203
12323021200
13312022230
10323222230
00223312332
11002220231
10122302012
10123300133
30121323001
00213322002
10212032022
02131210232
32321121032
02130001002
12101001202
12010211032
01013130200
30101131300
00101121002
03110231002
33213113031
03211002031
30133113331
31011110012
01031310002
02003213010
12013200220
10233222202
12232032220
02232213120
00222320110
00023220130
30131101030
30113120031
32131213010
32011231200
33022211200
10032232200
32002021200
10020232002
00200112200
32320121100
31133230310
12302120201
10022233223
20023202223
12203132202
32322302301
03202002301
00220223201
03230233021
00123022331
10012122031
12002303201
13222032321
10231313203
12310121031
02010010130
10220002101
11200200211
02210103102
01232113102
01323103103
12023210312
11033330312
12030000312
12003031331
12323120311
12330330311
10332110311
10313202001
12103202201
21323300211
12302323011
13322331031
12331322331
13022213311
11012103311
10021123311
10023322301
11033322200
13012201230
11331232023
01332020320
11332323312
31222332311
01232130321
32321130101
02321132311
31322031001
01233201230
01201212130
01031213100
30220130230
00201332301
32020112230
20001112201
12000113322
10210313313
12031111230
30322111230
12032101010
32333121230
32032211301
30012211103
30311221133
21030013301
10103011330
10313322320
10313331200
33311211100
32321200110
13311111310
10231230103
12032332103
11331221103
11312300113
11331101013
30120133203
12300020131
11300201200
12200201113
12300231233
12200133111
12130133130
02213133120
12233131210
12301213110
33202111101
13132033310
11333133110
21331203111
11133200111
11330003011
11310100131
12001120132
13002032332
10031122332
12033302332
13333201332
13302302331
10013112200
20133301313
02133311130
02101312331
11310212331
11002122130
32033112100
20301122110
10331121301
11031131302
23103313102
11021311320
11022333210
11020230101
01102021310
02100233110
00210333210
11330223022
33011121103
02101021301
03223011331
00213333131
10013302130
12001030110
12231332213
12300320223
12320310102
12333103123
10300101002
11322003213
11323132133
11020010132
11320013101
11133311101
13113310331
13331113321
33101013302
11003001302
11330300322
11321303220
11331030201
12013113012
00113330102
10110310320
30203113310
00132330012
10022033012
01210033012
01210230202
00221030022
31100320020
20022331110
01101131013
11231002132
11010021230
11300011130
10332201130
11023323223
11013012233
10302102230
10031130220
11000112020
31100013010
23100301331
10320003110
11310200223
01132102023
01131330223
01023023230
12310230210
21002022210
13200222220
03210222130
13000220202
31011230102
01011131021
10003223232
12200321232
12200312110
31020031200
31320032233
12103022232
12013020213
02000202202
01200012233
01121032133
01200331302
01132032203
01100132100
20131032130
01301013310
22033032120
11031123210
12000323210
32200122120
02003232220
10203221210
11032320321
11032001203
10030112103
13302132203
10331022203
01031012303
02230010123
10011023201
10001332031
10311330021
13303231002
23303322202
13002200213
13001102233
13012102103
10302011233
12001210123
10020000123
10023031133
10020021313
21100321313
22300311311
13300321301
21330031102
21330332231
33002232001
31232232223
11233101223
11303310131
11300323132
11300023220
11001323012
13100103310
13200111210
11200231120
13100311033
11101332102
11000210321
11100312232
12100100221
11003300022
13231100222
10232230222
21100002222
01100032023
02120103123
11100101123
11203011232
12131031132
12303010113
11132000212
13300200012
10310320012
11313003312
10300311332
11303233231
10302032010
10000203311
31130020301
10320030232
10220302213
11130022210
11033002310
10002321230
20023132232
10110002120
01100211031
21001101231
10031001032
10313103321
21000301132
22002321213
12013310202
10101132223
21031011220
10312010210
10120101011
10010003131
12313313231
20102003113
10033020011
13320210131
13021203131
10202131131
10332133132
21031133112
10023131010
10002031023
10033110231
12032013021
10123312021
13111032021
13030310011
13010101331
21020311011
00112001013
01110311103
01220313131
11203131113
01132301233
31103311030
00100111233
01112131323
00121133132
00132031332
00102032320
01113323132
13012133232
10311233123
10131131231
10312332313
11013313113
03122331301
01131303101
11012303120
12003013120
10011313210
00110110210
02113130113
32012230113
12132333112
11132031123
10232132123
10201100121
10132131110
32232321110
12103322120
00311313103
00013113133
20031111213
10013013311
20012131312
00122323123
10021302310
30021311332
10031323131
10010323021
20000013222
20031232322
21013312322
10133131022
13033311302
13303311323
01123313202
20102330123
10102331312
20232332111
21021301022
10310130322
31021213312
32202233112
32201132113
10131102113
00201203113
10101201213
00230203012
13313323022
13331032032
13310333202
13021133120
13300133022
13330110232
13023012020
13320033123
03211311203
13003321032
13003312310
13002211320
21333001120
13333101020
23322031120
21332103122
12133313222
13032303322
10323012302
20130323223
13032321133
13330231310
32312310220
12130203121
22302011210
13110012311
13101231220
10120301220
32010031103
12000011212
20000311123
20003311202
22033110212
32003320012
21001312120
31001001013
31011013110
00110211130
30110323100
00100201020
03121331020
31203331220
20010031022
21331002312
00100103321
00201003322
00131001310
00101100232
02011311322
20012311321
23032212131
13030232323
30023222320
30103223313
30102312033
30021110131
31023101301
30232133013
32020131013
31021021233
32012313213
31002331323
31031232133
31312231203
31103332213
11103321231
31003321310
31113210130
31032100210
31202102201
30223313103
32311031023
33001232320
30312232332
31313322332
03121302302
30121310323
03021310233
31001310232
32013132320
22301331021
00132110021
21301011201
21301032022
23012022021
20300122022
00021122022
00022313203
00130230322
32030202032
33012322032
31031332010
31033201002
31333202031
13113201321
30120210332
11133010221
13313301233
33310322233
13123302210
01230022103
01203310213
32000102313
20001212113
20000212021
21302313221
21000113211
22031313211
23002333211
10202323212
30011213231
32020333231
10320123231
13201202110
23201013011
31010132331
32003023321
21313022321
31130312303
03123331233
10033312013
10203333221
13200003221
02001322011
32200220221
01203230132
32003100021
32001301031
31300021331
31010220131
31030222100
31310231010
31302020110
21031022102
02011022312
33011133011
31012320201
31002013220
31002213011
30020101130
00201301023
00133012023
20133022222
01023133212
00100313011
01013112011
20020133121
31322133131
32210033121
32310213131
01002131311
31120201311
00022231131
32320010312
31010310311
30001130311
13031003311
10100331101
10231011102
30311120213
30110020233
31021130223
21031230221
31033100322
32002300322
10230003122
32302133223
32200032102
30010233101
30022300120
23022302102
13220301102
00023302202
20012300212
30001320021
00001131120
01032111120
11032301111
00123003101
00123030223
31301203223
23130113021
31321333021
21320030121
21300212123
31302220321
31300223113
32132011113
22331320121
23230202212
32303133311
13331323213
30311332130
31331102130
32333011010
32303012002
30330222002
30332210101
12300012221
13133212223
30301202301
30331132323
03201032323
13120002223
00113021323
03201130213
02020022213
02320201213
30202031110
30032021013
00322022232
02032331223
03201233120
20300231210
33012311310
31101233111
33230110313
30321113102
31332023102
31312330312
10023301122
10213300112
30013320223
31013301103
13013330110
13233331131
31332311100
33223231101
20233231121
30223111321
33220221321
30012303132
31021323132
30322231320
30332022020
31333132020
03210102020
00233103021
13131332311
01313321110
01010022110
01200021111
03202201111
02203311111
03131101103
03230011001
00323111101
30323320202
23300011113
23030011132
00233001111
02302301101
02021330121
30002123110
00202103120
30302101313
03221012103
03011211311
03331210313
33021210113
01023231113
02032121113
03223213113
00023002110
20200202111
30200331011
02021003111
23100231111
02013312110
32331023113
03233133012
30222330212
23102002211
01103322111
30102202011
31132202132
33332202323
03113212100
00010123111
20330112312
20310131113
20103101111
22013030111
23203132111
03203323311
13203122213
13003221111
23333202110
33132222110
02303102223
02302211123
30210231123
30021333123
03032133111
31201011123
13120321312
13213202312
31122002312
31201323121
13100302113
03100022302
32101022123
03130132313
10101321132
21013021312
31313033113
30212321312
31223132012
32031020120
32230121132
02033201131
32231202131
20310102231
20230101211
01030001311
01023001021
02100012111
32102101102
30120231102
31320311302
01001210112
32001201112
23010323112
23232031112
02203202112
23000130212
31010013022
30002313022
20321301120
20310301021
01320202102
03201323102
10331320102
01312332102
02312033112
02333313112
03131123312
33313233102
02313021132
20033321132
00322101132
23332122132
20320312132
13231310112
13233121201
00323332113
01332112113
01002222123
30322030123
03213300123
02132302122
30013233220
20132301221
00010030112
00021202132
01012030211
03320002113
03220030220
00220001221
00320032120
31220321022
00010222231
03100322010
01321002201
33200322201
30310312200
01010322202
00203220123
31203221202
32231101202
32331011203
30223012223
30023010201
00032221021
03122030021
31223000221
30222003222
30210200212
31230030212
31233022021
33232212201
33022130322
31123330222
00213120220
00002200222
00300322311
30330123322
30032010322
30003211020
30303121023
30032120102
30231122201
23331222101
23300221021
33323220011
33302100011
23010001011
30123200112
32310313012
32123101012
30113211012
03112301031
31333012301
02233012211
32303213201
30230320111
33220021110
32020301121
31203300111
30323130132
30311000132
30101001120
30120012110
30210010122
23201002122
33213010133
33023011103
31223032131
03230322031
10130032201
01323222021
02130022221
01303200212
10030301212
30230311220
02230231122
30133312132
32132131232
31320213232
13102023222
32133220121
13102320111
13113001110
03123123110
02320312210
01330232210
32131013221
31311030321
31110302220
33102212220
31310300202
33222302232
32133123212
30313220312
33003123312
02313320212
00322332021
10302232221
13020332211
30203232232
02201302222
02031030222
23310002022
31131002022
13133012012
33232030221
30102221232
30122333221
30110203221
30112322321
33020233202
03132232212
03013122132
00103032212
10333002212
23310201232
03232323210
33120203122
13130201022
33233001022
13103330122
12302332122
23002030122
11330012122
00333222120
31020331112
30132033122
02333332322
20301333212
20313001012
01130131112
30101312312
23101332121
23021031213
32103031210
32101310121
31101320112
33001322302
33111321311
33311302103
33311223210
33331123120
33320112332
33313210321
33020210021
33012101020
03120310322
33320103201
01310103211
03012320222
03032302011
33221030111
33131301131
03133210131
00031032011
00313002131
00311130111
23311033221
13333032221
23312331201
30213002311
30231033211
30012032111
33103013111
03322313121
01333302311
01331033121
00021323221
00100332221
03213003210
03133032111
03210330101
03113030120
03023032123
32233031231
33201221231
03323302120
03233221212
33230331312
33231012311
33202123211
33210302012
33001022010
32230322322
33313023232
23013012210
30102122101
03101102111
03132311112
32300212112
00021211012
01333010111
01313012120
30231301213
33323012130
33320310110
33321100312
33311310011
33031311013
00303131321
00030012321
03313332210
33102331120
33210311132
33302013012
02330301321
00302203211
03033322321
33013322100
33211332223
31332322222
33330102222
33313313223
33103312231
31130122231
31200123222
31131132202
03131132221
33100132123
33003112023
31131311210
33112011021
33310200101
33120011201
33103032321
33110312101
32332231111
03333311011
32133002101
32332021221
30313312121
13010302121
03013031131
13001321221
11030201221
01003021201
01103102122
33131220222
32031322221
33123022202
31230211213
30313021111
30332222211
00033211210
10032102211
00312021220
00131201121
33103321113
33322332112
33312031212
31003121121
32130110211
00031312101
00012201201
03020111102
02301211202
01203321122
00302312201
00300212131
00020102312
00323301231
03321322131
13332131211
11301301211
03023110211
10330221121
10000002112
10331231112
03331231123
03331011110
03131013132
00332301312
00010331232
03311021231
20333100121
00233112112
01300111312
00011232202
33310232211
33131000211
33121001232
03331112012
03303112232
03330220122
03301020212
00312230122
00333321022
33032112122
11303021112
23303121012
31103011322
03030110121
31301101122
33313011122
33033102111
33301011320
13332311222
33002302221
30003102212
03230002121
30000232122
03000012022
01003131223
01002003122
01130321222
00303022322
00310213112
30030131222
03002101232
03020021322
03012013212
33030012212
03300211220
30301211221
32103211223
03021201223
03320120221
00101011222
03312103222
