--- Global Parameters ---
Code Length:			11
Min Codebook Edit Distance:	5

Max Run:			0
Min GC Content:			0.3
Max GC Content:			0.7

Using Generation Method: LinearCode (minHD=4)
Bias vector: [1, 1, 1, 3, 1, 0, 1, 0, 3, 2, 1]
Row permutation: [1, 0, 2, 3, 4, 5]
Column permutation: [6, 0, 7, 10, 2, 1, 9, 3, 8, 5, 4]

--- Results Summary ---
Number of Candidates:		3168
Number of Ones in Matrix:	183396
Number of Code Words:		264

--- Performance Metrics ---
Number of Threads:		32
Candidate Generation Time:	0.01	seconds
Fill Adjacency List Time:	2.32	seconds
Process Matrix Time:		0.08	seconds
Overall Execution Time:		2.41	seconds
=========================================== 
22200000222
11000031122
20000222220
13330000112
30333331112
01332223112
11100000210
01120000002
11221300000
01111123000
22210011000
00233222000
21122002200
23011100200
30331022200
22333201200
22131100001
13312202000
11010020300
01110222302
13003002232
11113003022
11332010222
10030200022
13222200223
11311302223
03111220022
02230322223
03330233222
30202223222
01022322022
01203331222
01010002221
03121002322
00001023223
10322330122
33232033022
32003300122
23031333322
10103323322
11001330220
13132232220
00301322320
00233100322
22323210022
10132122002
23322220202
13300222212
32331321222
23331032221
33320022102
33111302202
02333232032
03133300212
30333202021
01131310122
12323332202
12230300302
32222313322
11100322132
11333222013
11131332003
00311333102
10112033202
10301233332
31133203332
33232222233
30112322312
30013012322
00311011220
30011110221
33301110322
03003113220
23300111223
33120103122
32322000332
33333112203
00313113323
23311123021
31132313221
00033112231
11333100331
31330012020
12031120020
31201222032
20323113000
30223311002
30221131223
30012313020
31013323200
20210312022
02202002020
03321201020
33021300021
32023322211
31213120102
30002020120
33230131121
21123303102
21223320323
32133020023
21133312320
23123000120
20010233002
11130033301
13123122300
32111033320
23131020332
21331120012
32210100012
00322103212
02212331120
22113113302
03312313012
31011030112
32031113212
11303211102
01100111202
01030113021
01031321210
33322331210
31220223321
31231133201
33321132011
33211003301
33000232201
23202022012
31113221001
32312311101
03330111100
30211220010
10211131100
11111310330
12303101320
31132102030
11311113032
31301213300
33112101003
33112032130
31312001323
33103211123
33010223023
10001001302
23121313232
33222111333
02002201322
12023311023
00010122112
03020332312
33033002111
33100121211
31203002213
31132031103
10033321101
11003110001
20032102023
11223202103
10013230301
00011032001
13301123110
32201132210
01203013100
11300012303
31111132313
31301320233
13233023230
12232013010
12322033100
12300302121
13200213120
13313030231
10223133021
31020302301
21032300032
21321131230
30021123330
30222010300
00322312003
22223030101
20320310201
02333110310
10011123013
12133331133
23223232110
01102202110
00122111301
23002221310
00021001110
02220011323
02123020112
31202303111
02330313111
00133123103
11131201130
10212010023
03102310323
23000323213
20010111320
22300031110
20022231123
10022220230
20223122332
10131003121
01021203101
00210003132
12123002033
02102112332
02000021103
03323021201
03221112030
02030012012
10302312211
30103310110
10303013113
23113311313
23013213112
01321313213
01322232330
03111031233
12110232323
32210222330
30230221303
13230220031
13122310131
32203312031
20313120111
00203211111
21323311011
11020013211
01120133131
00120202013
10020322333
03222033113
22202313130
03022230211
12102130213
23221330013
21022033132
22231010313
22023233203
12000212233
02100010231
23000001131
22200133311
20031232311
02111300311
22122103233
20212001330
22010321231
12100223101
22301203321
02321003031
22202220003
01202221331
30101130331
20231313331
02013022331
02310120033
32012123131
22312200113
20132211033
21303122133
30110102133
22012101010
