--- Global Parameters ---
Code Length:			11
Min Codebook Edit Distance:	4

Max Run:			3
Min GC Content:			0
Max GC Content:			0

Using Generation Method: LinearCode (minHD=3)
Bias vector: [0, 0, 0, 0, 3, 3, 3, 0, 0, 3, 3]
Row permutation: [1, 4, 0, 3, 5, 2, 6, 7]
Column permutation: [2, 7, 3, 10, 4, 0, 8, 6, 1, 9, 5]

--- Results Summary ---
Number of Candidates:		59240
Number of Ones in Matrix:	8457634
Number of Code Words:		2477

--- Performance Metrics ---
Number of Threads:		32
Candidate Generation Time:	0.05	seconds
Fill Adjacency List Time:	9.25	seconds
Process Matrix Time:		6.62	seconds
Overall Execution Time:		15.93	seconds
=========================================== 
22231110003
23222110001
01112220002
32333111000
22233011100
33311100033
10002223222
20002000333
20222100033
12220200033
10122200333
30012200033
00022300233
00222000111
20022200022
11212200032
00312100333
03311103330
23001003330
23331000300
22203100030
22023000330
32033200030
20001300030
30011100330
00033300010
00021000130
02010100033
01022100032
10121100030
00311200030
01202000332
33020200032
02210003330
33102000330
03022200330
10022000300
10301000330
30032000322
00010200331
31322200332
01003200333
31123000333
30110003332
01223300033
00221001331
00100010333
22120100333
21112100332
21011000331
01110003033
00022030332
21133200033
20033003331
13330001333
00033001133
30003101333
23211000133
13221100333
22233003133
11201110033
03321000233
03320100332
10212000233
00330002233
03233002333
30023330333
33320030333
13313003332
10003300332
13330300032
32130300033
13110200332
11120020033
00230300031
02211300032
13000303331
10020302333
22031001333
22012003332
12003000303
12103200330
12312002333
12111201333
11131200331
11311300031
10113330033
13111300233
10333230333
31033300133
11021010333
31010020333
20213030333
33212000303
21200103033
20030010033
23033300031
32213300330
33231303330
22210300233
22111300023
22331130333
22001000223
33002003233
20021002332
00111002032
20001103233
30023000232
30223001033
22210001132
21222001133
02022000313
10102000311
12022300331
22321300332
23222000312
33023100331
03323200031
03332200303
23330230033
23110330333
23303010333
33133310333
03103300331
01113303330
00123301333
01101302333
01113100133
21003001332
21121002233
21220320333
22122202033
01130220333
01030032333
01113010331
00221300303
00303201033
00031320333
00010333033
30203230033
02232310333
32223220333
22111022333
30331020033
33313202333
00032020030
00020021033
00011001313
03013000131
20100023331
02003030331
00333020331
23133021333
32330203330
00332300022
03300300023
01200020233
00020002022
10233300023
11320303033
02320300133
01303331333
11200332333
10222331333
11223330332
10220033033
12220101332
00303303313
20303330133
11320002332
11122322333
13322232333
03332032033
33032332333
32010331333
32332333033
33003331331
13300330233
20033310330
02003300230
10133003313
01330030031
11100330031
03320033030
30020030030
30003003013
30033033303
33022023330
13000222333
12330100233
33000102330
03300202030
01321202033
00223222033
10333010030
33100130033
31003031033
33300033003
00333113033
00103310030
31202130333
32101230333
22000303303
33011330332
03311030032
02310031033
22000131033
22102033033
22203332033
22023232333
00201311333
11130111333
21100011133
32210012333
32221003031
32001103331
13122103033
23123110033
32221101133
02211013033
02011301233
00013303231
30011303133
13011131333
01122030233
00222023233
30213313033
33230330133
33321003130
33313300231
00211232333
02121303331
22011303031
12132203332
11231103332
11011003032
31001003323
01131100313
00331102332
02131330133
01133030323
00111033323
12133303233
20023022233
10113000132
10113110330
11010013331
00130130330
30003302130
02033220233
11002220331
02202230330
20002232330
30132231333
31133230332
11132230133
11131003023
11100023303
12300231333
20302131333
02322021333
12233211333
11311103323
11123201332
03322111033
33022211333
23212111333
22200113332
02302103332
23022120333
00022111330
30332112333
00332001323
00330303132
30332320330
00300032032
00200220032
22232103032
33000110303
33301110331
32300111330
02220311330
33031101332
31311321333
23001130032
33001213332
03002110332
30200011332
20003123332
03200010030
10123323332
30123122333
30033222133
31202223332
12010130332
12230030032
13230033303
13121203330
20112030032
22030223033
02002003023
20300030230
21300033323
00300113303
30330001130
02301110030
00311011133
01213031133
01231133033
33030013133
30330233133
10332031133
11310032133
11102032331
13013233033
13331223033
12212233233
12122303323
22202031331
02221133303
23221103030
10200022330
00200031313
00230103323
02330003321
02333033032
02300332330
03330313233
03313332332
01113222332
02133223330
01311023331
03111023133
01312001233
01122233303
02022133233
31113331233
22333012330
03233311332
31221013330
03312220133
03010323332
03002232133
03001001132
33211001032
00301132133
20100133133
23330131332
13300031132
11000333132
11023331133
11001132332
20330220332
13023220332
22302223331
00312213332
03332101331
03012311133
10310121333
13003130330
13311012033
23311011330
23301132330
10011012330
20131032033
21130033032
00103003302
11003303003
01013103303
22131033303
21232003313
32110033313
32030033031
03022333032
03001233313
00022233131
01022213033
20002133031
30101011033
01101011332
21103213332
01301213330
00300212331
22130211330
01131131331
31112113133
02113211133
22111331332
21101233233
20011333232
20003332231
20333132331
10213332331
21113133313
02033133323
11313131033
13033100313
10002113323
10023131332
10032123033
00320330003
01302333003
10010230303
31331330303
21031302033
13103133233
13110333030
21101030030
10311332233
10313331323
13313321133
11133313132
11202013133
01103330132
01332332331
10332330232
03222332233
02210333231
12132330030
22133132133
13121330032
01011332032
13311133031
01333133131
11233033031
11333120330
20332333131
01132333130
20333233030
00331031030
23030133030
00223033130
11032233030
13331113132
03111313032
13233101330
11233320303
23203323331
23231333031
12313313331
12231333003
12200133313
23232303233
20200303232
10322033313
33202033323
22323320233
21332322233
01333012133
21330020133
31330311133
22330312033
12001122033
20011122331
10011330131
31323233313
21333033013
22323131330
12233133132
12210131133
10120031331
11103233131
22133233232
11233123233
32031023332
11331033311
02231033312
30023203031
00312033031
00332233013
20202233313
11303232330
22322330130
00331133310
20031133301
20312301332
00222301032
21303302331
10023201233
02023201331
12001011331
20001013302
10211013313
22203303322
20333030322
00323030300
01330323030
13203303132
03213120332
30221222331
30001232233
13000123032
12300122332
13122233132
12332323313
12303033310
30303331032
22213330302
23323233300
23313313303
33321231133
02330333113
12212300313
33121303303
30220313303
30211302332
32231103313
22231133230
22233302232
32223330131
12221210330
22212123313
22011213233
32012213330
00012211303
33113133300
33033133311
33010303313
23130003013
02102023313
03213323313
33211323233
32310223233
33131232330
33311332030
32113223303
33111011303
33101132303
33110312332
03332212330
33030030300
33303101030
33033121233
33300311313
13002111233
10031113231
20221011233
23220130233
03313131313
03031012233
00323202303
30311023303
23032223303
23331133113
33312333123
33011203030
03111220330
30102311330
32112221033
33130222033
33113220032
33111212233
03100322233
21311222330
01011201330
01121121033
02110221331
22232221233
22322203232
22032102233
23033103232
20212003130
22312331313
20212231133
20010202133
20131200303
12102111332
21231112331
32120310331
33113031131
30003011131
00303311231
03033231131
01322211331
31332013233
33122032133
30200321233
30203332313
33321333213
31302031332
33200022133
03200201133
30220023131
20220022303
22103220133
31310001313
30320003310
33312003311
03031000311
30210331131
30131033132
31332103031
30330103301
30133300301
30301201331
03030332031
03132033232
03303322303
31331133322
33133113130
33323313312
33322213031
33203012331
03330031301
01323010313
03220111313
33310023032
23321033231
23323001303
30101113131
11332302303
11321031131
12111311131
31233133113
01101113103
12202212331
12013222331
12231020331
23110203031
23111303130
32311103302
23212202332
10311303300
12312303032
10113133321
30013233230
33222331130
20222332030
02223200130
13211333113
10221220133
02322201030
13102201331
13312030131
13012032233
10020032232
23002033132
22330103312
20311103311
20112210331
23313023131
22321103131
22113303311
32013301131
32111203131
22110302131
21032311331
21023033131
01130031230
20233311131
21330101131
21000301031
20010323131
23030322133
20303203231
23332022313
20030332323
33033232232
32300013232
30333012232
31102022233
31110023230
33110202130
31120013031
31122033312
32100133302
30230033322
03021303230
03011003203
30013323301
33300332302
31303303230
10320300302
00033312132
30032301132
20313033103
22031312332
22331003213
22301201233
20230011323
00300011023
20120310233
00122112233
02133113231
02130002031
20013031132
12210002231
12132000131
12033001031
10100101303
00133010003
21003132303
10033232031
20032221031
00323233321
01332123323
01232331323
13232132133
11013322323
20131003322
10011203322
30001203300
31022202303
20132033213
20222303321
33303223320
02110030232
20010030312
20011003000
20031023230
20113223132
22122233322
12002033322
11023233302
13002233301
10030030321
11230333223
01000303322
03033302322
10111223230
23020033203
01020331303
12000331311
01103313301
01102311031
22023330013
00123000123
03133000213
30113320313
33133223213
31032321303
32023111033
32333221323
32313010323
23131001232
32123131303
32133012303
33132013302
21233013232
21211132232
31213113323
21023213323
21032010303
20221321332
02132132332
00202122332
00132322232
20002322132
22300322323
02321122233
21000102232
12103011233
12030322232
21022023232
22202232132
21230232133
31130122331
20223232131
10233233103
21023112133
20022113132
21031113130
22311121303
22301112232
22211310130
20211213031
01112121303
22230010231
21133310231
22013331321
22020103321
21020231330
21100223130
21133113123
21120133023
21133122232
21331120032
20131130131
03130120031
21131012313
01310222313
21030022231
00131312303
21012103231
03113212313
31213212133
11323321313
10331323130
11330322131
10231131130
22323332311
22203311311
20100301130
11003311030
31100303300
31003330223
31003110031
10002310031
02030210031
20331131003
21012233003
32113130031
03113130003
23111332003
21113330001
21123013310
20311030013
20312220003
22110020003
13001330023
22333133001
32333030113
22213031003
12233203300
23013303123
00233031023
00311310323
03013220323
20232203003
20210220323
20311202323
32021123323
30030020223
23013131031
03120200323
23111230232
23120233230
23211133320
22013323203
23010310003
12233322031
22211302321
21222300232
12000103130
10030103310
11030213313
11013330310
21213230132
23312123030
23313322230
21113232230
11130300230
11213001323
00112032230
02311002230
00233110130
00213302030
01231301030
31233000300
21203000311
20123320031
21033203312
20130323302
01130023312
02203203311
01232120331
02321032031
11222320031
13123223231
13131222323
21313013223
23022323312
21003233113
32103323130
32102122330
02221220031
21101331113
20131333110
22212033111
20221113113
23132330113
21331300113
23332331203
23302133223
23303213130
23301331311
22312103023
22303013113
31330033110
13201233231
12221233321
22311133221
22233223321
02333222131
02232223302
02001123132
03201121331
00231223030
10231303311
11121323113
21123221131
02131211313
02021210303
21222103302
21122200301
21213213301
21321003301
02132103310
00130003210
23130223310
23130333221
22302333022
20330330021
12003313302
23233023302
22310002302
31030023003
10020113103
10203220313
20323223223
33030331223
20033231223
13120131323
11122133230
10032332203
10103332302
10130033000
00302330223
32002330003
10002333020
10101233023
03031313023
22102332223
01131332023
21011232223
10100032223
01110302223
13030223223
22121232231
02020302231
31113233002
31112310003
31131132032
31032212332
31230022313
11123002131
11120003200
22211003202
11330031203
00131013113
22330001123
31122332231
30121203311
20122232103
23002213231
21031223213
22310213132
03132213131
23320211131
03130331310
03101332130
10013321230
00201332322
00310323213
00111332311
00220333011
03331033120
02313300312
02303302132
21122302130
01102002030
01223103230
03200303213
00111303222
20121030302
32112300302
12202200302
13203201303
22102320032
22133202301
32123222031
23212323003
13033222003
00030322003
02303231230
02302013130
03032013320
02322002322
02030132230
01223022323
03233213230
20233123023
02033211300
12021031323
12133131230
10033012223
12101313311
12211313322
21013302213
31312332213
20132002231
01133202231
31222330311
01222032131
01212033203
01203332103
02212330103
02101233030
03210330322
00103032320
02103303000
22330030010
03003033000
03003230203
00300231320
00010223320
02010033220
22200333120
03000333121
03033122130
03113310300
32313332300
00233313000
12200232230
23223332123
21020333010
21011023320
23221331300
32100220030
22202301230
00320203123
00020131231
03002301231
03102101313
00023310312
01233310113
02123331312
00202333102
00123330022
02022232023
02030233202
00310233100
03012332300
22012333100
21301133000
01101333200
00101133001
00121223003
03123123302
03221223300
00122213310
12122213030
20012131300
12112113003
11212223310
10312113310
30111331103
10001311300
00031311311
00313330111
00322302131
10003030100
12020332130
13310332320
12213223130
02213123003
12223112303
12223332000
12223213113
13203131131
11233222132
11202221130
00213223123
01021223231
00323221130
00222322310
10012202231
10123132231
10132331300
22123032300
22232022030
02012323113
02223321132
01201323131
01213301301
03223203023
02130230301
20002301301
30023301311
00230132301
10023213311
00303213111
33002333110
32032331113
02332031213
12303201131
02311311013
23132031030
11202030300
00030203001
02010230310
22010322310
01120002301
13201103003
23201033002
33231332312
32223133223
03020102303
23210002203
23010212323
23200031223
00231011300
02111032013
02121112323
21131110300
21130332000
03310223023
01032023301
01012302230
10100333211
33123233111
02023303011
20202030001
20102130023
02223310001
00132330201
00213011031
00213020013
22003200021
22203021032
00013320002
02003312203
22000332012
23013320132
20230130103
10003202321
00103302221
20123002321
00023122311
20033302121
20321322231
20021303211
01020030113
01011033111
01002120313
01000123203
01101200320
11022003213
21221203223
31012023223
30010023113
01003321113
01123302113
03112323321
10331233001
03312110301
01211003001
22331231301
33132233001
31121333011
31010333001
31230233301
21201333211
22213322113
02132233211
32022231231
32233213131
02322123013
22003101231
00313012310
20210313312
00301331112
20031330102
10332110131
30202313123
33223113103
32002313321
01012333212
01021333122
01022033221
00112003121
20220030221
32203302223
00113312123
00111201231
00111230213
02011133012
32112030203
32203310032
31210230031
33220311031
30221303000
30211333201
00201100321
02000203221
20022020321
00231020322
00201002223
01110223221
02001230022
03200131032
01220023103
30323033112
10022133002
11021033100
30121330320
10213230322
31120331321
01000131321
00102111321
30102332321
30332033220
31030313231
33230203231
30031103111
33113110311
33100020231
21300303111
12333003111
02330011312
02223003222
02033031221
20300013221
10301023321
13332033201
00331203211
30031300021
30100030021
33133032023
33133321311
03133102311
30001220311
33222030013
10222030123
33201333020
01313321031
12323022231
02323220311
22332303110
32003230320
23133230321
33232310301
23120331001
32232330021
30002331222
00010113221
00021110223
00101102310
00022202113
03002203111
20001022013
00312002013
30022213223
00010302011
00112321013
01112110230
02103320011
11211332001
01203230001
00120120301
12300130301
32200100311
30232001301
00022001201
00102022023
00012102302
00032231022
02332220023
02303223021
21103303021
20322233120
33022232322
02220222301
01100022131
31100320311
00300310011
00320301021
01032220320
11303330101
12030330201
12203030213
12322003001
11202233012
21102232013
22201323001
22211130011
02013212030
22203002201
20213300101
21231303101
12322231113
33213303001
21023222301
11031023131
10311320311
13300322311
30301123312
20230122312
30301131230
31311223013
13111210031
12113030002
13112031003
33022313013
31021301130
30010301203
20331010223
31102103013
01011303010
01022230200
00212323200
20311233210
23211232130
20120122230
10120330121
10223310321
00123031101
00120331202
10220123320
01121031320
30021231321
00033210121
00212111312
11303301123
10013032013
10122302013
11123303012
11100301013
13132333210
13133022030
20313332020
20033032202
00021313202
21001320310
21002003002
32202013003
02310023000
13102303011
03202312003
12331330100
12333032200
20123201300
03033321000
00133222000
01032313200
31120132300
01110032100
30120010300
01220232000
12032310300
32023233010
21221232310
01122323101
31323323111
11032300223
11032030011
31002010130
32003131312
33012300130
33000232013
32002220132
22002210322
12323103322
03031133102
03001300100
10302132030
10120232310
00202231000
03000223010
22000123000
32033003100
33303003201
30313101300
21211013103
21311213312
11321330321
33103332010
12203331112
02030013010
22000201310
21000203200
22031030200
10003103202
20200010100
22022213103
12012232032
12112333122
20121331221
12113323221
01323332221
12232303201
22032232001
33023332001
23320330200
23212233201
12102233200
12103310023
11211230230
11223133020
32230223000
13233130203
33200331201
20203231201
01030302101
13323320023
13002323103
11300323021
01300232011
33102322131
33002011311
03020330211
10302331011
03302332111
00300020110
11021100131
30302223011
33302323221
31323132230
32023312230
20022310113
22003310110
20003021103
20303031010
20331021310
10101300103
13110302103
30100221300
31211301003
31200031103
22300031100
22002103101
22201202003
21221322003
21023311003
01333211003
20021100103
20221310310
22112220310
12111010230
20230321000
22022002000
02302202300
20210102300
00300302200
22212021300
00100100020
01023220103
12110232203
11313033202
20201301320
22013030020
21123300200
10003001211
12011001300
02001201000
22311301000
21331331020
32131003002
30133030200
20232000200
30002300200
22001322200
20132230010
12030023200
20231323221
30301332211
30320032001
03222002001
30130330012
33311303012
03001323222
03321330110
10212330110
01321300020
21312032320
11222332220
30210132223
20211230020
30313302103
30123321203
30110122003
30312111003
12132301103
22013001113
22201120131
20101112030
21133223200
11233230010
11333233220
10332232221
03332302201
33320300010
12312332010
12120300100
31230312030
31313220230
31123203203
32303313020
31313031000
33122003000
23332103200
22232300102
01220330102
23322032011
22322322103
22132223020
22103110301
32033310101
11210313013
12213310010
12122311310
12311200310
12320203203
02132022203
22120311103
21102313100
20111313102
22110310320
22111221130
02112311301
12132313021
31331313021
31313313201
30033131201
13031331200
31133100011
20012100011
32311300101
33001311103
20013110203
10003111013
22031120113
22030113201
23030012301
23320110103
32203200103
21303113101
32032111301
31301312131
03202103100
02000110002
00033111002
00101301002
03033130012
22300110013
30333211302
02033301102
30011311322
32120113132
22020111312
02031113222
11101033222
11101230312
13330233112
30101321132
03003112113
02003132100
00013131010
03010013100
02002011101
12302000113
11000200103
01321001103
32030002013
32203032011
32221231032
32003123103
32301321003
31302322000
21232032002
12020131000
30122312000
12301221030
21210113002
31210332200
13220322300
31331102300
31132023010
32100023011
30110020010
12131022300
21031200020
23013123002
12011312301
32010202031
30213121030
30112023100
32130233220
30220220001
00112200100
10210003101
32101100010
30222113010
30033123010
33030120013
33032112030
23102111300
21310012003
30021212003
00011120200
00032122201
30201132000
22132200213
10321310001
11312313000
01001031002
01100013002
02101120302
10112311203
10011121032
12121310203
12112321000
10131232200
13321323200
13323002000
02321130200
02331323210
12331203020
12103003022
12012203010
12101203113
10130311023
10113313022
21131313012
03100133112
01102131223
01011010322
33101331322
10320233222
00100213021
02021331210
12011202103
13010031101
23021313110
13223132310
03133232210
02221313111
03223133211
23232131321
12323111311
13131123311
32320021031
13032203100
02231112310
30221112230
01221131213
12221312232
30133132213
12003110232
12000132221
13001133220
12023130220
32211303220
10310031020
12000300222
02211202312
02211210321
02312130021
02223302210
32102231002
11122232202
11133110002
11130132322
11103120203
32133322202
32131113200
32123100230
32232031320
32102003110
23322310032
32322300320
32320123311
12320012300
02330212000
00210021100
30021113120
12221013200
30202110231
10202112300
11220111300
02221232220
32201232302
03231202131
02231021103
02233030202
13133300102
12133201002
32233320322
32033113213
00323111213
12313301213
32020301023
31013033120
33030323210
31213032321
32120003221
30230123213
31233102131
31232320013
30233130222
02133310210
02013122202
32011223201
33233300220
33230110230
33232032100
32000321302
33232130002
13322330102
13223312013
12232320123
32331100123
32232110100
12100112000
12320133120
12220223022
10301313220
13113123020
01131320010
32231300110
31010223312
30200223220
33222120300
31211121300
23203120310
02313120100
13023121300
00332312100
13021130001
11010120300
10111011100
02231311002
03331201032
02212000220
02220112200
02202201203
01212213100
12221221203
23301030101
33003030121
13012122031
02113301220
22130012200
22313212203
22123130202
20211311200
01313113210
12301132213
20003311220
23031112200
00210311223
30020312320
33323012320
03023312020
00203111020
33212322320
13033112320
03210110203
02200103012
02210321020
22210323222
22200310202
22212311023
00222110202
10132210302
01032031110
20110311010
03230032020
23030232220
02023320222
01033002020
32221321230
22230213210
31210100130
03123201230
03121022310
03012230020
03111012000
03311001010
00130113012
01223001110
12230312100
12203221023
13103232201
11003213201
11203302202
01330022002
02321020002
32220202320
10220230012
22023023012
03221003112
00322101110
01132130111
02212232110
02231230111
03211303121
03301231100
03103202100
01303202213
01303103112
01302302312
00031100212
01030101213
02032100120
02310301201
10021300112
02012030112
32211131110
03310200210
33000203120
02133020022
02333201120
23130101000
11221310100
10222001010
12023200012
12330021013
12002230121
13030200010
03203020101
13230230100
23220223101
33220213311
33001123011
01322023110
13212311100
33322311200
32310231200
11012311302
32132201130
11311331102
22313321101
33033211001
10020011001
10022322101
10020212131
10221211000
11203212000
01132101200
30202301110
10020231120
10202213110
11031322103
11121202000
11121120310
11123131011
11321121000
01233122001
32330220103
10130222103
12302023102
12330213101
12223021001
00211121001
10210231102
12121223101
30230201103
30213203102
10220100113
30200130112
32200010113
32220001210
33223020132
33202230120
10132013101
11333132212
10321302123
12300302120
12001212310
02022121200
01320122320
12311223123
01131123120
11133012100
01301112302
10120211032
20202132012
31020213002
20002121002
30021101002
10331001002
03301101001
03122110010
30101310110
12130113110
33211210313
33201302113
32012100113
00131001120
13030130111
10322201132
12310001110
10203012132
30022002102
23311200011
33312310310
10123103120
13331212100
33310301100
21110001320
23100010312
03332020111
30203201011
20233222011
23203221100
03211021320
33210200101
33220100023
30231102023
33212023021
33200233212
31211000213
31211102311
22232202111
32023013202
33023112302
23200211302
23222012103
30032012200
00312021002
30232221002
30320223102
30312233202
23031222032
22020202202
33323220101
31321222103
31032231101
13121301010
13130121130
30001121101
33010123101
32011122100
30310123020
33031302202
33111200200
13110122200
13112301320
01221112020
03131101023
33221301223
30310100213
30322121131
30122210013
33300222100
33302202001
30102201023
23101211003
23310132002
23320220002
21301220001
22310222001
20112022001
33102121001
33122200021
33132001113
31221103201
31003102002
13031022201
13012020200
13022100203
13002001302
33021030210
11322210103
13121110113
13230002321
23021102231
23313000120
23032101013
01021011010
12210123011
03212122002
13212213002
32112132210
32012131202
23322122302
30110101230
13011010002
12001020202
11201000102
30112110020
21130021001
03101213201
20330211201
03301122010
01300121101
00133112101
03010312201
21300213020
22303202010
02120322010
03321232012
11020031012
03232211011
32322132101
32123021010
32210322101
31221331202
33222022202
33000220202
30212201232
30213232120
20022321020
22023211011
21020122002
23220212032
33201122032
33310121203
03233112202
03221101232
13213031120
13313011301
10133011320
11030201320
13203010200
12000210020
11011020023
10021022020
31001223020
30013221021
11010221001
11021213021
10220320210
00322032212
03322013202
30321221010
20010120110
21000322020
20202202220
02002020210
03223220210
03221310220
03300103220
33001010020
13031103021
11011130112
11010022202
11020220111
30002022110
11003320012
11332200201
13232221201
13301213010
12130122023
13232120011
01013120021
21100302201
30010322212
10322002220
32011020220
20323020020
21222120020
13122030220
11323310220
11322030022
31330230020
11302320202
31331000202
30133202021
11001202011
02300112211
02310102113
02223011211
30221021201
10121002201
30120002111
33030022111
03020121021
23232002023
23322101020
23320102130
13332002110
11102200110
10103100210
11030010110
11330102010
13011002120
33320221230
13022021023
11310212230
11312220120
13331020012
13201022110
32220221113
01200122113
01200231112
03220312110
02201212101
02212012213
00210010211
10210212113
13300012210
03213013212
01221213012
30230311210
23021211230
23023011032
21211103210
02122231120
21133101110
33012202210
32021320213
02333100221
22001220120
10012221113
12033221110
03112221110
01330221132
00230221211
32230101201
11223110213
13223013021
03123010111
31330131012
32213111011
32311013011
13320101011
31320110110
01001110111
11101010011
01101020201
20101320211
02212102011
21220010010
31200110101
31223201101
03120020202
21010002110
33013101112
32321330122
33233001121
23233110111
23233301012
32320332212
33210302221
03131302220
31023200211
30023102221
23223112220
32323122020
31303123022
31212103020
31201320232
33032303022
11300210323
21303200322
30223022022
01230222120
01102123210
31100112130
31102013211
31023032212
30123302212
12113202110
12022312213
13023301221
21123120321
31323120312
11323223122
20321220111
12301022011
12111002021
12103113220
31220310123
33213311123
03113011223
31230013220
31200211200
33232212203
31122021103
01022112110
21322131001
11202312101
01323311012
13222113120
11211123102
12200121102
32210211312
13200113211
31000111211
11101311201
21333112011
01120311211
20110112213
12100201223
22213012012
31211313212
12203132022
31320121023
11120321223
12201112123
32221122211
13120222011
11102212032
03332321123
02123221223
03032221232
00013021212
10313210012
12333223212
21131232101
23012232111
21212301011
01211101012
02302001012
02000211212
32301011102
12332111023
31101023102
10131023212
01010012012
12120103212
20101010132
21003210102
21133020112
21112002012
32112022321
33102102232
33120102321
23312021201
33123111201
32310032221
02011102121
12220020112
13213102111
10120322112
20103022111
23013010211
31010321123
03110311120
33120211320
23313110322
12212210111
10312101101
23111311321
33103213012
12312201021
22131213111
12331211231
10212220021
11231221311
11011310211
11300221210
31213122210
01212112201
03210211231
00212132121
10021120211
01032110221
02322213221
32212212020
33232223112
32202022312
12031002212
01210300212
01212230222
02131220220
21331022021
21210122131
21311002211
22010220212
22211122022
22012011210
23101110120
23110220020
23111002102
21310322102
21321200102
21201020123
20231022120
22100221202
22301002121
22300220221
22002221211
20211222102
13211032212
33211120212
23230120202
23303230212
12313110201
10223011202
13022131112
10300112202
21033000222
31113300122
33131012211
13312132211
13021231211
21320132111
23202020211
23212210123
21313221113
20132320121
11013121213
23102221132
01002221012
30112220212
03102231212
21322021312
30310021211
03001022123
30200122121
33203121211
30303202112
01320032122
13303132123
13131332121
13221320121
13312300212
13330120220
20332122210
20322111012
11100102123
31030012021
01310112121
03121132221
21300100021
11311202022
33123120223
31123121002
01123212022
21233312022
31233220221
11120200221
13310222122
21300123212
31130212012
13100202112
31101211010
21122122011
10112112111
12012211201
02201011120
02101221112
02031212123
30110212102
01102010112
31113022101
21113031211
22110231011
22020312111
21023010120
21021001112
11001001121
22103031121
23220321221
03112120211
00313211220
12211211220
11210203122
12122021211
02122020132
02122122212
13321221120
23331211021
00233121112
10301121110
11300312112
12311310112
10113121312
10013122122
13012212312
03120122122
31121122112
22012122112
11232102112
31102221121
33131220121
33122020322
23311122123
23101203121
03321121102
13111221102
03002211122
10331132122
23311223222
20301231121
21301211132
32303121132
32332113112
13331231222
32321211213
03330110212
33030210112
30332010102
33321011012
33011211221
31012121230
21203121202
03303121322
23302012112
12032101312
03211131122
32113231112
21210321110
31231231120
32330023122
22332131220
01313231322
31033323122
11331311223
13332010123
21322010221
11311013121
12333011122
31312010012
31322101211
33323102122
30331212121
10231112212
32102302122
32102011123
32321110221
32130120221
30330111223
33312113220
01331212220
31232213022
31313211212
12103212212
11212321121
11102321112
13100210121
10301220122
13301100322
23312201102
11022011220
21022121221
20001120222
22210111221
22013111022
02103311122
11023312122
32101010212
32031121012
20301101202
20121132022
23122112121
22310311212
31320211122
21121311232
11300111022
11120011322
32021201122
22131021221
00102221220
20110201121
23033221122
33321200222
23231212122
30320310022
00330021222
20130221022
30100210322
20302112322
00222012122
20111211222
31101110022
11121210122
11012112232
13122111222
22111030122
23130130022
23101012022
23320313122
23100213222
11331021322
33110013122
03100301222
32200131222
12301001222
10201011022
23001011212
20220210122
20232031222
22332021022
21332301222
33020101222
31103231222
13223210222
12130212122
11230020222
13200212223
13122202223
21202112223
31122112023
