--- Global Parameters ---
Code Length:			12
Min Codebook Edit Distance:	5

Max Run:			4
Min GC Content:			0.3
Max GC Content:			0.7

Using Generation Method: LinearCode (minHD=4)
Bias vector: [1, 1, 3, 3, 1, 3, 2, 3, 1, 3, 3, 3]
Row permutation: [6, 1, 3, 0, 2, 5, 4]
Column permutation: [8, 7, 1, 10, 5, 6, 2, 0, 9, 11, 3, 4]

--- Results Summary ---
Number of Candidates:		13923
Number of Ones in Matrix:	1445788
Number of Code Words:		751

--- Performance Metrics ---
Number of Threads:		32
Candidate Generation Time:	0.02	seconds
Fill Adjacency List Time:	3.82	seconds
Process Matrix Time:		0.70	seconds
Overall Execution Time:		4.55	seconds
=========================================== 
110000333220
210000112211
211000033001
222333311100
220030111222
330000100222
210030000202
100001000012
000020133222
003222233330
002221000033
222111001133
221111333011
222211300030
113333113330
111333300002
101111200022
111121130001
110001222022
120001333002
221000110002
221131030000
211131100032
131111311002
022231110002
210031111000
120011122000
230011100013
110011001003
130001111032
003311110023
200111132220
211001110220
021101010022
002211101011
222011110303
020011210012
312211130033
231101300023
311010110011
301101102003
000110130001
010011320020
320021111013
320111101201
200010100231
221100001232
000101202222
000300110322
011000101030
001000302012
000200001112
121300011122
110003000321
120010001221
111120000211
001110011211
221112000110
110300013331
022300002023
011100022223
121110022230
001100200213
201100332222
002210003222
012200011202
222200032213
320000322212
312000012123
112000120112
203000023311
222000231111
232000021102
230000232230
202000111130
003300222200
030020022202
220010220210
133300020220
100100021032
120100320001
121000331033
112001003333
233000113323
211210000313
201200012333
111101201033
133110000103
313100003111
311020002002
011110201202
110110033012
222010033122
322000103103
132000200133
132200003231
120020100203
222100333310
211010222003
200021122032
320020013220
322210111203
203210010003
221001033223
222002013212
221030002011
322200300201
102200101220
131001002201
131030020002
132231000020
123211000211
112311100203
123300230233
122002232223
222003130033
120030302230
210200302122
310002002100
101130001200
323210002030
302002020233
303300031212
213330033223
302000223122
320230001120
222330010022
122221012000
122320020011
133220200022
332230030222
232200210223
322211032022
231020010031
102011002322
233300201211
133003001213
231100223202
301110230220
331110300212
230111011223
211110333233
302210222213
233200322002
202013020002
220110310032
233210133000
303200120022
213002023022
112002302211
100333003222
302103012222
021031000230
020030023213
022230012231
123030030312
122233000313
132100302332
123000122301
122001120330
113101020322
103120022122
100220011103
100210110121
022010120101
200220202111
010202001221
001120122210
132020103122
132010011131
102020033110
032001011300
030200122111
010002211112
012010022110
010200230113
000120031023
111330012111
110100231021
301001021210
212201021000
202220023200
232220132220
330220032112
212220201230
213300121230
113220101011
120210202123
220220110113
222231022033
220300311303
220320012312
122113030222
220113002121
210123001112
201330030102
203310112202
210013030312
212011033300
210210121103
213111010311
021320001133
012330001010
232303000131
001003031113
010030132233
212032010221
211233002220
312130002331
331130022211
333000221331
022100220333
021120202231
002012010200
101120210202
122311023200
011031102221
011310030123
031002010323
213103030021
200022211133
130002203121
203002201012
023320220222
322020221100
223220222031
102310220000
111202220000
000202230220
020022031100
220032301102
030032030111
003001032101
023003102200
022301100210
230012220123
012221222003
011220033300
021202003032
001222020002
201122200101
012033020023
020302012000
101202030013
020110203011
020120330010
022203201300
103212000300
102121001101
302120010311
012212003111
022120111301
023001301111
221210102302
220302101023
101030110030
102330102003
020021302001
133002110011
101310101113
300012031132
302003103012
300122000332
311232200022
112013011020
111313022001
100013012301
330002310102
110203210012
220203112020
122023033001
002330230011
010031023031
112112023031
100211020331
212112202000
010303020201
002001113311
132201133021
031001330213
030202300212
031212002023
020201230331
110201032311
220003323301
230003101331
233010302321
002020312133
320013200311
000031212030
002201322030
003002312031
000310312311
201103020331
210032203113
202203013310
200210303133
120033031331
220330203310
302033011001
222013321031
322300211031
222303222101
220022103131
230223020030
113032310000
013022212002
123012102031
231201020132
322130100320
220311030111
300322210001
332030220111
323012011012
032300233022
123230212002
123200313020
131020231000
232233022300
232022100210
112122110030
121222013023
120322030032
110013223300
211002230310
222332200302
302223003301
203012022033
301222201033
221323200003
220222300233
322232002132
221020213013
322102230030
220102330302
201002033332
202110211302
223012323000
200222033223
121022203310
310003113302
332110013322
121030223020
210233130001
120221220320
113021200120
323023001232
222213103321
030302223001
133302230100
013001210131
111003132100
001103112300
031101213000
200321230100
223103121001
230031203002
300023021312
321220310320
322120302313
310021032010
330011232001
200130312010
323101031310
322320133032
213100331103
223321210020
133022221023
113031002113
201031201211
221233100231
113201300233
113221022230
213020102330
123110210110
231200131330
130120212011
220112121300
210112011332
000320221310
330300212310
001230021320
303030210321
310101220231
311022220301
310302322011
300022130110
301022011300
330102220320
331010211022
120032112110
000311222101
210102213301
232301203220
023022310013
023021023112
032202113120
302222112103
312231201001
221212301013
332222003123
312222302110
313120300100
321201130110
101221032120
020122101322
302221213021
100221113330
000201131302
000022323102
022221333023
213222130300
223222032311
102122332000
130213300023
332132100013
222132031023
332102033012
121023301123
120101231203
322212333100
232222331131
231232233003
011212310021
021222321031
021232130033
201232303031
002132202021
223221320202
031222131022
313221110201
333220313001
022112213032
300223222010
330232020201
332022232202
323122020212
023112300201
102123202210
202032221220
101011330200
203102322201
303112201211
233112003231
203202011321
223202303323
010230322100
333123300011
323322230121
332223101310
311312012203
121213003203
310223013011
021203120213
021330222112
021300323130
023102123220
231002122312
233221102232
332302211302
023223011122
333121103300
323010212303
223232211330
103202202333
210122122333
333221223211
202322322310
321223023221
322021323333
322331220203
320310221322
321232311002
311202333023
331012033321
102322103321
122203133312
102132123002
320212120232
330112022313
323110322121
331003320110
313003221220
031223012203
103201122203
000121101233
021011322233
120132022332
012012232230
023221212233
212301123201
201323112001
320233332021
320202331230
120332232001
222113223230
220033222323
111022312330
311220212331
131220021333
131110213231
321130213210
011123020310
131211003130
221231303120
312303033110
230211303311
231013203100
110123212100
111230131302
320231122301
213023203212
300232103202
010033201332
010132220312
313300213222
133102012210
101032321302
112132301032
233132300220
311203203233
203003303221
200033102302
030301110100
033130010112
013211211200
311131232020
013121030333
321123303330
132033032010
202033323013
232011332333
312022133231
022332332333
012233223321
012223032323
003223303120
100121233221
301212332032
000112333310
002121320122
002213323312
121122333132
100223331033
202233120311
211033220130
232112131010
311122310123
331111223033
313011220102
331112103103
302111013100
032131020100
010113021130
001123223332
302332233323
102232231130
202231311023
110221331300
102203232321
233303132310
223320333201
111013330133
201213102213
321032120323
310132001323
320133020113
331231200133
332331002233
011231320131
112312220333
130132213333
131333001031
103003110233
213113221023
100113122123
313330312200
003231302202
300032332123
322103332203
332012301203
321112321133
201132011103
020103321112
022312031322
322313301111
000133100111
032212311113
031012212310
033111202301
031210233311
303113322030
321211313131
301132323111
302323120112
301321002310
023232323301
111132033110
323332013100
331332003210
030232201230
033223201131
033320011223
333102101233
003312202130
001332301222
002313221113
000232322233
021332021203
001333222003
030113320103
011322332210
013111122320
123011231130
030111123212
330311120133
300131110212
302312111320
010121311220
030122311331
102021131323
011221131133
133101332320
333211310210
131223333220
031233203201
031231013121
131322320223
111332211200
013322113101
310332223033
233121231312
033123121020
133202321330
303123211031
330332122000
030103131101
113212231301
033213332130
033232133312
101302132212
033203123132
313230231013
203132230212
030332331012
030321213111
333312121110
310312101030
212333213111
233021312101
233203011103
303213011110
132031210313
113120213123
111323123023
311113321311
003111313321
010310111333
023110131133
331103210332
320333211232
032113112223
121313112033
121301132303
121331001302
313333021301
123332100123
123111301312
112033312031
011332123212
111321320332
101301233330
233130122123
311301111312
313312233112
130310122312
303023332222
003033311220
103332212121
133332322113
103302313103
310321333113
111213133231
002133332231
203201331211
021213331211
102130333322
012030313122
210301311121
120321310102
231133011321
233331211031
133322101132
003212321323
032323210103
201113231333
223131223332
011303133032
002331313230
101131131010
211321133320
332301131232
333132032232
333323110322
223303331332
133130331131
333033013212
331013131112
301301320313
113323330311
231313123011
312133303213
021331333310
323331301013
332311333201
132123321213
132213121332
303131231301
130323310231
220333123220
120131323210
001303323021
011103311322
233023123233
331331311303
331303032022
133313102323
233133202013
230123332102
323013113221
121031332222
123331233022
213123312022
132133130211
013233330112
110113313122
023133112012
230333301210
233233110121
132323131120
003031133123
111331103313
110331010120
312331331223
013331031002
333113212002
203121333303
203313213320
133231113213
110303312213
102303311132
