--- Global Parameters ---
Code Length:			12
Min Codebook Edit Distance:	5

Max Run:			4
Min GC Content:			0
Max GC Content:			0

Using Generation Method: LinearCode (minHD=4)
Bias vector: [0, 0, 1, 0, 2, 1, 1, 1, 0, 0, 1, 0]
Row permutation: [2, 0, 4, 3, 6, 1, 5]
Column permutation: [2, 7, 4, 1, 10, 3, 8, 5, 6, 11, 0, 9]

--- Results Summary ---
Number of Candidates:		15986
Number of Ones in Matrix:	1836678
Number of Code Words:		817

--- Performance Metrics ---
Number of Threads:		32
Candidate Generation Time:	0.02	seconds
Fill Adjacency List Time:	4.04	seconds
Process Matrix Time:		0.78	seconds
Overall Execution Time:		4.86	seconds
=========================================== 
200333311110
111333111100
003332221111
022333111123
233331031111
332222311110
301330111122
313330331110
133330221100
320331221110
333133313111
311112331121
112112111122
013111311110
331111311102
223113211112
311002211112
121000311110
222002211131
330000311121
333001121112
003000011130
111000031123
032000101111
000221011112
001113011121
301220031111
201110121112
211110011103
200001121131
002000221122
130111221122
101222211120
023222111100
001003131112
223003331121
221221331110
122221311132
100110211113
110111031100
122112231111
322110011120
330113001113
230222201112
233111201100
122001121123
122200011222
322003301112
330333231102
033000331103
130331011133
133301111021
211332301111
203330001120
333200011213
113333201123
112001201110
113223321110
111312211210
011122211011
113311113113
222131111211
221113101131
103110331122
011331231122
013222231133
332111231133
023111031123
323331301121
030221331121
331233111312
110033011013
000033012111
021330201113
013002001122
000301111002
322301111010
033023111210
310000101103
311101131311
110002321132
111220201132
331002001130
123100111331
112333031131
113130211221
103021111201
233121112111
203322111312
303311101211
313313111203
003310311200
220330331133
222123332111
220313111220
223302311022
213031111032
013321111330
332311011230
132210111002
233010110113
212002131102
233202113110
330322111331
202233111331
300103311311
132233331311
121332121131
012230111313
013333110311
031221101133
022011311333
020112321113
022310113111
023213112113
202300211011
222320011321
212332221120
322232211330
022231121322
223011112221
111201101222
011200011201
022201101201
122332001100
223231100111
223221021133
222133213133
032332331130
220133103110
110133101211
011311003111
112322200111
312231210111
111010110101
200011000113
320123111021
322023311200
323300031000
330133011201
321310311212
121131313112
213131223111
211131133132
211113330311
023132033111
121331133211
111023033111
321021133113
102001331101
100021213111
130200013131
210210111010
122202313100
002123111033
100233210112
201313313131
121133011230
311330021133
111133331203
212031012112
000322331311
211321101321
112231001330
120310003113
013233000113
021100001333
111103200133
321101211322
313102011333
121123312133
003103331333
002231331300
310103330113
311200333133
113133312312
103032311031
330001110330
111003310331
122203112311
221011131330
000131133103
331121113300
330213113333
302321311320
320203013113
332210033311
030101011332
303100110132
011021313133
331101321333
301022113130
231331321132
211303213311
231103001311
333230031330
221122013331
222211013323
220221010311
222211102130
200230031313
121232031333
202302113333
232123313313
220001113232
220300133331
320100331332
220101221311
020023323111
002320101331
003131013132
001322010110
103320020111
100300001021
200002133211
000012021333
033313023113
102322221313
303022203113
230122131013
200021131223
232121011031
123112110310
111130010011
102212133313
111213233331
020210313330
202130233110
210102331323
211122333302
033122133331
032221130311
022213233312
322122333321
001121333320
032311333102
131130133101
103030013313
110123313301
110300131030
112322311302
112213131021
332213312103
312120311030
011233310130
301212313310
101012011300
100101131320
210130013122
111032313322
221103313021
011110133210
310213303311
313033013331
310132333100
332312003110
022231030131
022032313301
103201103131
002100113001
020011001310
232203033100
311032231031
013321333011
110001333212
233301233313
121033323313
002133303123
013203313102
030103313010
001323211301
233032313330
222302303311
332020233131
130210132113
330213331012
330302232111
223123231031
331313233123
322300023333
321010021313
303212003333
303231001301
320223330333
233311312331
232331310310
113231320131
303311323130
300301233330
113013121330
132233113030
031300133300
032003113231
033112113212
032301303333
021031003331
010023112331
000111123211
001120132131
331123122110
013301232110
123302033310
123311233120
232211123332
033020103130
110332213231
200031323333
210133332330
020111333233
102131132312
101301303310
133001330333
003322300133
032113300330
101100233011
112101133033
213111100331
123103103011
100323330121
223213303332
123231333030
012032033332
231332333212
220322330112
233323121323
301323133033
102333010333
113323013033
123321031322
131100113022
011300323322
000302103322
112123003322
033303013322
111330230312
000330330330
110330000300
330332030313
133130332331
302332333231
333123323320
313212133322
312321221331
332201313122
330031312132
130233021332
312301013302
200011333021
000310231231
233220310333
303033032133
333320333022
133321010120
033321123033
003331100303
220331130322
012012310112
012001110322
113003000312
100002300330
101221130332
101011112233
110211123320
320111100312
330230000112
300023033120
300022232331
120022233132
110310232333
302310312333
013310112323
021110120311
003300321031
313301001031
313200023110
033303102131
300311203101
330103120131
300121003321
301013110123
300013231322
302013121301
030130012321
020120003312
301001000311
110312130011
030311310013
333111332013
323301012130
330311032321
130313212310
210312303130
310110130323
103110113203
011131322313
311310213100
312130103120
311100112221
311132012301
121111212013
301311122300
100123223310
102301223321
000201332332
031122223312
033031223303
032311222311
313230221312
031303212112
033103233021
131110210321
103021222333
113332222013
113011223012
002112330301
023110230332
332232230132
303333213221
331211203322
311112220332
323331210332
321030213320
322210103300
303101133002
112011013000
111100303000
131032103300
323133223100
332003320310
111000213202
310200012332
332220013232
100200222311
230300003320
223200103102
320021212312
201200112310
002030023320
123222200332
233320200131
331320201320
223101301320
233100303012
133110100302
331101230120
331310330010
331030101010
133121321030
333310202312
201130131200
313112021102
233322013000
023233013012
333012103003
031133230013
301131130030
213010033003
211013220113
130102203033
200102201332
010101023031
122100230130
132010220112
130300321012
123013201303
010002030300
133313110000
122012103032
300122322133
321131102333
200132112323
312113323233
031231313023
313211030211
312233112233
332333212013
231131232303
201332320313
311333300321
012013333022
111121330222
013310330002
210131030012
103230100122
211113003223
123112223222
121312202311
233022232312
230010030122
221000033222
111312122322
111233223023
112031221033
112133122300
131023332320
200023322312
203202233123
222312222333
221210223310
203012023011
231213301021
211022223100
223222033213
122322120122
212321130103
220011123003
220113220330
112213202113
133212201013
111312300003
211010323020
203300130210
203313330020
332333303200
331123300231
332031331023
313313000010
323021332323
233302221033
232300202110
031203302310
311200222320
311311321223
311121121003
131302031003
312302110231
301002321103
012003303213
012022003103
211120031020
201000332013
231000103233
110003120323
333003223230
123030312122
212203223122
011022032321
331020131221
133032120211
031001220331
330012023032
130121201001
123120101023
332132100033
233130010003
233133002323
333123010212
031011210100
013001102011
000012130120
112103320102
110331132023
110030330201
331330320302
311033030220
130033310222
102003033223
333222303223
322202231213
133220123212
112222023221
133231203021
321222210323
032122212130
210223123213
132022102313
101112232030
011032002110
130020223120
100003323200
312210332120
212223233230
122132330010
221233003003
222333300302
223332002033
230333302011
121333102001
211303302102
212300321000
200231103030
303022312300
330230222233
323030230231
303331222031
123000332001
112220012031
112203010003
202103023032
021332230303
203212312101
132322323001
010333212001
130223322031
130223233222
003223233201
010322201300
203221013230
100220010322
301223023231
311223113220
320122310230
232213221010
230232320130
211223020333
131222020300
111220132000
231022211203
220032212103
110111302032
110021010032
201032101001
230032011020
310032223302
030022230030
102220300301
202221332031
202200032321
302002310321
102331203202
132330322020
200222303200
303223000320
023003120300
020030301000
222031001013
222310031202
322130001232
020200010033
300020130013
303222132003
320133030003
220100020100
300133002300
202330102000
212231323002
320211321000
222133120001
212113032001
332111102001
031311120001
000323203032
000033321023
100133120013
003110202031
003213031003
103122231002
002302031020
203200020012
301303210213
002203320033
012323023000
310232003001
033022310001
001230323012
002222020323
003203110021
300201010000
311203230000
333202020003
321102203002
130133200020
311133120022
322110233201
301211032102
322001003230
310201120011
020300322110
331003022000
102001002033
320020320031
103201230003
301022220002
001120201003
012131020003
222020230033
230021300003
221202000010
031220300322
221020310002
001100300102
223213030200
320312001203
300131300022
120033220233
302102200123
000030000231
113020220001
132200030020
312021000023
131312001232
011313210020
120302002132
220203302321
300332023212
310223232021
210302000233
023132300023
313222002012
320001202000
333000102022
323202110012
330220212002
333032002102
020002023201
213023001200
300203021210
221020201211
322013002211
302121202111
203220212021
032302200200
222332232021
021023331222
122221022000
022212032103
322212201022
230312220020
020132220012
121122220210
022102223020
020312232322
002110032023
322002322022
311010032212
231110023200
213031000221
230211100223
022213100220
231201122321
233100212201
030302110223
311322202233
211302230221
211320122211
021223222013
021200220021
023211210231
023220213222
332131221221
332123220200
321301120232
223031320212
220220122032
320321122213
202112212012
232001222013
021032322123
022233332213
123202301233
102200201200
102132031221
102021012321
302231102221
222301022103
222301200222
123301130223
212221202020
002212222121
022020021212
013202221221
033122022122
010120010213
002122310222
202212300232
301212020222
001121000212
203210010223
111230102231
132102002203
112030020222
100310302322
200030122122
000322002223
103303022123
220123200213
220231202201
010113022010
101300320220
330011302220
030113232032
003031230202
203003303222
000221322020
010221303222
122323012201
001231122203
003122120230
001002112022
010101132222
302101212203
120012302202
231012102212
203013222200
313102322201
031322112202
232331023222
113320332221
003103002201
032100322221
003310022332
033102032230
231320332233
132012122230
331103132202
321231232232
332322132220
203323132222
032233202202
012321012210
002230312230
020130122330
020010022220
232013332221
021201021230
223211332122
221103202232
