--- Global Parameters ---
Code Length:			13
Min Codebook Edit Distance:	5

Max Run:			0
Min GC Content:			0.3
Max GC Content:			0.7

Using Generation Method: LinearCode (minHD=4)
Bias vector: [3, 2, 2, 0, 1, 1, 3, 0, 1, 1, 1, 2, 0]
Row permutation: [0, 1, 5, 3, 7, 4, 2, 6]
Column permutation: [0, 7, 5, 6, 11, 3, 8, 9, 2, 1, 4, 12, 10]

--- Results Summary ---
Number of Candidates:		59488
Number of Ones in Matrix:	8936690
Number of Code Words:		2413

--- Performance Metrics ---
Number of Threads:		32
Candidate Generation Time:	0.04	seconds
Fill Adjacency List Time:	13.12	seconds
Process Matrix Time:		8.19	seconds
Overall Execution Time:		21.37	seconds
=========================================== 
1111111100020
2001111111133
0033311100011
0022233333322
0322222333330
1111110011200
2211133333330
2211131111000
0001111112000
3333111233333
3333331111031
3333311132203
3333001112222
3331333113332
0013111333330
0111001033333
1112100333330
1122222223300
2222220033222
1111211322000
3313111111002
1111112233130
1111121131333
1123111133331
1131133233333
2111122333322
1111133301122
1111103330231
1111100323111
2111110010011
2231111130333
1122111113003
1200001113333
1113311111233
1112102111000
1120011000000
1111000200001
2200011100003
1112333330003
1111333000012
1111330013332
1113332201111
1111332231002
1111122012303
1111222300033
1112222030022
1111223321103
1112203222200
1112210223001
1122223332120
1132113330030
1130110033033
1110112003322
1113222120000
1111002022331
1113330233301
1111032333212
1110011133112
1110032103000
3111111103113
1110131033230
1103133330332
1100333111333
1100231000033
1112233133323
1111221033123
1111320001213
1113203332222
1111230130222
1110331122220
1111301133201
1113113312203
1133333312230
1110133321210
1133233111110
1113322323320
1213333323332
1113022221130
1123302233000
1110221203331
1212222133331
1102211333122
1101233332321
1201133333222
1113301223122
1133312220222
1103333221322
1133313331002
1103311300010
1133323300311
1130033330111
1101231110011
1103111211000
1133133013300
1131331030303
1131322311332
1131313111031
1113100313002
1131211000331
1113200001332
1111023110323
1113032113221
1110323222321
1111031320132
1133310002112
1133130000020
1131100131130
1111312002310
1133011011122
1120312111130
1103322212333
1101312133303
1132320333303
1123332122123
1113313203213
1101113003223
1101000011222
1103222331223
1133001133313
1133000022133
1110001121033
1100011322331
1102002223333
1102000001003
1110000030213
1110302220023
1133203200033
1133003311023
1123001212220
1110203002233
1112103000220
1112030311223
1113020003200
1120133002222
1113012130013
1112200231120
1122220001030
1132011101100
1130000102002
1113031100101
1130330031101
1133300120323
1130311223323
1132111302220
3111133022221
1131112301321
1133120332331
1131120022012
1113131023011
1133132222310
1122330000311
1112300102110
1132200113211
2111330122233
1132023222233
1122211201333
1120123330133
1102233002330
1333322233133
1130002320332
3111003000332
1120330310032
1100203323300
1102003332113
1120303332001
1113002202302
1100023211122
1100201311110
1130202231322
1120222133023
1130213332023
1132330211132
1133202221103
1132123111203
1121200102333
1112132120313
1122332312331
1123022312022
1130122100220
1101102100122
1211200002222
0111100211123
1122000213022
1220000000012
1102330322020
0113333222303
1003322333022
1123311022321
1132230122102
1103203013311
1121223002131
1122100120012
1122311002013
1213301000001
1120100300021
1112012300201
1100310121221
1100322202112
1132312200110
1130022233210
1121032200300
1333333200122
1333032133322
1311033330320
1102123022311
1211132223301
1111213310210
1211113311313
1121331101310
1122203311312
1311113110232
1333113332300
1331111330003
1333103000011
1333300222111
1331330033231
1123230033223
1132212003230
1322200000200
1301210000001
1311122100011
2111121000232
1132002030011
1110120210301
1310203300001
1103000231211
1101110120213
1122231032021
1110101322313
2111131332123
1211112330223
1103102130031
1031000133331
0111133303200
1311130010030
1011000001120
1101001030312
1011013000321
1100103031030
1100300213130
2113130003330
2111112302031
0111111032012
1011111021331
1311110223322
1311101210333
1211011200013
1231102000033
1133102003123
3111010001133
1121030232110
2111100322300
0111101300303
1013110100002
1333100333101
1211000113232
1201110303330
1300111033303
1331110311133
1101012031113
0111123031111
0111131121130
1101201121302
3110111333301
1321130333002
1011101103100
1011130233113
1011113203001
0111122200101
2111102310110
2113001000313
2110011322223
1120023003103
1312013303333
1021223333300
1102132331130
1101323203310
1101320130200
1123213323101
1011120311322
1211203331332
1011303300130
1122033301301
2112000001111
2110332000001
1023002000021
1000000020111
1001110001102
1201123001133
1221130002233
1121302013033
1231033133300
1222123333023
1201222332333
1011022330332
1002032333331
1011123022232
0112111022233
0131113322133
1021010330033
2111231230333
1120122311003
1100012201301
1100211023201
0110112001000
0101000013100
0111330011010
0113200133300
2101032333300
2101333000100
2131111033020
2110113023003
3110100230000
0110000222011
2111003002010
1313130300313
1313331230233
1311330311100
1303331111300
1323333331131
3131323333331
1330233333213
1233133300133
1301133002013
2121113320303
3111230003001
3121111030001
1201323300003
1001333120000
1100133210203
1022300020003
3132110000013
0131112303003
1311100231203
1001001111003
1301102332000
1311312300122
1130101210102
0011333333101
0111323330021
1313333012103
3113330110002
1333011223000
1332033322000
1321123332203
1313000322200
1031310023000
3120123333000
1201011331000
1220003333102
1213012033300
3111321113100
1210022332002
1000133331112
1001331302330
1012121000203
1102121200021
2111022130002
2101301003003
2113131022200
1212112320002
1212100230023
1213001222021
2133022222220
1120202020101
2122021000011
1000213000010
1000222330003
2113102320003
0110033200022
1222310200000
1222210003320
1221110021001
1201310002200
1223130222200
1210303302200
1223111030022
1213110332120
2211130000220
1221113032321
1122101031232
1220002222322
1120320232203
1300030022201
1010300123002
1301000223300
1001002032033
1210000323020
1332130002310
1213320002303
1230332100002
1001122002001
1021321222000
1211312101003
1221332331113
1232300003302
1222333020032
1222233223312
1122132203321
1231312223332
3113322000023
0113302022000
2133322000200
1203122200030
1221101122300
1333221303303
1231311300302
1331023000130
1331223301000
1223332301000
1221303001100
1333320011203
1233331103103
1233032332203
1232013030003
1331333110201
1312323110000
1331300212002
1333302210301
1310033220302
1312002200032
1233200310000
1033123200300
1003302220100
1103302021021
1333000130221
1003320021002
1000331322002
1000132220332
1000031100022
1030131300100
1200000132203
0031110000022
1332310000222
1003023000222
1130230232221
1000032023012
1000002202221
1010233232001
3131033223000
1002333000131
1010330302231
1023333022302
1012311200330
1301033201333
1001032003320
1323330002021
1303133222020
1013323103331
1003331332223
1030313330222
1202303333010
1010022220310
1013322122201
0000333222220
1000013301120
1210202200220
1000303321101
1313233211223
1233321111022
1233211003221
1331311101223
1331121111230
1333112103310
1301321133332
1021311003233
1330111100211
1331012200233
1310120022223
3131320000221
1312113220223
1313320203222
1132322021323
1333222310023
1313021130022
1311321002321
1331130122221
1310102033201
2133330230011
1132223013013
1313311323311
1211321333110
1211222013200
1232222211000
1222201100021
1220223331030
1222222320013
1321122223023
1311223233211
1311201102003
3122222100003
1120210210310
1212221010301
1222111010310
1222011133200
1222032033002
1311220310221
1321203003301
0111022003221
1331220222030
1211322320230
1212133132220
1013332130320
1032302333320
2313333333122
2113333031310
2112111301130
1013330312010
1233203303320
1202323310222
1230333011222
1223313113222
1013011322212
0100133322231
1010210332203
1013131222130
1033110222333
1223312322232
1301212222331
1031110212220
3113022222003
1200120222001
1201002200111
1233022000112
1233223210202
1320322222011
1331022231120
1300022132220
1320332300220
1022232220220
1312232210021
1011223120022
1021213022223
1332010222202
1130132112301
1103210202030
1003202023220
3131020222201
3111232221331
3112233320330
3101022003333
3112300031333
3113000023101
1320000331223
1002000330232
1310002230121
3110022232222
1302132223222
1311231323230
0331000222220
1021300030222
1001311131022
1012331033022
3113333103322
1302330230332
1302233300102
1032332302033
3133233022333
0133103300101
1003111330311
1000112333210
1033011130233
3103310002223
3120300002022
1031320202233
0113220020222
0111302202033
3113032300232
2112330002302
2133000023322
2111323203202
1210321103302
1311212103202
2113033323020
1231013020222
1120313320120
2131332302002
1301022302032
1322020002332
1223000010233
1203102033322
1010200320322
2130110032222
1210230203323
1222003023221
1200332313320
1231331213220
0102333203332
0122300033320
0110330031322
2110203003022
2112223200223
1322223220232
3111001032122
1312200133312
3132100122222
1323201001002
0113101010020
1210033301013
1221033322123
2211333222320
1202302222230
1032001222210
1030301220203
1202331200203
1201121223203
1011131212023
1011003122110
1012202002211
1032320132222
0113321332322
0133233233002
0133232322222
0120331333220
0112323320200
1000323232023
2123333312322
3113133332102
1302030332122
1012212330100
1022230132200
1300123030200
1310112301110
3100132232200
1022030303020
3132303300322
0132313033222
0122113333011
1012113323130
0111232220120
3111322030130
1130020121230
1020101120030
1002122012220
1000121311223
1303312201022
1102310301212
1013100112123
1013123332111
1331200331112
1310003001131
1313010010111
1333031010312
1213130101232
1312103302012
1132301201311
1001320011111
1333230120232
1332200211023
0110130330212
3111201203302
0100132303301
2110300323332
2112332220032
0101222233302
0011222223000
0101102102200
0011223332220
0011123110200
1010122113320
3021112222200
0111211210032
3111121212030
1312112011233
1310020101333
1002211132003
1000220112333
0101032010003
0101202000010
0111011301022
1022113210022
0011301330002
0211332330033
0011112030333
2123231333332
1023110313320
0103322000131
1003311101131
1033331011211
1033130201101
1231300013123
0111310102132
0110120002103
1012231110132
1011232113033
1021233211131
1002223211330
1003233313233
0112311323303
3112103133003
0112331300131
0111201122323
1301223112322
1300233010221
1201233111202
0131133111221
0121001100221
1321230111022
1032222023122
1003022231232
0003223233320
0101233200313
1302322000123
1030002011103
1000211312030
1032111103301
1302133012232
1130210321303
1302222333113
1322122113032
1222231131332
1320110010332
1000110021230
3131031001330
1031212132300
3113122111033
1033021311000
1300220201100
1020031032233
0102022202223
1213102102331
1210331021133
1322211033211
1212103103133
1220313033313
1221011013331
1332303131333
1330223321332
2111020312332
1313120312232
2131222233033
1232211233033
1222212031130
1003221013332
0313100333322
3131300233133
1013002323013
1333121201113
1033101211322
1033102332312
1002202133202
0133330113312
0113311113111
0133112333110
1210132013113
1012320210113
1022200313033
1230033113032
1223022211331
1222300132311
0112313311113
0100113111123
1300101111132
1220012110033
1220213300323
1200032211130
1021313221103
1210021321322
0100213333103
2110221332230
2100211112300
1010023011300
1012001310001
2112232113002
1022022213001
1322002123000
1002033312201
1300210110023
1331211232213
1021132332211
1021130110121
1011210312131
2131223322213
2131033311032
2132333203003
2130131220000
0100103103002
1212323031311
1223223001021
1320212200102
2101213100222
1032230003213
1001221303011
1002212201113
1031122131113
1020332203133
1310323120113
1330021202132
0122133310223
0113213002211
2131221100123
3103333222211
1030332012310
1000301313311
3113200322031
1220132200231
0110303203231
0130213200011
2113311020332
1303112310032
2121130100331
2101011113332
2110331013321
2110310011023
1321103311031
2112002033301
3120210003303
1331030211211
1231230221110
0132332221000
0113003311200
0120000311103
0121213311330
0101103123330
0123021233330
0133002332231
0133320101233
0133311021300
0132211332002
0132220002011
0100223302210
0123223030300
3011332103300
0112231033101
2112210312100
0121221032003
2122110003032
0311310200300
0110312230220
0113212233201
2113322132011
1203332233211
0123331323001
0110203130201
0132000210003
0132200111133
0112223123120
0131220012230
0011220001330
1003010302021
0010200322000
1230331233112
1230211013000
1220110131023
1201031312232
3110331331233
3112311132032
3110333023213
2120331330313
2222033333113
3132113013333
1331313323113
0311112323100
3113212302300
2113202102023
2113223310201
0112203310232
2102213110003
0103233110030
0100023213200
2102222310300
1212032100110
2112021133103
0123002013302
1210320012122
0110322121303
2103222330032
2110022110330
2100120000333
2100033012332
2122203030333
1202220030132
0013222003033
0132222310031
1032232031003
0122320200032
2012222300002
0103202310333
0110202111331
2113023011331
2131021011133
2101212011002
1012233202112
0122233212033
0133221323023
0123312103033
0122202122020
0132032003020
1300312131033
0102221300113
0012221100331
1332022101131
1033203001112
0103022222111
0000022223331
0101002231230
0120002133233
1200201002323
2122003331203
2102232302221
2121222302020
2210033300202
2211110113302
2113213131032
0112212213133
2311222133300
1023122220133
2133312221033
2133110302233
0101331031223
0100301230322
0113021110302
0130331202233
2110323223130
0132331232320
0121311120200
1221302110320
1322300203120
3100230022030
2102000210332
2113012321322
0121023231033
0120112322032
2131031323222
3113031223202
1230113203230
1233003212330
1223301323033
1232312113323
1023030133232
1223210233132
1021001023212
1313001113210
0102111113220
1301101321320
1200111302132
1201130320102
0112102113322
0122232303213
1201023202213
1300023113310
1320203113323
1020023122212
1202032221023
1030221210231
1323000211312
1203101110312
2103131233023
0013123330233
0100011320013
0102301120001
0130111120131
0120322202331
0110022023113
3120021222300
0312301103300
3013302222330
0033032222233
3311101133030
2211102003323
2102322023330
2122320333211
2122333122130
2132001112230
1320330122110
1031231102212
1031330210312
1303013002132
0310111100032
0133001001321
1300311122313
1020011121311
1302201113121
3132331113301
3111032120201
3113030012212
3121203022230
3112011310012
3110011130021
2110032102211
0112032321311
0100333113011
2101003213233
2121103202132
2131301320031
0101132213323
3113101011231
3123110111332
0330011111333
3123330023110
2100001331001
2102133311211
1201103112011
2131203111101
2133033131001
0133033132132
3133322132232
2101330013220
2133321123230
1232210322213
2311110312223
3111013122103
1322031221203
2122300310023
3101011111010
0102033111002
1022103122333
0231120013333
0211303130330
1321010113110
0103010031132
1001010122012
3100310332232
1210231312103
1202012332101
1330013121201
3130003112211
3110023213312
1210013212131
3100112211032
2100112213310
2011011103030
2001001300332
2011312332330
2031333332133
1021330321301
2131230133132
2103122022302
2121200223312
2100220222313
2101222020311
2130302103103
1002201200312
2121123031220
0010023333212
2130003110133
3103111212133
2103011123221
2123200133031
0210331233331
0011311212233
2100031020122
3100000222103
0102021211103
0130332211113
3101322221313
1303223122231
1213202320311
3121333320113
3101331310202
3101003211111
3110312021111
1302302023311
3131123102111
0121121130213
1323012111213
1320001310313
0100300211212
0110233101112
3122103000111
3112301120113
1200313101102
2100332321132
2103023200112
2133100310312
2133133012111
1203031002111
2130031303110
2120013103311
2131012103210
2100203322111
1300231232111
1302200322131
1322110230301
1221320031012
0101310033121
0123100032312
2121310032113
0112310232123
0221111322023
0101120023132
1231301032013
0103200322123
2102332101101
0013330220022
0011001112022
3110301300120
0211310001221
1221213130131
2131211321310
2011113202210
2001112222023
0131023020210
1310212123130
3102001023000
0130221203112
0221131111331
0311000310031
2011100013131
2120100111310
0132010122312
3110122031102
3102203100200
1312221131010
3133232133113
3132333121111
2103301033110
1032010321111
2101332231110
2012133111033
3112130021320
0110210321120
0122021003122
2100210003120
3121000010210
1301200012120
3010033320122
3010130000232
2113230101120
0123030010201
2133210010103
0123221002110
0013311032200
0132110001202
0210311000023
0103112010122
2103110021201
0001311323220
2101120230121
3103113030203
3100323100321
3100113020022
3011310302202
2010333100220
2123301311221
3033333110222
1301301020210
3021311000300
3103031102331
3100010110212
1301020010012
3100121113231
3120013101033
2123032111232
1022301131223
3122031200332
3101030233122
0103323231121
1030322130121
3121210233111
3122112033100
1020121033112
3133200130010
1321212030310
0133202103011
2133201113202
3103322211200
3133222011322
3120303331132
3130230301002
3133132031303
3130120211333
0213331313200
3103303213102
1021201212032
1023012012100
0022333130002
3313133100020
0312333100203
0313332101001
0311032033302
3011000132303
3100203130313
3112200232013
1202010300311
2103012000211
2011303021111
2121030303011
0211223030012
3310303100212
3101302012001
0110213012030
0131330123201
3130001200231
3133212020031
3132220323030
3121301323010
1332313013102
3121320211002
3131213221132
1302032110212
3132000321102
3012320003100
0210220003000
2011210033110
2000111001111
3010010100110
0102100330311
0013002001101
0010002331110
3100220030111
1232023321120
0310010002012
0311130122002
0331100021100
2103200211300
0311320021133
0011300311132
0211030010113
0011133222111
0010103023010
3011102023003
3001310023331
3011012022322
3013320023232
0031112222312
3013113300331
3031111300133
3311330312033
0003133003221
2010020003231
0123013020313
0313213230333
1323232303201
3132322022210
3103203010222
0313001021222
0333310022232
0010221130222
0000032111020
0002100211000
0003301111332
0003000312222
0000011011222
0000110303322
0010030012223
0010130131333
0021330213333
3201111321333
1320321231331
2120313321331
0313032213331
3310011022333
3313132331030
0103031103120
0311312112320
0310030111130
3001101101330
3013130120303
0010331321023
0011033021231
0313301123032
0013031023132
0031111231032
0011211331323
0001110133130
0001231103332
0001232230222
0012110202222
0012113211102
0021133311003
0002311333001
0002010000201
0000101200023
0000103232233
0213211133312
2130101131123
0330003211232
0000312310232
0010323021122
0010102002120
0003120002020
0332312100000
0003122310000
0031021003001
0011100120312
0031001020233
0021101032330
0031013320332
0012003320133
0000321012031
0030002013221
0001203100231
0301303010322
0301210002323
0030130213002
1003011213201
0102010201320
1021221021320
0303001110231
3130231210222
0330001103212
0003021220230
0031023311021
0021013131111
0001323000113
0010233020203
0313111020103
0331131101033
0013323101013
0003103222012
0003230022001
0012233010310
0130121301302
0000123321311
0000021230011
0021310300211
0010010221131
0021010122231
0030301222121
0031322232301
0033011322031
0033132111203
0023113112202
0012212122302
0012120113301
0031333121120
0303333121232
0210310111203
0021110211201
0001102023111
3001013002111
0001301201011
0030201111111
0120231130100
0000112121012
0210102110232
0310101232323
0302011122022
0102201323321
0312201300020
0022111100320
0020211102333
0020001321032
0201001001033
3132011032323
0013120323113
0003131031031
0023132230330
0301122103030
0001220130323
0330102033022
0002022003302
0022033222332
0022012220030
0012001102203
0212011322200
0012022322231
0210131132201
0021003203200
0013210210010
0003222212210
0011021131210
0022002232111
0002001033210
0202020333320
2012300302220
0211123322322
0200122322223
0310113132222
0211022220302
0122100202100
0021022201102
0033022230312
0033122103322
0301101213312
0333111112312
0023311221122
0213002233023
0021123233232
0021131323213
0030332120322
0333211200022
0323123300032
0201013301132
3000001322322
3000022222120
3010230222212
2003000311311
0002023112122
0310021122121
0012011230112
0020023010220
0001222102133
0012122201321
0312222120012
0311211022110
3333112220013
0200101312331
0200222220033
0022222020103
0021211012311
0003012012323
0030120201123
3010003311231
0020230100031
0020330023121
0201300202123
0032330012331
0322130001331
0221100221322
0002130220313
0220010200331
0221110303113
0032113003123
0023100113003
0313013131203
0300332110123
0330110333123
2000333221313
0211212230311
0212220033113
0020322003210
0301110310013
0301132111111
0312110111011
0312012000311
0333130110010
0220101030000
2001010333323
0032301002112
0023231211110
0033201031020
0331322011222
0311300132011
0030212110310
0030223310013
0020213130123
0002233121303
0312131113313
0331332133013
0313131133021
3031113332323
3121013331221
1020132312123
0023001331213
2011022331123
0300100212110
0201312102022
3000302113022
0230111023222
0033312023021
0033302101210
0333321312221
0032132131131
0313023100110
0032320320020
0231000023301
0200000130121
0000200213013
2003332000122
0231331001022
0231100100211
0213110200112
0311022301013
2011132200112
3000002201312
0211002013010
0201022311311
0200211122230
2001322022110
0033100232130
0300130223203
2010201110123
2011231311022
0312121031122
0331021220122
0310313233312
0333313311322
0321120133321
2301121113223
0331123121302
0201332011100
0023022111221
0032031211221
0203222110022
0203112113231
0203100213330
0231130131102
0022313113230
0212201101101
0320011300110
0212000031021
0302000301113
0333200023113
0213321021111
0213022210211
0331112001231
0331031232003
2033333022210
2001311210003
0323202010000
0301322202100
2013332211301
2000003312210
3000332202101
2010320221211
2000032112113
2000300123110
2030311113303
2000321011102
0213231110120
2000130133103
0223000012111
3000031103111
3010322001203
0321023003111
2013300322112
0212133000212
2001332030031
0212331203222
0223320003223
0033233032123
0032210302133
0221011121303
0200031120302
0210103131302
2000102130000
0233011110113
0202110311233
3000201233332
3000133332021
3000131020001
3000123320100
3001111233021
0201033322300
2010331132030
0233001102032
2003211303000
2001133220321
2031331300323
3013330311123
2100122032123
3100032031120
3013001123320
1231020322021
0030203123301
2000231200303
0330211210203
3310033223231
2003100022321
2010110231202
2001300313302
2001032132221
2000021233122
3001300031210
0300223000022
0300022130102
0332200003221
0320002021121
0303231310302
3003323221331
0333322021331
0333223333231
2030113310333
2000112012231
3000012213233
0230002101133
0230200022333
2030000022102
0201010222102
2010211102002
3001201213000
2012003213310
3011220210001
2030100101012
0230210100102
1203020101210
0203013011211
2020033131122
1232201311202
0233303312202
1023023212203
0301023321220
3030101122200
3010313201100
3000122111110
0032321231200
2310001102220
0230203311223
0200212131110
2022300111102
2123310212120
1030220231301
0210023221100
0203001221000
0230013322002
0213312213002
2023133322023
0032023021030
0022203022201
0022303101311
0302031031100
0022130312102
0332013233200
0231113221220
2020011330020
2031001233220
0320311012220
3002110122100
2020000233321
0221013233323
2000232323333
2003220103303
2032033100332
0232000103230
0222001013313
0203011233121
2020122111333
0123132031211
0312233303123
3122311001120
2001023101230
0221122110130
0222112131002
0212213201000
0002210231021
2002012221002
2022001032222
0222310012202
0222103032303
0002320213132
2002220013321
2002230001200
2002303310203
0230023033121
0203233013323
2011233133312
0221133123121
3102213112321
0331013223021
0330032201011
0020232212011
3012131121101
2012311331231
2020103113031
2002110330302
2022310033333
2311001332032
2301130200002
2310130221033
3002333323232
0300322032312
3012201332232
3002220331233
0322022222320
0330022213130
3001222223112
3010210331330
2012123033202
2002233332310
0213332020310
2003232333112
2000221322132
2002031131320
2023103033100
2033001123103
2033101320223
2013301303022
0223033030122
0322303002002
0301220313200
0202203212222
0223330121012
0233333323111
0301232333131
0302113313112
0330200313102
0221222332110
0313320331210
0213220123131
0312303321030
0231213003200
2030021020200
0202221203200
0223113320320
0203133231303
0023213200132
0221232000201
0221230222131
0202230020331
2013232122331
2000123002012
0222211020132
0222313321312
2103231121313
0322301220332
0320223132233
0333212133132
0222223113321
0222221331011
2020203331011
0212020122103
0202002002132
2002100212133
0202310120013
2032010000130
0203203232110
0321220221011
0322231122011
0322333033311
2033200333213
2031321312202
0332221321313
0303123112013
0323013212231
0333302212023
0302121220301
0322132223001
0332213132330
0230231312320
0233121212230
2002122203111
2032222232213
0332222012203
2013222130210
0233222233010
3003312231112
3133122303012
0212002323001
0223120232003
2002311200222
0323212002121
2130232121010
2023003110010
2123013113130
0233013202133
0231232321332
3033232332032
0233112230203
0220131001313
0232330310103
0320323331113
3122223011223
2022112300013
2032002300031
2022233200101
0220302212100
0303210222310
2020312221110
3013212223011
3003231322110
2212210001333
2022211001003
3003320112221
3001220001222
2010210013222
3100123201211
2012010132321
2033230112020
1233201121010
1203212123013
0203212201101
0223213102300
2132131210113
2232222000331
2033122220021
2033212223232
0322120123100
3022122203332
0231022032323
3013023212132
3031133221201
2032103332301
0320303312321
2002322312101
0332203010101
3023331123331
2300311333022
2302333222203
2301333232022
2033013313312
2030230222031
3012022323020
3031122132020
3003110032122
3123100223023
0232011130221
3023000221222
3002003320021
3023032222321
3021202122011
3002303032311
3012331030111
3031332311321
0223322311203
0302002123223
2123021230203
0323022202012
2302030013103
2310233010333
1230320200103
3021030030102
3003001202213
3013301231010
3301033332110
1232122313210
3013112131321
3023311310023
3020301032113
0320201203021
3120302220312
0322011010233
0222302102223
3102220210122
2031220210222
0223220330213
0220123301212
3002123100133
3032102311113
3031121011010
3001023313032
3012202211202
3112202010323
3120202303202
3002120113213
3020310131212
3031001231102
3003123010111
2122232020110
3011200303123
3120122102010
3121121001312
3211213130200
3301023000201
3030312032011
3030320221032
3133312103121
3133111321021
3120331012201
2211232210010
3030103230220
3013213202121
0321203321213
0323220211102
3023213331033
3020231330230
3020331213320
0320331031012
0232333233133
2022332232231
0233030232021
0233131200311
2033121233301
0322330110321
3030232002023
0302332330110
3013202301220
2300332233220
3102312330131
3022323013022
2023323031032
3032223001121
3032012220122
3002313110120
3030223311202
3031031120021
3023332130011
3020320100101
2031211120231
2031011221301
2022201123232
2023231132213
2003213121330
2022220121130
2211302112333
2313121122033
3031210223213
3132310111003
3022231110203
3032221033331
3032222110301
3032320131311
3001232231033
3022032332303
3021221232333
2022212122033
3021022010233
3021123022103
0220203220230
2021001022003
2310010211001
2303020111000
2310301320200
2021130021020
2210212323200
2312201113033
3032003213133
3002002111031
3022101113010
3032013331302
3132133220021
3301322333001
2311103313022
3300023110223
3312133330232
3021303020031
2302033320013
3022030020323
3312010033310
2020120203313
2202222213013
2202223022003
2020220301103
2203103013003
2031203030210
2012103120320
3312110300320
3122130302312
0232301230030
3201223220020
3123123323221
1230212320110
3123022311111
3301022231211
1320121320321
0222132022120
2031221231312
2213233331323
3203220333103
3201312103233
0233231302101
2022330120211
2300133023130
2301210131100
2120312110321
2033021310211
2223312213333
2221123132133
2210120032033
2033131311130
2300313111312
2310312131121
2203113001122
2211320313231
2213103122010
2201330110133
2301131221132
3300013121130
2333000321110
3230112221233
3122212321230
2221231200132
2032021200233
2020320102223
2130012013232
2202112000320
2021213023032
2201231122203
2202110222010
2212113020113
2230111020311
2220113203322
3302212301333
3120022301330
3300220202033
3312221002233
3312022220333
2330322102333
2300101020033
2200113331133
2202111333230
3213112233113
3022211323111
3032021332201
3200122213322
3330012223032
3330013332212
3301133001120
3303123303322
3301110031032
3030213130031
2220122003021
3301213200332
3031103210112
3310021203100
3312102320011
2310122331012
2300223213031
2311232011131
2032022133323
2330210022320
2300222022021
3203032202222
2300021120311
2333011222211
2330112302200
3312303130301
3311122033232
3300131203122
3210013131232
3200222311132
3310103201322
2202021311323
3122002102131
2021202010023
2300130310020
2310133112123
2311332322101
3201133120231
2320123313320
2201213323301
2032132322122
2032330201322
2230022011122
3213001221112
3210111230012
3211130132212
2232123203221
2333020232032
2213222302332
2201222203232
2200220321000
2200300311032
2320300112012
2311330030121
3201132031011
2200330000111
2202330030002
2333223330302
2132023223022
2312223032301
2133223032130
2333230331103
2330200030201
2231200131222
2200200232122
2210202201031
2230100333130
2302020001022
2022121002210
2302300200230
2213033220333
2201020130112
2210031122132
2210000322231
2200032210321
2233003213121
2212100301122
2220020112321
2213331100213
2230011313321
2200101101322
2220200110213
2203000123233
3201032232331
2202030322332
2202302313331
2202101321311
2201203201130
2222000221230
2221010313220
2220002223133
2202003020131
2200231312011
2220022330011
2202231132022
2200013212023
2220000001203
2222020202002
2231302020122
2332030200221
2330303310111
2333120311122
2330103011021
2222332320123
2213013333211
2200103323012
2200312201013
2221120011103
2221003312021
2223020032210
2223022210120
2220311210232
2230023220132
2221013020330
2222023321032
2300031212000
2222203133020
2212200123102
2222001200300
2230020303102
2210011031010
3022200310100
2230213230121
2302102323030
2311020010100
2031202201200
2233022001303
2320013201123
3221012003122
3230010200223
2230331022223
2230303021320
2200333013231
2300320323201
2203323121221
2301022023013
2321132230313
2211000302103
2221102130231
2201303132100
2233301133001
2221300123321
2203332232000
2220332030200
2200321223020
2201031033213
2320310030223
2333103001200
2213002020030
2221311230100
2203111313102
2221133010302
2233102311101
2213113210301
2233031210022
2233110011000
2223111031233
2231323302010
2212333302211
2121232310101
2223213221003
2233123223113
2220223120301
2221330232202
2231033002201
2333122003102
2313102232311
2302302112210
2321302220300
2320022001220
2332323023000
2303221021120
2303231033001
2233311121120
2233300112131
2233210113210
2221230311312
2233201010111
2233323012333
2333200110330
2232302100013
2223303100112
2233213100130
2231332201311
2232220312311
2331220103011
2232121231031
2203321303111
2223131012001
2312202030003
2322100033111
2312002121013
2331033123110
3223300111110
2212323310330
2220233002130
2321331202333
2313230203312
2332122113120
2333301332120
2302330231123
2323333010110
2323032323310
2331120321031
3233133233310
3231333312213
2321332131223
2303201212232
2322223311333
2302211310331
2320222300310
2322032233332
3331131030132
2320020223110
2322202223321
2322322003233
2322021232133
2232100023213
2332213001113
2332110020333
3311020122132
3313302131103
2333101223130
2333111301301
2333131212223
2330213311230
2331201221123
2331302311313
2332311230023
2232312232302
2203231302230
2230233213313
2232133211300
3220121332213
2223333211031
2223031131111
2231212021203
2323132120030
2332101013322
3320102103220
3322102133333
3331301230001
2301300210011
2301201102111
2321010022011
2321111010321
2201010101201
3231123001202
2322000110001
2323312122102
2313331021102
2322030121312
2333323213212
2303233321021
3213333320201
3213332111211
3231331320003
3200233212233
3210202123123
3210102301103
3212133001003
3231101330010
3231111002301
3211000230131
3230030223011
3202020012301
3201323023300
3203311120000
2232013031212
3310020312320
3200301332220
3221330300230
3231310132221
3221323301031
3220203031101
3213202003012
3221133202100
3202133210220
3231130210123
3301000220233
3332130001223
3330323011231
2332303130122
3232331010012
3213231231101
2321210323121
2332031031231
3300100213301
2323220132201
2332232133101
3331020330113
3301301303113
3321013103303
3221100100303
3232001123111
3320031132013
3221001212203
3212300322100
3203003132231
3202301302333
3223312001131
3223111223031
3222100020232
3220113331310
3221033131130
3230032211201
3232120322133
3221202220223
2321122102002
3221220231201
3301122102221
3331100300121
3331032100302
3333030312121
3301303121223
3310213221303
3300232222302
3230311213213
3330101021113
3202300213113
3130201101301
3230200233002
3202110310022
3201201021122
2322010102120
3222013312003
3220131000102
3210030101320
3220011310300
3123030121300
3220033021112
3220132333012
3221213213232
3223132323233
3223333133123
3220310233020
3222213123223
3212231321123
3222211111033
3221231012330
3201220113130
3022302011320
3223012313201
3210023310001
3200320010312
3201022310100
3231020131032
3231202311230
3213102311322
3203321111313
3220323211013
3323020231013
3232003301221
3223020100222
3222132113021
3222122101100
3223202210330
3232312020100
3120321130030
3233213312332
3232031232032
3203112022330
3220012023210
3230121123030
3210321100231
3220231102312
3323030223132
3331330220222
3023102120002
3233302122003
3323033230212
3332233110313
3332001002200
3330201203133
3300200031321
3222010301323
3322301311233
3232220100113
3232322201333
3202222321021
3232022303123
3202312233222
3322302232203
3212323032222
3320321022322
3202330032320
3323302322221
3213220122320
3323320123323
3312331323322
3332302303210
3323002100201
3232303203031
3330312321222
3312002013021
3033200011301
3323100331331
3233120302201
3203101303301
3230221301010
3330021331311
3301221013311
3333321103110
3303311001311
3302331132101
3332113311101
3320212013111
3322323300211
3320220330222
3302221133220
3310300113132
3311031231313
3300310220120
3313122213201
3233211320122
3323222032023
3323101220111
3301211232122
3332211031021
3332311302011
3322111002222
3330211211012
3332110232131
0332233021212
3320223323102
3321120322010
3330110012102
3310123222110
3301131223210
3333121202020
3313233212310
3303230010213
3303213020301
3302210123003
3330232101330
3323210101230
3313210312112
3302001211122
3323011311120
3322313121022
3333201323002
3132121120120
3321201312212
3332121222312
3302122112000
3333223122100
3330131010200
3320103012000
3322232320000
3322330231300
3322233301130
