--- Global Parameters ---
Code Length:			13
Min Codebook Edit Distance:	5

Max Run:			4
Min GC Content:			0
Max GC Content:			0

Using Generation Method: LinearCode (minHD=4)
Bias vector: [0, 0, 0, 1, 1, 0, 0, 0, 1, 1, 0, 3, 3]
Row permutation: [6, 4, 2, 0, 1, 5, 3, 7]
Column permutation: [0, 2, 7, 6, 3, 12, 5, 8, 10, 1, 9, 4, 11]

--- Results Summary ---
Number of Candidates:		63752
Number of Ones in Matrix:	10009890
Number of Code Words:		2494

--- Performance Metrics ---
Number of Threads:		32
Candidate Generation Time:	0.04	seconds
Fill Adjacency List Time:	14.87	seconds
Process Matrix Time:		9.33	seconds
Overall Execution Time:		24.26	seconds
=========================================== 
1112220003333
2000033330333
0000302000033
3330333111122
3033331111311
3333222322111
3333122111101
3333233311002
1111222001113
1112223222203
2333311333222
2222113333222
3333111133233
3333131130002
3331112322223
3331033302222
3333120002221
3333001022220
0333323312222
3330133330332
3330011333313
3330111022333
3333010011333
3300002222133
3000100022220
3333100001010
3333003333010
3330000300200
3331000023330
3332221123331
3332122333301
3330222233011
3333133023322
3330332223332
3332333323112
3322233323333
3330213203333
3331111200133
3331110033013
3332200111130
3332111311033
3333002100130
3333113020113
3331222011211
3331123110011
3330123332211
3330021130111
3333021021011
3333212121313
3333221200201
3332213332123
0333133131111
3311113231111
3313111011131
3331120331121
3331133211312
3333102310220
3330302222020
3333032202002
3333200232000
3330012211003
3331310111023
1333222211123
3332001200020
3333023132331
2333300003111
3331201233110
3332100223210
3332103301100
1333302200112
1333300111322
2333020233330
3233332133303
1333022333113
3133302233222
3332233230022
3330233002012
1133330212222
3332311233003
3332201322010
3332313122233
1333112221331
3233330222133
1333121001113
3331230001322
3133111330311
3331321323211
3331302303000
1333132222100
3313333221100
3323023322200
3313331332220
1330333220000
1333210000331
3303111102220
3301110002000
3331301122130
2332222323000
3313322111233
3332210210233
0333220222332
3033302331133
3033301110003
0333222331012
0333320133312
1333303033032
3332232003102
0333030001001
0333020003122
0333301000223
0332000020003
3313320200003
3133322230013
1332222033323
3332320203321
3232330000333
3323331000013
3033310220330
3311222230333
0333312223230
3303311222300
3233321112200
2333201222231
2333110220222
2333133200033
2333230010003
0333110111300
0333311301120
0333231112001
0333112002020
0333113330230
0333303311013
1333031110100
1333313130221
1333311023101
1333000223002
1333021112023
1332111222001
1333101002322
1332301100002
3233211000022
1333033003220
1332333311210
1330331333320
1332300333122
1330002221222
1333223022003
3233113221022
2233131112222
2233330001222
2333222101200
3332231121212
2333323221210
2033313222111
2333312112312
1233331122021
3133311010231
3033313001200
2332333001133
3131311222201
2333023311020
2333101011221
1133332301102
1333201132112
1233310011110
3323322021110
3323221212220
3332023211201
3323302220231
3332323321031
3232333221203
2333032223203
3330313310203
3312333300120
3032223331222
3232222002000
3130333312000
3232321330000
3230011132222
3033021320222
3313232000220
3303322002122
0332222012122
0333121121022
0332213022200
0133111222122
0033332222012
0233033322220
0331333320221
0330232222031
1303330222203
3303303232233
3233230032223
3233031121223
2332233211223
3323231113123
1303333003333
3303332101331
3323313011232
3232233031113
3322331121033
2330331221113
3313032122210
2331333312123
3331232310112
3300333322021
3130033222230
3003321122221
3300033212211
3233303002311
3033030010111
0330333003311
0332332002201
3321100122221
1333010320211
1332030000110
2333021000210
3030331000211
3031333230001
3321222300010
3231122221220
0233332120200
0033330331332
3223333110312
3032221222102
0333031232121
1330312212201
1330300202332
0303331333302
3323300131001
3132310001111
3323203100221
3233032003133
3222230000112
3302232032111
3322200103111
1332203001122
1332211011011
2330300112011
1331310022011
3213333020031
3131033000030
3233130300103
3323320330320
3133201101222
3330032010322
3322230102203
3312222022013
2333203133001
2333131313313
3233301313121
3322022333120
2332230333133
2330333130323
2223333131113
3321333123213
3322131201113
3331031013012
3323011331102
3323103030011
3330020303031
3300020332022
3300030033321
3302233300301
3030233303221
3303023103322
3302221112322
3302222030032
3321111313222
3311102000112
3311110010021
3313102232122
3323010003312
3310300011112
3313300302102
3303003001223
3320000110331
3113330001002
3311100311322
3310002133332
3233110303332
3233312130132
3323112201012
2333011203012
3300322311132
3003330313222
3303233023231
3321030333223
3323133031303
3033103323203
3302133133311
3311133232320
3113332112322
3311323011013
3311123133023
3313122033203
3312033032200
3300021000232
3300103300033
3300200110003
3311000101032
3310031111000
3310123311223
3310220000123
3312100200222
3133210033001
3232200310001
3233000212321
3323001232311
3300230111311
3303103112313
0330000111213
3300012220010
3300011001120
3310011112231
3301330022131
3311011330031
0133000100011
3232000030121
3321200012011
1133000020120
3311001332112
3311302320032
3213321333322
2333210013232
3233223013320
3222303333200
3322302301211
3222203022220
3322202212321
3322010221112
3222300211110
3322000322301
3131302100122
0331323021122
3221333322322
3220330022232
3000232000022
3122333033321
3322311023132
3312301111332
3313203131232
3313030031130
3131330012110
3313001203302
0323330022120
0233310333131
3312203010212
3322121100210
3032230112231
1033000122231
3131220002233
3301020110222
1331000312212
3131000220212
3130003223122
3032000332333
3320033132003
3132002222032
3033020012032
3132200213322
3133102113302
1233200001233
1330320003013
3302200223303
3302001033123
3320211100122
3131211133221
3310133313300
3303211032010
3303012133000
3030113331110
3301111330210
3313212102321
3231101102211
3310111203211
3301031220111
3030003022013
3300310302230
2330022330220
3230223102220
2330031113233
2330211133302
3232302112301
3321302113131
3301131131131
3310313131321
3230303113211
3211333313331
3113303023330
1330020331333
3023331103330
3123031333301
3230103233331
3232102232221
3032032022211
3031332003121
3230100012201
1330230013330
1330133100120
2033320002333
1233003302333
2332003233231
2331003021111
2330000321001
2133100223333
3030320033302
2331002212031
1331132111200
3031132121111
3213332213111
2233322011311
3031113113310
1223330000300
3230200221211
3310020122113
3300102133113
3300213131100
3011133331003
3301112111320
3302110113100
3033211203100
3320122113310
3320112112002
3230022213330
3302322123102
3231222113100
3031221131112
3232210011302
3301311010330
3311331203030
2333122031030
2331020001300
3220002000030
3312130003020
3321123003300
0303320003031
3312221100303
3033201300313
3300120122332
3000012323333
2330232210333
0331230113111
3032201221333
3322012332232
3232013312202
3130013320331
1332003220332
3030323212232
2331301103331
2331121220020
3301102210023
2331101322121
2332310322102
1303013332222
3321313120022
3031321022022
2323332200322
3222332202212
3111302022220
3123310033220
3311230220200
3111131122122
3111033221112
1333123310323
3033131231231
3033011123020
3023313310001
3013311030222
3133012301131
3133122312023
2331113130102
1331101331022
3312003231002
3232020033310
3133202023132
3113033013122
3130203301112
3320031021323
3322132020023
3312032201320
3223030300322
3230130013113
3003010321113
1033002031111
2133000033023
1330011200321
3113001101110
3302032110121
3103001113131
3100300200011
3130220220033
3111122002311
3023111220021
3110100330000
1133322202311
1033332203213
3103331220103
1332332122330
1133321320001
3111121120001
3321120121010
3312233213010
2322330333312
2232331313322
2332321213110
1133232111212
3113302311120
2133030331111
1300333112233
3120330121111
3123330232101
3312310221001
3310130231010
3032302210113
0330310221010
3003102222110
3000122231111
3003222210221
3032322312012
3003322303311
0033321203111
3003300011310
3000023111101
3211130111101
3132212203211
3030301203013
0331101211113
0331013312110
0323333203010
0113332000111
3123032211011
3131322103313
0330321211332
0233302121112
3223312122113
2233023110111
0332233223121
0331132233221
0133332023123
2033323120023
0333101320303
3130231011030
2133302010133
2033121111333
0331000232323
0331032023131
3131303232332
2313330322011
3211133033211
2303330330030
0233133033200
3231323130330
0330033230301
0331310003210
0300233323322
0233001331122
2131333111001
3213233331011
3120033331121
2313321311102
0332301121203
3113320102211
1113302020002
3103303130021
3113123300021
3131323231103
2313302331313
2033000232112
3102333313133
3010333233323
3110033300132
3000033113022
3220333203302
3010330311033
1330323121303
1033323133120
0030332333112
3030313213120
0033113233113
0330302330213
0033001033330
3100330003213
3203323131203
3231233120013
3012333001313
3103230203333
3003231330012
3000231221112
3100233133303
3001332331312
3000311331213
3100313320222
0300030020222
3101333202033
3123301202223
3031001212203
3003011112033
3230032112033
3103233321023
0033313113033
0303013111133
3101331113203
3111311300103
3013031301333
0133231311123
3121311331110
3111011133113
3110310113333
1033132123333
0033232133032
0133032113313
3113311231313
3112233111202
1303311012112
1330213033121
1330001303132
3030021231322
1330102332312
1130323322221
1133323031231
3123323312332
1133313232033
3223113332333
1133113112113
0023311311112
0323113322211
3013013310112
2313132111211
3003132223202
3100012122202
2313033330131
0313033302233
0311133320113
0131333123303
3031003103033
2311330011311
1133111203323
1331021221323
0331321132202
3000111213223
0330021022322
3232113102112
3101000013311
3000203333120
1313020001311
2330213222132
0331203030113
0233232231220
3220030211222
3000330101102
3200333123110
1303303301201
3222031113112
3223211311223
3222211133023
3222232311322
3003111001103
0033002111020
3000200211230
2303320332113
2300333202110
0303300202310
0033022112211
0003330201011
0330130201121
3023000201332
0033033020032
0133301302031
0233013321011
1230233330111
0302333301002
0323302332002
3032010231120
1300233302123
1303033133103
3130122203123
2301333323130
2323012333323
1330122133033
0301332221132
2230133312112
2033231221130
0003233331101
0002333000231
3200332211300
3200323222213
3220323300111
1332232332020
0332122320202
0330323100102
0332303230033
0133323010030
0233300230322
0233100011132
0303133001232
0303323121321
3000323021331
0001333111331
3031020321332
3013003011211
3010001211121
3000032320102
3020002302222
3100001301211
1300001332121
1133002133200
1133100331100
1313103033300
3111303211300
3001130300002
1313030300012
3002013322223
0000303332223
1030032222123
3023023221123
3200110322111
3032031100101
0300311122213
0302230231112
1300003023311
0001332322211
0300003301330
3030130210031
1233031311031
3203310210311
3202211110011
3202110011211
3203133110020
0033130110122
0300330110012
1030332011133
0031332010022
1311133200022
1031333101123
1003331310110
3302120211032
0233201110332
0032320111011
0303222300001
0303112231123
0032313331233
0023333102223
0031313022223
0032331221322
0031033111222
0302332132122
1312133311122
3102303312221
0313133013213
0313313132012
1313131121332
0032232311232
0320330331130
3022323133113
3011330133233
3123232131131
0031223332111
0033122001321
0031130322112
3022213322111
3132211321101
0331120120132
3131101203022
0331222103022
3130101322002
3023222233213
3031212210000
3310213220301
3120133222011
0330213113010
3301212322330
3312121030133
0331103100323
0130003331311
0301323313311
0130033033223
0030023133011
0133130012233
0130302133331
0013323333203
1133130330212
1032330330223
1322333303231
1323133102331
2323321320111
2033113300121
2322123331111
3312212320121
3011103330311
1113310333311
1013333013301
3132223130313
0003223333022
1132332220122
0003323022002
0013302002222
2033022021223
2033011102221
0003303021233
0000331321121
0203332111213
0203333223003
0020303311211
3023132301100
3203013303101
3031013202330
3010323330130
3011322220120
0301013222233
0303210212033
0030310322333
3003131002332
3001113122303
3011302223311
0030322331031
3230212330012
3113213330233
2130003000233
1131333003232
3013102331201
3203211233121
0313100233031
1300300031231
3003002032200
3002203101110
0000300113313
0300322001211
0303002221200
0030002000120
3002030001212
3021300002202
0300222211101
1313323310011
2003303310311
0003310303110
0003021001112
0003322310212
0000223222122
0000233220001
1003223312223
1303102313131
3020013133221
0300031312032
3030210323030
3200003012032
3201003331102
3200311033001
0233110013011
0323312033301
0233112100331
0303121110031
0233223303003
0223332330331
2303312022031
3023213001021
3022330310100
2323132322312
1323032222321
0313203122331
0033203200130
3222322200331
3202332023330
2033132233010
3232101013311
0031310100133
3112110100113
3013201323321
3012200233331
3112221202111
3201322233133
3203123211323
3013232103103
3232031303023
3203100033022
2033203030322
2030323332303
2311233323311
2033033012330
3002023323131
2233111010323
3113113103223
3132023012323
3002022011321
3112313203013
0310311332322
0301313312003
3132132132300
1310330321322
3000221223031
0030111231333
0131111010112
0133213300302
3101213011112
3001132011232
3112132010002
3211033120321
3201113321221
3212232122221
3112223113321
3110122123331
3111221313011
0322111310111
3021310101011
0132211233332
0131010033322
0301103333220
0331010230200
0032130031102
1233213323110
2320030031112
3213023211102
3123221110032
3213021100332
1322223111002
3221331231002
0203313321102
0213233322112
0123033332212
3112330322132
0203311232222
2322233302132
0321200001112
2003313312232
0113330311321
1231331211321
3123123133122
3101310323112
0310030331023
2331212233212
3123121222312
3122122221022
3002212231223
3222132122332
2322331100232
2233301332320
2133311130300
2233122133321
3220322133031
3120322232202
0323212223011
0233210220001
3023202230022
3102312220002
3013221122000
2232122311121
1232022211112
2131133231121
1311313321223
3121131311021
0231322211023
3211331002101
1321033322101
1030313122002
1033011313232
2103330133112
3031201132323
3201301213322
2030303133022
1103233313321
2132332233021
1300302320001
1300310330132
3100010233032
1303131230133
1130303321010
1233232210021
1323312210010
1321332021211
1213312222022
1313302223120
1103133223111
1310323201111
0310302212111
2030012232211
2033111213201
2032313000311
2233321230221
0231102330222
2303211112121
3223122302011
2130332001011
2131131120311
3221322311231
2233022323031
2203332321001
2133232300201
1322233012211
1132222331131
0132000322211
2131030002211
3121113300200
3130232230100
0131323222000
2133012221000
2313111131000
2311133110301
2313313100310
0321131303110
1313102301110
2133112332130
2331132102303
2133103301023
2233210111123
2303101121102
0311312032232
3011012012222
2013331113122
2103133331322
2131113333020
3232112230302
2133222302322
2232232223232
2231333210232
1302332113323
1102333022011
3100031102013
1300032013033
2332101130201
1323320302022
2303100312022
2030300011332
2131322221332
2030002230332
2303030200200
2230331020022
2133320203202
3110331020202
3203200200032
2203331100131
3203220001313
2323220202011
2313231301221
2310123330022
2113312332202
1132233203312
1203332130012
2303221210013
1303232020103
0330202120103
1303101132001
1232322321322
2230032331322
2230330213102
2303201213222
2313021023222
2311322001222
3113223032301
1331210232301
1323202002223
1313010303223
1033123213000
3103003202301
0313320213100
3103222312130
3012222323220
0300001010100
3203230102100
3032110021230
3201332132230
2313301213003
3101032303233
3230131321303
3013210013012
1033213021302
0131310301002
1332023223103
1132210322233
1131013332323
2123333032230
3113210212123
1130021002111
3011231312113
2113311210112
2301131312220
2210333312220
2302233220230
3210223222032
3110022333021
0113322103302
3011112101312
0031232200332
1131233110302
3001232121002
3101123322120
3211222332022
3212322033232
3112112211323
3211022210012
3211002213223
3202022212203
3020223111233
3021222001223
1032211112332
1033222110310
1313211012333
0312231111323
3111312121033
3111232031332
1113323113133
1131310221133
1313013122313
1323100322113
1011333122111
1012331322221
3121231221211
3012113322002
1131232323222
1311231322202
1113131322210
1231033232231
1202333323222
2102333130222
3102011232122
3102111022232
3113012322103
3111103131220
3001201301220
3010312300212
0133122200210
1130132233302
1312232210322
3121323021032
1121332222333
1113320332003
1113331200220
1103323000222
1303123123220
2330123212320
3001222123121
1312220200211
2130120032222
2313013232030
3013021303210
3113200113220
1301323130000
1113230021100
1111332213320
1311302312330
1131112113003
0231131110000
0113313230200
0003111311220
1311301230020
1111331331030
1112333131300
1311213131133
1113301102312
1113232330330
1123233033133
1123332111033
2112233332113
3111202333200
1311223233001
1311132033102
0131321331320
3011223203310
3201122311103
1321223303322
1013322323032
1013220222112
1003312330301
1000332323300
1033022032320
1303220333210
1003323201313
0031213131313
3012132112313
0301121223331
0322313123311
2300330023020
2003300131221
3021201322212
0321302203212
0232132220030
0002123322232
1303213210212
1233121103202
3021331032120
0213303331000
0313121300100
0132322100020
0132222310330
0312222031110
0313022133230
3012321213330
0303202101320
0321330113330
0321032332330
0032002333220
0032210003233
1322000211333
0302003133300
3001102313300
3010120132300
3211013321000
3001200033030
0003312012320
0113233221231
0113221132122
0110323320012
2132023330302
1120232311113
1130121111021
1030122232200
0311232122133
0030212223213
1113212232231
1030210113222
1132110111223
0301232031222
0120133231112
0130223311220
0102133323330
3102221311200
3102123233020
3100221022100
3100022321000
3120312031000
1300222331030
1031023330010
0322213333001
1323013113300
3212013133320
3210311322200
1302221223200
1300220222310
1302122231320
3002200320020
1110330122200
1111233032000
1131122310201
1101132222001
3001123220231
1301301121221
3101103123201
0313200303201
0130132212103
0312013220022
1111221220023
1131123123321
1030301033201
1131032102032
1213033221323
1210331111223
0213031111312
3020103321012
0131121213310
1311320101001
1311020332011
1031300321301
1320031211131
0113131101101
3010030221203
3110320211201
3020233012020
0123031221132
0011313001211
0003113000010
3011030003003
3001300120100
1003133321200
1011132332331
1031111230222
1311110220233
1111323022323
3211112203100
3213112130200
0111131333131
0110233033111
2111330212233
0211133222202
0110330002331
3110121302201
0031123101101
1102132333101
1302213133322
1100333210021
1300201210111
0111330220131
0023322232110
0011332231100
0311230233303
0112322220232
0012333210300
0131110223032
1121310332222
3102110310022
3012211103002
3100123100320
1012313333000
1312312201313
0032031113002
0122331331012
1113211310121
2332021121230
3122112220330
3100021203310
1231113223200
0311123021210
3122110333010
3110222013101
2113220333300
2322232131012
3201202323232
2220333323233
1132130112012
1032322023130
2213332232310
1032321101220
3023121023223
1321111321120
1321121122322
1111211221331
1312321120201
0132331020213
0030301012000
0032110133003
1000031133330
2031033220300
1320313231210
0310320302000
3220303202010
2303200020302
2321033230332
2300301013302
2302330211010
2302310212221
0323221102103
0322232301200
0323020312323
3123013120030
0322033111020
1023303221110
0031303121030
1013300031033
1011330303021
0311110300302
1031121033020
2311223220102
2312232100001
3221201020000
1301110232212
0320301002032
0321222313113
2031023323113
1030203231101
1230203133313
3123001031233
0202332333013
1302111213012
3001020211011
3102021130010
1320233123001
0230230233000
3122312302300
1231313301230
0101330030000
0010330100020
2030013100001
3000121010021
3020221200003
3002112301013
0300111303003
1200133330002
0213130330032
0203030033033
3010113110032
3012230232023
0012330332010
0012331101130
0030101233210
0001312220310
3103120230310
0103231023310
3200132030110
2310312222330
2001323222330
0013132020230
0013322001013
0302312030023
1002322210033
1203321212331
0103032122300
1300321102300
0100032330020
0200033101113
0000313231030
3120311210130
1310302130130
1110302232322
2111301222111
2311030222301
0000132123311
0000232013121
0100322202333
3101230130033
0102233213100
0232122121333
0102311113301
0231213233101
1110111133301
1110313102011
1113201213332
3022230203030
0132220001100
0131002122121
0231002223312
0202330022223
0022332012233
0020331001333
0312311001022
0323101130232
0310113000212
0230100100032
0300210000313
0310230011103
0310101111011
0300211233233
0001002213333
0000221133312
1013021133002
1113022210223
1112222110013
0030201303020
1113001331302
0200232311333
0002231303201
1132022110321
1310223110131
1000221211333
0231023112333
0111310223300
3111201112330
3212310323310
3202321002233
2032321310233
3020021322033
3120103223303
1320130333031
0201310233332
1032000300031
1210330223033
1130311032303
1132031232002
0032013201003
0302113022313
0302032002312
0320320030233
0301021330201
1001313230121
3011203002031
3200122032033
0312132103203
0322123000033
0013022232003
0012320033313
2311201033233
0110112333030
0013110332231
0013112023001
3020111032301
0320110311001
0230102211202
0011113123221
0111301113033
1130211222013
0311203211031
0003001200233
0000102122003
0002000211113
0301200220030
3010122021020
0311032000103
3011002010301
0020330232213
0020031131103
0030011021023
0103000131002
0001300032333
0002301013133
0002023033212
0130120303300
3020012300301
1103301011003
1310310120003
0010310301301
1310103221020
0123310323103
0012312222101
0013212113231
0301222132031
0011121332033
0031211220123
3110011210023
3203021013023
0300120030101
0000110033200
2130130030301
0000123011132
0031102032030
0100110131111
0230011222101
0311001123101
0130012100312
0100312203021
0200303131301
0312301300321
0203013013222
0001130010321
0021100133331
0023101033111
0321110032131
0011210030031
0212311103333
0113111102330
0010131310200
0310212101012
0321001310002
0231013113021
1131100002200
1031100100111
1031020111120
1003010111301
3010210102112
0010211322131
0101113231001
1001113110001
0000211132000
0002213312020
0010203332002
3220122011001
3120110000310
3222310110213
0201331003023
0011320122213
0030120102231
0011011022301
0023301212301
0132302301301
2022333312321
0011012100011
0011010211221
3020110201221
0001100312213
0021311123122
0320122001123
0001220023302
0010301233122
0013203223102
0023210332322
0203001003311
2203301303333
3002020102001
0002011020110
0012011331311
1011010133200
0312121122300
0111222020312
1100322120312
2113123220110
0211121131111
0011122210323
2031122201013
0022133303323
3202213003331
3022103012312
0012221313303
0002220132202
0001122303032
0020111322022
0102301111222
0101321102223
1023231123232
0223311112030
0232231131330
2003221313330
2031212330131
0010121213013
0021122221330
0021322303300
0022323322100
0322321130013
0002221200012
0000213021320
0011003230322
0012003321222
3112000312320
0113001013323
0013230003320
2001332211223
0001032212021
0111303000313
0010023312133
0203321031020
1233211230230
1000232230230
1003003130202
2003132202003
2031032013220
2031012111321
2003103232321
0021323130220
0132201330121
0102302330312
0100103312102
0100301323212
0123230130022
1113100110022
1000100111212
0230113020201
0112013122230
1120311222232
0101131220220
0032020223331
0102202223222
1102222300122
1020133011222
0223133021221
0122132133222
0121133013312
1011230113331
1321323012302
1012332103311
0203203230111
1312011213233
1000132003220
1001033202210
1000030201120
1011012222030
1031221200030
1311201020330
1302011102032
1131001120300
1011321231202
1031212121122
0022112331122
0110120221002
0111221201222
0112123131322
0110320101122
0011102213112
2011133211132
1103112013200
1032110013132
1023131013002
0022312011002
0011203110202
0110023113002
2310022111302
1013023020322
0010102130022
0100200300022
0002002100323
1003001023122
0021030120223
0021203323301
0112133230021
0321212011021
0132123211130
1110132113110
1103012203110
0021301020331
0022300001131
0100230002110
0312020000200
0211300322100
0113000220203
0012100013222
1003102012302
0001210321230
0101023323223
0010020230223
1301000020021
0111000311013
1111023310003
1001013300311
1001111003321
1000301200302
1010313000300
1010311113020
1101321321132
1103002300303
1101312000020
1002310001221
1103003032113
1131202322130
1310202320220
1210313203222
1310023032101
0100010022021
1110110300221
1001130130210
2011131302212
2300211003021
1102330100301
0100120332313
0110010232110
0123102112220
0100011310231
2032211303321
1323212303120
2301213130011
0020123230010
1000103033102
1100023322332
1201331220332
1100032311221
1100123132022
1000023123203
0112232331221
2300223010323
2001213033332
1201032333122
1012120233302
1301121202130
1013011231130
2011112223333
1100111323230
0100213123031
1021310133313
0101221011313
0002202321133
0012020301033
0012001030012
0112003223133
0100022031323
0103023010123
1010103322303
1111003212102
1111203033312
1011002220113
0010120020133
1103202121113
1012303331123
1101310311210
0102320123023
0112021232312
0010101012332
2031101023312
1010001223223
1010120100002
1010122013322
0200123313320
1231220331302
1101222112202
1231320121012
1100021231012
0110202003233
3210200202223
0010212200221
1100302022213
2110031333323
1010201103303
1100200123333
1101220203032
0101030302320
0111102012023
1110120301133
2011313033113
3201112013031
3123020102302
0111211002020
0112113332120
0121311322013
0203113203132
1012130231221
0101013021311
1110201302232
1123020130000
1101110031330
2110331100333
3213201120203
1100013020200
1110231303120
1102013111010
1110002001332
1011022021232
1130220313001
0123120103001
1112002130122
1110031023000
1013210120020
1103211100010
2132313102000
0112210320000
0112203301103
0123001123000
1010012101100
1010020310312
0120233103232
1123231322303
2131231313301
1121031133033
1312211331203
0322203032302
0212033022322
0211032102212
1112033302310
1312101302220
2112222002220
0012230221120
0312202230231
0322220210003
0022221223020
1230023210002
3102100213231
1002132132030
1020301223330
3220023230321
3123200320323
3121101310333
3122100331133
0121003303020
2031230321310
0211323203021
1120323033020
1002020233123
3212131130301
1000200021022
1020332201002
1012322000102
1013000101203
2013032101002
1132312021203
2003212331002
1023222003001
3120231003011
1232330032031
2132323200132
0210022223201
0020002210011
0320112202321
0322210211311
3220230131302
0200023103030
1210022202000
1230113001000
1322011121000
1102021003022
1021301100200
1102032123211
2100323003111
3102102300111
1000210320321
1002110220031
1100100310323
0001121122102
2000320221000
0201123232300
2001122230000
0201131121013
0121112021113
1132011330103
1011103001233
2301320100123
3210103113123
1101100132123
0120310131223
1020310210223
0220312222000
2231302022000
2313001020013
3122103110003
1012302102003
1021321103031
1122131030333
1101200002313
1312013300113
0123010110113
0120012112333
0122113101023
1012131002301
1121213202332
2011310111203
1001212011201
1002220113003
3121203232113
1211322110030
1230222000222
1203021120011
3120022001212
1302100123321
1112110132211
1023121110211
1312123010221
1121112303132
1123010232132
3122000121223
1320301122103
0230030012210
1201111200203
0102100200332
0012101220302
1320102320333
1211020230300
0121301221200
0120011333203
0123203310200
1203112312033
1023213132013
1023113200333
1321310030030
1121130011133
1120113312212
1121011130202
3122011310220
1213221313220
1032203102201
0022203131021
0222031100011
0220330130001
2031000101212
2310001131113
1210212123232
1122211002002
1132101221110
3121212003110
3121030031031
1102030030131
2032103021132
1010230032311
1200321303231
1120022132220
1020022333311
0230220132303
2100030112222
1210000312111
0232021312003
1320221032202
2013212323023
2112321330220
2110332321203
0210313121203
2003031130003
1200311100033
0200131202123
0200310312312
0200011213112
1320121201212
1200122202221
1102001101123
2302030321220
0203200011021
0200001211031
0201201111201
2002331121213
0102110303121
0021003102111
2000303102031
2010033322312
2011002332320
2011303130300
0200203022231
1230120023332
0211000010220
3212210230220
2111313232022
1211311132302
1213111020212
1211113002322
1201231131312
0202310021012
1120310011312
1203120301331
1123103003321
0221300111003
3213100021003
2301020232203
1230001102003
1200010203323
2100003332000
1210223311000
1213120111200
2103231011012
2103230323202
0212130112232
0201110012122
1231012002120
2130112021120
2323101300020
2010301300110
1213031130113
0210003013110
1023200113110
0212313010013
1023012322233
1122302233211
1200230223212
0201300231211
1230221122132
1201320213221
2300131233200
2100001221320
2010002213300
1202131312132
1002121311023
1020113113323
1022111333303
1020013303033
1321202230213
1012010220210
1111012023101
2113110000332
2012133300032
2101132033012
1211030131003
1320210301300
1020230003302
1023000332300
1322003030203
1322020010012
1320201031033
1102211021030
2131001032133
2103110311133
2000113321302
2300110300331
2010130212202
2000231002203
2032133020220
2003012213032
2103212233313
2101321332031
0120100011330
1213012011032
3210212111130
0201223302130
0022130221033
1020221131121
0121220003311
0213220000231
1120200203121
1120001013301
0120222332231
0122322013331
2010122303001
0211223112001
2130230100131
2030220101033
2103203103020
3220110103033
0022101112131
0122220112211
1211021102110
3211021031122
2111011112312
1121103231311
1122033131213
1121002010031
1023021201231
0121322201011
0122120321201
1021210323003
0022121313210
0122231121302
0121020121321
1221313313211
1220233322130
1203300220130
1202330201132
0120303110320
1203022002301
0120223000021
0203212100222
0022211020222
0022320200210
0022000232121
0202001320221
2001003113221
2200033133211
0202130302303
2000100201131
0213121202211
0221231032211
2011321020211
2002302002211
2111302003021
2110300233231
1213000203011
1211100320001
1210003133021
0223013030210
0210222103321
2300212121331
3200201122012
0200321120120
2002010023222
2000011123002
3221000133000
0222231220131
1022333200112
0221321321312
1212332300233
1201230302232
2112303220331
1022301312120
1312202112210
2013302030120
0203022320320
0202032203223
2000332132313
2101013211103
0020221011010
2012302111100
2012332110212
2110323011130
2300121132103
1200120113011
2103022013211
2300022002013
1200102201010
2003220120210
2002202313231
2020131313111
2000200331301
0222302113223
0122022123101
3222130233102
1022230330002
0202113120002
2032201301202
0212002012000
0212201113010
2302032030010
3122020320102
1120023200030
1212323232010
1021222132211
1021121223111
1212012332102
2021331112011
0221332102301
2020330002001
1202123302001
2232230132002
2213130100220
2111223023020
1123220210120
1021203001320
1020210000133
0210210110023
2001210111022
1120222010210
1121122001000
1122230232313
2112002022311
2010021233111
2013221200021
2100122110111
2100211301233
2010113131233
2200233312001
2100102311230
2310110213020
2101110123103
2101312310303
2112311331132
2110201210001
3211010100130
2011011010003
0221101002003
2112031000023
2011203320010
0120200323010
1202203330330
1223303123302
1223302310222
0221022333232
1122202122231
1022031322332
1212300212201
2311003301303
2131011030010
1212102120331
0210103203200
0211100103310
0220010003000
0202320020300
1022200032130
0223103020133
0223211001100
2302201130312
2100020011031
2132000310113
1232100010023
1322300123013
1021011032113
1223310102201
1220311321111
1232230121101
0220230221021
1210202222131
1021220021131
2132001123033
1232002313013
2110131220213
1222313101131
2132031320231
2322021133211
2302021011113
1222131331100
2200031222021
2001031203303
2201032221311
2231012213133
2102001112020
0220201112123
1221201311122
0212032310132
2131120311312
1211001101321
1120101100231
1220001110022
0220103131033
1022201201010
2302010120101
2012201120320
2113201002321
1223012020021
1223211121031
1221012212011
1122321213000
1222233213320
2002332003103
1202110023113
2100302031310
1220010123131
2111103312131
2110120312030
2210030300300
2310100112323
2231113032213
2111231132223
2110233001213
2111023202230
0211013031323
2230303231230
1222003132112
2122013121121
2023011312310
2023110133030
2021313200010
1220212112221
2002222112110
1022102213130
1222100103332
0223220031222
0222201023333
2023202013333
2010210123313
0220022212212
0220023021332
2203223201022
0220001030113
2010200020100
2102130031232
1221030203230
2120031302330
0221221030332
2112210312302
1211212200302
1221233100330
2213233013030
2113321013310
2211331122030
2233001101330
2102031113332
2020322311312
2002013101132
2210301103032
2120000130102
2221013133302
1221100012232
3212300220103
2011230001102
2012021001121
2232321012021
2123010122211
2123001313212
2123030121020
2120032123200
2323001011000
2123302002112
1223100220202
2231220322201
2022220321022
2022223203332
2020223130032
2230102223100
2230002033210
2002120333110
0220222033002
2232022000101
2121321311003
2112130221303
3221221122101
2020231223321
2120231022210
2011102221210
1212122022230
2200012202230
2233200210220
2232000011320
2232130301012
2213101332012
2210011130011
2121311013131
2211130031030
2210013023331
2201330101021
2202130132111
2211112121121
2110221213230
2021131232131
2211310312321
2121133021010
2121113022221
2123310311201
2210211311201
1221123032023
2210123232333
3222113213313
1221021331013
1221321201223
2203213200330
1222130102020
3220120102321
1220130231320
2201311331330
2320213331223
0220220120322
2201023010312
2120112330321
2012013210333
2012220310031
2111201331021
2122010300011
2122213201001
2112102232001
2201010032020
2022210122220
2322201311230
0222110223230
2230100132330
2322013322003
2122130012200
0222012322310
2122003220222
2322000303100
2102200302200
2302210002131
1222113320321
2112101310311
1222011023311
3222120330311
2232220233301
2312210010110
2320130320132
2020110022130
2213110301101
2213012002131
2211033101120
2230312101103
2213031321100
2213003130312
2213322133013
2230121203311
2232011022233
2012211023133
3221022023111
2122201013022
2120102031022
1221003023012
2121120202003
2121220130323
2121001020112
2101212001323
2211121002123
2212230313120
2022310031310
2132201203113
2122332023110
2200111130230
2203113330100
2210232133100
2201300302223
2023003203113
2020103300213
2221332031333
0222102031213
2223002332221
2020013310130
2220010332122
2223013301332
2220033110223
2022202330203
3220210033203
2121203011202
2223113212202
2210302021322
2201120223022
1223202203312
2212110123301
2002121001300
2022132201321
2212212203031
2122122002333
1221221110203
2231213102023
2212320101313
2202220202312
2210213202121
2320022021021
2120121011233
2223330013203
1222020112303
0221020220112
2023102220323
2202301222313
2200021321232
2211002030132
2200320022122
2021320121102
2211202112102
2211222111333
2213222020123
2200102212113
2203001233103
2213300221012
0221102120313
1220022031103
3212202123133
1222032003100
2223030220213
2221330320103
2200022203122
2200201103213
2121202222322
2212302312022
2021112212320
2231231012132
2123212113101
1222210031021
2222031132313
1222123123123
2232111232123
3222012230123
2122121223203
2123223220003
2120222300133
2221230233033
2231112300003
2210223100013
2312002221233
2202200003033
2222303011221
0220203001203
2222002213201
2220001002211
2222300133131
2221200030231
2221110003212
2221000211021
2321102111030
2022101120233
2223131203023
2321111233313
2321212122013
2231200123120
2220203231011
2220231121133
2201210312100
2221121132200
2020121210302
2202122221202
2223221032110
2220322112230
2201211020310
2223320110010
2021032100131
2220210012002
2202321023032
2022312320120
2221012300222
2222123130020
2221022103020
2022211210030
2122032210100
2222322221130
2232202121300
2222022012120
2221112110132
2222111022012
