--- Global Parameters ---
Code Length:			13
Min Codebook Edit Distance:	5

Max Run:			4
Min GC Content:			0.3
Max GC Content:			0.7

Using Generation Method: LinearCode (minHD=4)
Bias vector: [0, 0, 2, 1, 0, 2, 3, 3, 3, 2, 0, 3, 1]
Row permutation: [3, 2, 7, 1, 6, 5, 0, 4]
Column permutation: [1, 6, 7, 8, 3, 12, 5, 10, 11, 0, 2, 4, 9]

--- Results Summary ---
Number of Candidates:		58281
Number of Ones in Matrix:	8737234
Number of Code Words:		2380

--- Performance Metrics ---
Number of Threads:		32
Candidate Generation Time:	0.06	seconds
Fill Adjacency List Time:	12.88	seconds
Process Matrix Time:		7.90	seconds
Overall Execution Time:		20.85	seconds
=========================================== 
0022000011000
0003222233331
0033332222300
0000111122113
1110111222000
3300222333321
0000110110000
0001010000111
3000111011112
1100001120000
2331000011110
0033000111133
1333300311100
1233332333323
2211000333300
1111200033331
3110000233301
1110001000330
0110002230000
2222000033022
2000222330002
2233330330022
3330001100111
3312111001111
2201111311100
1103220000333
2111100011333
1111330211113
2311333311112
0111233111131
0111010111000
1110301111333
1122223312233
1122333222210
2221333322200
1113333112233
2113332222113
1111333313300
3110333011100
2113330000100
3110111100003
2222003300003
1220002000022
2220300200033
0112200003003
2200021030000
1000222203003
3222000130333
3222212333300
0220002103333
1222110030000
3222201000010
3222313000333
1111311300033
1113000330032
3111203330000
1122003333030
1220001333003
1022111133300
0003311113300
2223311130000
2220111330021
2122201003333
1122210333322
1122203000032
1211101133332
0221110000332
1123300300023
1102222033311
1121111200330
1131110000200
1113110200011
2111210100001
1311112000031
2322111100333
3110300030011
2111122002000
0321111003000
3311113233000
3111003003002
1121002003332
0111002333322
2113000203033
2110011133000
3111210003310
3111322120000
3331101010000
1133321100001
0100133100001
1103033000021
1110313333011
3110033331331
1111021020021
1111030300110
1100032330323
1111000223212
1111001211301
2112100230003
1120300233000
1112222030100
1112102233302
1113300133322
1133000100122
1113303200303
1111300020102
0111211333030
1111213223100
1113120031000
1113311101100
1111022001313
1111013033023
1111033321222
1113333031312
1110003013111
2111003331121
2111032011102
1110020111210
1130002211112
1103000021130
1112200331120
1113220311231
1211000031133
1111013110102
3111012200012
0110100001220
1110100210222
3110101331100
0111130333113
2110131311113
1112231011103
1122202111000
1131200111132
1112000121003
1100011311103
1112202113133
0112003311333
2113000111320
2211201111330
2112113211000
1111223300202
1121011330022
2112010300020
0011101330002
0120113330003
0211130310000
1112020002030
1113022200220
0111102203030
0101111010010
2211131000110
2122130120000
0112313200001
2011233110000
1011333201000
0110123020000
1123331020000
1112233310031
1110222231033
1102130300030
1122132000220
3122330002000
1133013002000
1113200120111
0111102320111
1212130111100
0111300231100
1013000013100
1100230010100
1011031011131
1113132101031
1113300221031
3311133310033
1211232311133
2211133301022
2211112333023
2112111033013
2113033301003
1211213200013
2201333200003
1310333110003
1001211110002
1113121120032
1210310100002
2200100220000
2211103130033
1111032122103
1111232020333
3111132213333
1121211311333
1121323311102
3111120200223
3111100112022
3011211000022
2111133322131
1130031230003
1101003030103
1310020020003
1211023302000
1103330222003
1122002222002
1223202200003
0101000200233
0121100100031
1001000020010
1121000302200
3120030000223
1110033130213
1113230003213
1121232022200
1112323011220
1112212322030
1311211130300
3111223022201
1110023222231
1112323220012
1101022233330
0111200222333
0111030032033
1133320011033
1111320332303
1113033232002
1103321333300
2110112330333
2211333320333
2113321111203
3113323001333
1133030331133
1132332330033
1001113300133
1100103003133
1100020200312
1101300023313
1100002022213
1110010032112
1110010320201
0311310300022
1102010001002
1110111013232
1130100020332
1011000212033
0311300012000
2111002132200
3110001322333
0112220120030
1222030100200
1200030300011
1220333000230
2130300011103
2133000033123
1130020033013
1013012000010
0110032001011
1211200221010
1201100021111
1311233000112
3211010001112
1311110301103
3111310010123
1011100113113
2111103113120
0011112311001
1111213012332
1103010210033
0123010000313
0113101100310
0110302033310
0113110303300
1123110033310
1103330130310
0110033033102
0011330200102
2112201001200
2110003120110
1312001330010
1123212300300
1113212133001
0111121013022
3111120323302
0111311203322
0111312222010
1112123113010
1111303122311
0111031123001
0211113331220
0101113311122
0211110002201
1101101322202
1101033322033
0113333220310
2111130220322
1113011302210
2111301002131
1131113333221
1101113023001
1311313222001
1120111011301
1313322220030
0211122220031
1211120330101
1102122230001
1122011203001
1132112120002
1021121000100
1201220130000
0100220030001
0101323330010
2132221000030
2311221120003
2331112220001
1321130220003
3211311122002
2100112210003
3213112200033
1212113222033
1211312221333
1121222213303
2112220033201
2131020003330
2113120333233
2231133300300
1101131030332
0113133030233
1011133303230
1011113132110
1211123003120
0011220213000
2131333133330
2111321310330
2131033330020
3113300332200
3113101033311
0131330230001
2211133013331
0210113003330
2133131300333
0113303011301
1113101232233
1012103230030
0112310133020
1131311013002
1130233033301
3112222123331
1011223023330
3311030113300
2101010313333
1100121133321
0110122223321
0110111321311
3110031113322
1133100113311
1311131102330
2111322023311
1131211123310
1121120120313
1113202302102
1311131333102
1113311213213
1133111121133
2131111022233
1133101002323
3101000333232
2211023000233
0112300010230
0111201210220
1010030003221
2310111011020
3103211310000
2113213320200
2313011300002
1131113102013
1131133021020
1121133101310
3120311000300
2312111102200
1213001110200
3321113000301
1201123000331
1200223300303
3313213000011
3211002300311
1311103203021
3112122320021
3112110210102
2213111322010
2211110320202
3120111333302
2212203200300
2121220210002
3110221220011
1222322310000
2311101200320
0111211021323
0011323010333
0113133113312
0113111212332
3111331330231
0131101131333
0122210230033
1022220010033
1000122000313
1012122202031
1121332200201
0011120302003
0011112120233
0011123200210
0132130030020
1101210030211
1011221030111
1012211103311
1010022010331
1312311133031
0212211300021
0131110103111
3013311100031
1011321100203
3110321002010
1122210021031
1102211012200
2211102021001
1221112321030
3011101203003
3111202221032
2230010000203
3011113210113
3211331001031
3111331022122
0110012122022
1011001220120
1011120201312
3301112110011
2201113010032
2333121000023
3133331130020
3131231030033
3031122300020
3301222230003
1301111330201
1330111000222
0131000110013
1012030110001
0202230100003
1322301300001
1313100100301
1100301200231
1003100120003
2113302130023
0112222302023
1232222300022
1213102230012
0132122100011
2123201100011
1312330101030
3322100200032
3131100201013
1313113002223
1213113110123
1101102011223
1123110110231
3131100030221
1311031320331
3133032000311
1133033310201
1233133203000
2321000300012
0322202000023
1233331000302
1301100302023
0101110022103
3311011002220
3311323100221
3110023100232
3311112322032
1102201300222
1210222100233
0212120300233
0133122003333
1130122202233
0211122011203
0221222210020
2110011010121
3113011211021
3213110101101
1310110110132
0211213011011
3100112001001
0200011000133
2301120000302
1123302001111
1112302023221
1030010002011
1130202001031
0231322200002
3020102200001
0310122000221
1301232200022
2000131200002
1012133001021
0012130000123
0011101101230
0001102000232
0101320003031
3103322030031
0211221002013
1222200002213
1011202303022
0313331010031
3133313000232
0110331300112
0103012300103
0133103200100
3211130012233
1322110001221
3131200002303
1313000322300
3311320002032
3331132200323
1310001012002
1211303101202
1213110012330
1211322010322
3321110021033
0121113121032
0331112102002
1131212021103
0131132110222
2221131002023
2213123100220
2113313102201
0130310102003
1013303312003
0333010220002
0033311320001
2210121020022
2101132122001
2013110010122
2011010202222
2201000022202
2211303032203
1131020222022
1311200210231
1331102001022
3110200023222
0211000132222
0210300003022
0213332000122
0121020201003
1321220100103
0113022011222
2120022110022
2311210112333
3011220111233
2311120311200
1231112201300
3110021201300
2101030230300
0121110023221
2101001202030
2112100122310
2103100022223
2113220222230
2102000220021
2101132001120
2010300021000
2133032103000
0123303222000
0013001230011
1100110213302
0001110013322
1003100003122
1021000333021
3221100133002
3121201033001
2311102133301
3311001233323
0001121333301
3112001123200
3101313032000
0010313322000
2311213010120
2021310003001
2312131210001
0311312001110
0313112010100
1321122310032
1013311222032
1003322200332
1031111003132
1003311010011
1010231010023
2103312010022
1000300320022
1100113120323
2100123130020
2102023030033
2102303002003
2102110002311
0010020100201
0020210000321
0002111200101
2100111123022
2100001013001
0210200010211
0112020101321
0001130130311
1013231123000
1313312303332
3113313230322
1113012323122
0211010303321
0021130300201
0022103100020
0100212100122
1221210012020
0121131011220
2121310032220
3011311301102
0011310031222
3212313002200
3010101300321
3310133101002
3031310020020
3121130202021
0112130112223
2213100002121
2211001301213
3113202103020
3130010003120
3123020010010
1323320000110
2330200010002
1333302010032
3133001210032
1310211033022
0113010233012
0122101001101
1231010030120
1133121310122
3131311331001
3213111133012
2133311110302
3303111101022
1003331133022
1032111130111
1133211030130
1013112301130
1313010201110
1311030231303
1331300033112
3331110330131
3311000201230
1313200011302
3122220011102
1312100311330
2231200001020
2120200001121
2110030022120
2203000300210
2010010301100
1010011031220
1310113131200
3101111312223
1001110202320
1310201321000
1200002001300
2010100312002
1022202003300
1320101003302
1312033200133
1221202001130
2202310000113
0021230020030
0311021300230
0301213100100
3031003110020
3310212022000
3331120022001
1302313000120
1331230103023
3121010103013
3112230301013
1101230201131
3333112001302
1100333101120
1021103301120
2210330110030
1130331110232
1200102300220
2103100330130
3133123333013
2131233003022
2110332003223
1102033103303
1203320030013
2233023200022
1110321203132
0132200310032
3132003300131
1032202000111
3121021300111
0321103010110
2232110100210
2233211120022
2213031100103
2230130130003
3230002110002
0230022100030
3000011310032
2333000210023
1233003210010
2233301010001
2221300011002
2331300100113
2312310111002
2001131011033
3211212110103
1230033200331
1213033020323
1310112103313
2122320101020
2102200030102
0120211003013
1223100010132
0121231100223
0312221100211
0231101200133
0131301033103
0311301103032
0331011130103
0131201020330
1221211020133
3133110123330
0211101322330
0302110020333
3310130120330
1130303103230
1120330310302
3320031020002
3213020200202
0113122310302
0031023100012
3011023320022
2022230000222
1222330220031
2012210002203
0112310302212
1331030001213
1232303110022
1023330100213
1321033100211
1221331110333
0201313001033
0233113300203
2311102302133
3122122201033
3311302220133
3102211101031
3001220200331
3021202100033
2212021120031
3212220113003
3120211130012
3311122113023
2313030020310
0032011020033
1001200230133
2232002100133
1123102211032
3132102110023
1331021110110
1031010101333
0310011203331
1212020210311
2222120020303
0001202320003
2122312200331
2233230200330
1233330111330
2330110101330
2312100013103
1302100231000
3301100103101
3301201020011
3130211010322
2311033323030
3231011320030
0031100132001
1301001323303
2131001323022
0010012030322
3200121003003
1300021303012
1012021001302
1310220313001
1122333013022
3102330003322
0132211113022
1332101113333
3313001111331
2113023013021
3112202312011
3113122012131
0110311012313
0001010123030
3302001220030
0101303101330
2120231110330
1200031103330
1300031011030
1230011101311
0130311130110
1120312220110
2131031112033
2010030130220
0102011130200
2122001330331
2110330302311
2213312030320
1203312100130
1000033210130
1033311131003
3100031110133
3103312113333
3210311333033
3100103110302
1021300130331
2221303030330
0112031302331
2112130313301
1232130033303
1321330113001
0210001311300
3221010120100
3223122110030
2102222100310
2031232000310
2231012110300
2233320022000
2213300023230
2313330223000
2130212220012
2210000122331
2310201100312
3021102011030
1330000102312
1302000130120
1303203110300
2303133011000
1210001023223
1321010310203
3300101320023
1202101120021
1132010311222
3133010301331
1213301313110
1333211101323
1101230113222
3101201111202
3010011122011
1330100111121
1200100122233
1302001102033
0100311220330
0121000113202
0112100323232
2112300211312
2121120013312
1122302102233
2113210301132
1123233103133
1123311332201
1021311102113
1213320033202
1133220233032
3112013301122
2221200310122
0213330301010
1330310130101
1231131011312
3132113001320
1132312101313
1133310132331
1001233103331
1131233301211
1132313010321
1333100330211
1132201302311
1021130203110
1033131033321
1300003310321
1321201303330
3201133030310
2012001303023
0120001101112
0232301000112
0233001300120
2022310130022
1022311200302
0202011201000
1212113013201
2212303330012
3103223303002
0213213333003
2223300333010
2221113011310
3221113112001
3312103012001
0321211112003
3203111130203
3121333110311
3220112100311
2100111231331
2130302310031
0110331131320
0102331333002
0110322110323
1123131230123
1013003111313
1210023113031
0100100121110
2100130111023
2121003210133
2100300301323
0220013300323
2103230133003
3103001331020
3103013030223
3020200010130
2202202000230
2023021110033
2021022101000
2201100112110
0120131200211
2211312123100
1210133023012
0112301213111
1101022310211
0110222103110
3311322303100
0010210310101
0231100311101
0023100101111
0200010111101
2033011113001
2031211102011
0201101110313
1020103110111
0221000301123
2200100011232
3212000220113
2213301220111
1222001011011
3231123111033
3331320311003
0331110111223
3120013021003
0311013230313
0310000231113
0031120011032
0123130013032
2123301113222
1231101303222
1212133130232
1331313131030
3321110333320
3211102313122
3130133031133
1322303001133
1122133032333
1002121303033
1201112203233
2102121113100
3010222001330
3011301013120
2022333320030
3122033220022
2121030231022
3122130331002
0121230303102
2203300103100
2010110123101
2121031032303
2221011303011
2123001002221
0103003103113
0201201001310
1003101031031
2001300310301
2002100110320
1003300213001
1002133233002
1001012033100
2101103321103
2210101332223
1002002023333
3230110033200
3121200230320
1103102333231
0100100233203
3102030031200
2031221333000
0103332103301
3103333233021
1103013231301
1210233303223
2101303300212
2121103032132
0212001033312
2110211323123
2011211332101
0011103323223
0112021133232
2122213010223
2000213010021
2000211003200
3200001302031
1223133031023
1223110302110
2313010103323
2200130303302
2231103223002
0131200223011
0001000231012
0013100211331
0100131201133
2201002031023
0002110311133
3101112333111
3110331233113
1133212303111
3101131123103
1000130013203
3000010113313
1300301023331
2000101323300
0300011323001
3311330233131
0311332313311
2110320133212
2113032102322
0011303302132
3013101002130
1301311120322
3101211203220
1320121120331
1313232002300
1300313201013
1100122112013
2312300320101
2221010331102
1221031230102
2311033112202
0011031112220
2003113111120
3200311101010
3023110111300
3001132133010
2201301330120
2122330330123
2111233233132
2212131133133
0121313331111
0003133310110
1330132333311
2310130023021
0311130321221
2311202101223
3312230230200
3311332132003
3212211121333
3331311323333
3303111213331
3001311133121
0100311303211
2013113031210
2012101233331
0102101123302
2202101301333
2321211001232
2013110302231
2231102020323
2213100233313
2331120233003
2232111132303
1300112023023
2210020230130
1221001122032
1213011321303
1000131102231
1030212113000
1030112310310
2101311122130
2100011222102
2001102201310
3010001313112
2300010033111
0130001333131
3100200103112
1030300113323
1132302213331
1233000123031
0320002011033
3223001001102
3202300020012
1322300103320
1321220023022
2220123200102
2321323001003
2222301110132
2232101011113
2021201101131
2302013101003
2130203100123
2011322131011
2022322000101
1130311321112
0110333122101
0102333111011
3323302100012
3233310002013
0233331103013
0213321102000
3022213230000
1232310012100
2103231101110
2123312011300
3210012203302
3210030333110
3220020023001
0200003130102
0002001330122
1210303233312
1003130311012
0201133211002
3100033211001
2011332223033
0210133120303
1123013122330
1233121333031
1331013211201
1132100221201
0131001122100
2103010112200
1200011332010
3010130332011
3012033330211
3002203000221
3002103320010
3032203310001
2102120310221
3022120300112
3232313120003
3200210003211
3003210001021
3020212003020
3200330133011
3302123303011
3302000023311
2130112331011
1300112331330
2030111033211
1330311333220
0300110302321
3011021021110
3101031013211
3313101210211
2101201012113
3012122003113
0022112303030
0303113210030
0013000321023
0002001213003
0000200313021
1012220131021
0100203220013
3013122331003
0031131331103
3011002231102
3112022021101
1102320321010
3323010002101
3130301120301
3220111121023
1300201113023
2012011132120
2010123102010
3200110323020
3230112020021
1320211031111
1200201230111
1021021130212
0222011031110
3211031321200
3121101313230
1023101322000
0223202011001
3220023310020
3212211233020
3222102301113
3121123012210
3221230101303
0322010111303
0333120310133
0321132330133
1331123202211
3311320121113
0123201301133
0013320313013
0032201001013
2122013112013
1312313120210
1223132120011
0012011210123
3212011023103
0021213001210
0023111010212
2220313010202
1002021310200
0001313130220
2201131120220
2203132300021
0311333202323
3012331003201
2213331132021
0033212000213
1333100022102
1013212102220
1233121102203
3011222102012
2013102120113
2310213201111
0031302100131
2021223200111
1122033021100
3311213113231
3301231103313
1303311033102
0302111131301
0102012111132
0122112211330
1203012011133
1302101203113
1030211011213
2030311300213
3323210100331
0222311120113
0223031220033
2203021103023
2223331013033
2232310310333
3221312330031
0200210301022
3232013031000
2000212101013
0200033301113
1301302330113
0310022130133
2313021131013
1321101331212
0331331102133
3130220101133
3003121001233
1232212131033
1322211313103
0122031131030
0020201111022
2230021111012
1032012210303
1022012101201
1021020102301
2021021003213
0210101221012
0121013220112
2210231223003
1102211223032
2102213220333
2231121230331
2102102303112
1321020233101
0123001203303
0312210303313
0311200313120
3310013323111
3031012230111
3132001313310
3120022013333
2200112233110
2220020120310
0120023031300
0012302203002
3012012133022
2011230131332
1233010231013
1330111312131
1133211322223
1313211331233
1202311330233
0330112313033
0321121311130
0312132113330
2100302123330
2010021333230
1003312323030
1011023233213
3011022123303
1120230132303
1302200032310
1020131211200
2021133311223
1000210333120
3100212033123
1000213231333
3010133313323
3201323303023
0021313012023
0021020313303
1021123013321
2301310333123
2013121213020
0013122033230
1012221332300
3131222303323
2213122132333
0311122332331
2012321023300
3210123301320
3211232033130
3201103201301
2031302013300
2203032230333
3210321210331
3213031003212
3301031230311
3202103103110
2212223031020
3013011220200
3102300232333
0102203333233
3002312210002
3022311001220
1022231101330
3021131201313
1311223312130
1322002230330
2322010233300
2312113203332
3102200221100
0032121033023
0312123310320
0310123111213
3203311320320
3200131311021
3222113210210
3310023031021
3231210021121
3032112002012
3202011103233
2202010032031
2202112320330
2102011331322
2222133313013
2222110332233
3320121033100
3000132201100
2201323031100
2210230211110
0001032301131
0101021311313
0103211131312
1102020313132
1202302003123
2020131030112
2101322211332
1210231121230
2023101103312
2002120033313
1023123331333
0220123313333
2022121123003
0212112230310
1020121103222
0000321103021
0020110032203
0231002003200
1023011212023
1220212021002
1203121331102
1230223133002
2231213103102
1202113133131
1001133131213
2230230333313
2331013113032
0023011311332
2311223133222
0230301113332
0200103123331
0020031013031
2020032310300
1021033231011
0022133331031
1220223301021
2210222033232
2122220323021
2221122023020
0223310303031
2231103131311
2031132111313
3131231113112
0031231303021
3123113213100
3233123310100
3233010113010
3330011331012
3203313333101
0213313203311
0013023131031
3013331331311
3233100331320
0232211301303
2200311002301
0232220333033
0233223103330
2033213310303
2221323113303
2021321031331
0322130210331
1213223230131
3332133130021
1332212100212
1201221021032
2001201023332
0002202101333
0031021113233
0030102213330
0120122133101
0200221333312
0201321300322
0202031030320
0222132003103
0321200311013
2022031130101
0223131310321
0221233130111
0000123131111
0001232111012
1000222111310
2021221213330
2122021213302
2132101203232
2103113232012
2021013221023
1203202113032
2031002102303
1201032102201
2222101012302
3222131111230
3022211131132
0022220113322
3021223303200
1003232330311
2021103120232
2032100031332
2302100133233
2300121131133
2002021131112
1010321311232
1332001331332
2310231331303
2301220111301
2200221011311
2000220031130
1230122010112
1331223001101
0132222011012
3313032301012
2031030203012
3031103103213
2010223130132
1020233230103
2231323110112
3223203110113
3202003033202
2200321121003
2220033213000
3220032030111
2223123333121
0213022203103
0222123112200
1033220110100
3232222101100
3131322310110
2132031021010
0233221110111
0222300112331
2302303010331
0002121112031
3100222110221
3211023211231
2201231112302
0012012312330
2113202231103
1301203311233
0012033111103
3301313211100
3200221112000
1031033311321
1200012313322
3221012133321
2120300131233
0212200332203
2020001023102
0202030233001
1201203032301
2020212331103
2012003002111
1010033022113
1000302021110
0000321020100
2223203301111
2232033303031
2120223020301
2002221321031
3003112332031
2203310332003
1200330332133
0200131013212
0201133332123
0103130131231
1222031303121
1202333323100
1301330323111
0002312031310
2001232310130
0022310331100
3022032131003
3002203123300
3012031031323
2132123021333
3332221111013
0212021321113
0020313320133
2021332010332
2130313201332
2022121231310
1220102013211
2023313131113
2032110323310
2311012232110
2212213323110
2121202320210
3220213331112
2312332333103
2312231013311
0102223210200
2022233102031
3022213313121
3020002101121
3300331301111
2333120111011
1303312131311
2323311101221
2303131310132
1303133230312
1033133211332
2003133203321
2020133023333
2221333201321
3231330320113
2032103302313
1220333123311
2222332300211
2122233133210
1320223330200
1001322313112
1031232221002
2033012220020
1100312221232
0011321232320
1230312031020
1233313301322
1333303213313
2330100213312
2030201313311
2202201333211
2212031232013
0100031331221
1013233130221
3230132103012
3100131332132
1231120212302
2233300213320
2021233323301
1222233023302
1223023330232
2232231331101
0221003320211
0322033301311
0222233311221
1323313210233
1320113221020
2201213213322
2202022333320
0201000223320
0230023303311
0221021102310
0010331023020
1031333323203
0133103323021
0213032111121
0221330333222
0032113332332
0131123313232
1130012332302
3231113032331
3213120213031
3210302231111
0221120231323
0222302330322
3021232331022
2023233001313
0223131233200
0223100113223
0223311331122
0122022033112
1310233211123
0200233111030
0102331102230
1032002333113
1120213322311
1220311222331
2320130333201
2200023331132
2200230023133
2000033323131
2000012232011
0200112032032
0313123213002
1221013223231
3121201202233
2133213033231
0132033233313
0313203133321
1312130232032
1230210323321
3020120213332
3101312231321
3012233120332
1223031112110
1230301302330
1223321311131
3202333230331
1230211232313
3201222113131
0122223103231
0202123113122
2213313121312
2103121302131
2310303212013
3300003111203
3003221110230
1032203111123
1323013013123
0321311213123
2312301231133
3122303023111
3232301133113
2322011201213
3122101220213
3230013230133
2220030311213
2212201022313
2203122012003
1232222012331
2222023131323
0022321011123
2230011203122
2230013021131
2220003022011
2220030232332
2230120013213
2201321213113
1023033030122
1020330202002
3100023020102
1212030021212
2312002301202
1222032201332
2323012200322
1120322303212
1020130012121
0000133012301
3110210212321
3201331121301
3321133312100
0220303332130
0221013032233
0120002232133
0120333232321
2120132332312
2021301323130
3123003031230
0220010202130
1321132233222
1010312213202
1022311323223
3022131332330
2103331112323
0303332111033
0301300011211
2322100132111
2313032033131
2320031123313
3222001102220
2223210032201
2323220311110
1230220031211
3123122302311
2223221123010
0000212223010
2322231220010
3222203222003
3221002221303
3221130221132
0220022211132
1022102031222
0221002312302
1220201312312
3223301321333
3222110123231
3221312213110
2222332223330
2123130212110
2202130021310
3222230203112
3221120302322
1230231311320
0232133111320
2321122131320
2230213312133
0230313100222
3213310311022
2313110321322
2220100221322
2221203212331
2301202210321
3332310013031
3312203211311
2332200211131
0312202121031
0222021323020
3122003132112
3121231321131
3121301332121
2220212323231
1200132012310
0212221223323
0222202323111
2222022332002
0120221232002
0223212220102
2202022210201
3210002032201
0321121232011
0232000231311
3223323332000
0301220233302
0302103313023
0222032133211
3312203332230
1310201202121
2102031212311
2310200132201
2103203200201
3003020020113
1322331223303
2332003103201
0100310212223
0312220011223
2001130212312
1002222002130
3103332201132
0332221330301
0023201330312
0332112031021
0333210030121
0303203013011
1232323033011
0322230013021
3231320203303
3032221303332
0322011123210
3113201122312
2002301211231
2130230121032
2233132221033
0102233021303
0122331211201
2231311211203
2220021112203
0210022022233
2200021322313
3201221220110
3012230213313
3322122213301
0220122202301
0331210123301
1233221013200
3212321011202
0321032323300
0022210322333
2322221132032
2233112133232
0233311332333
1322021020322
0221322032021
0123323013320
1233331312011
0333311011201
2033331002110
2230331231112
2033331121031
3133330021012
3131021132132
0032303313312
0002002311210
0131102202312
0122120202332
0210332302333
1313002023232
1331012223312
0133203003210
0222312022300
2022012032200
3222332032332
3121232223322
0132120322002
0331022203301
0322000320200
3332211032311
3302200310313
3202030012313
3301220012010
3302212011110
3132213321111
1322230321102
2322331121130
2322032011201
2333321210100
0222333221133
1021233021132
1022200221313
1002030113210
0323001332110
1032133312010
3300213013302
0102230312322
0322130102022
0021220332012
0222201221302
2222322012233
0213230231302
0012023203121
0122102332120
2123210220120
3132232001203
0211323121120
2021332221100
1023333121121
2132333231121
2331232331110
3133202333130
3133203301023
0033001123020
2320233203130
0302023131130
2013223311202
1322323313332
3321231333203
1322123332023
1031121232123
1321323220311
0312332220332
0022332030120
2133220012320
0321222302320
0313222330112
3032123201110
3012322213030
1233322021301
0203223213110
0022231233213
3233201023002
2232303023023
2323220003203
2033212201331
3222123021201
2023023211101
3320020131301
3310023112100
3323333011203
1333323101112
3323223310012
3201233310121
3320233131013
0331023312333
3331033221003
3221303302213
0230332011302
3230332230010
2313330012232
3133231231100
2333211203110
3332111123312
0233212223313
2232022023100
1333202003201
1032102032033
1313222233203
1310022321131
1320022200123
2312002222323
3210103222313
3332100203223
3002222320133
0112232221233
1321332212133
3223311202123
1120032212120
1320000213210
1002010322130
1020032223301
2102323233323
1321323132002
1303222313133
0132222132133
0010232220313
0031223121303
0331320013230
0332330311310
3323102310131
3312313321332
3320200321330
3322302311023
3321002210122
3022100223121
3203002210320
3001203221111
3320011211322
2332131211323
3030313210323
3030112111232
2330221101122
3203000111212
3001003112113
2020032121132
0320102121321
3132030110212
3020321323011
2030100122112
2033303011112
2333012111220
1203301233220
1210220322220
2023333223312
0231330213112
0331212301312
0011332022111
0023210221011
0033022210113
3033310221113
3320310020121
3320132300210
0032332110210
0032013202020
0030131120132
0203101311220
0202303011200
0312033132010
0130230320110
0303312320313
0010301212031
0010103132212
0000302230112
0020003231201
0132321331200
0230221023132
0023322133133
1020303223113
1033130122313
0332110022200
0231323232111
1132320323123
0203113221211
0032032230021
0031010233210
3120102231220
0023102323102
0010322121102
0023203112301
0223233212103
3020331112112
0002230323103
0020022203200
0120123022133
1223131022202
0321133221101
3120322102330
0232123032130
0203201200223
0320112310222
3333131020122
0120202213222
1200313122121
3200031221333
2302231221332
2320231021123
0200031312332
0301331331232
1330233021033
0320232201333
1331302332020
1332303002322
0003133121322
2003000312122
0002200112112
0030212221123
0310302210210
0303300210322
0133313221120
0231212022220
0322312301232
0233232012033
3102320120132
3232313003122
3210132021211
3101032320230
3001323120123
3001210112201
3001113022130
3022013020123
0233011012102
0321321330221
1302321301231
1310332122110
3003320131110
0102322231120
3301300313022
3012020311212
0033322301110
0120202022010
1021322312230
1022303022020
2100332231200
0023300232113
0013030202321
0030133302121
0013113122021
0210231022121
3022301313202
0130130123200
3001302323310
2013013213211
0331221032110
3130121022023
3031110122210
1223022221200
3203211021200
3031212211200
3313112231212
3031122223101
0130221231213
0133022221332
3031303122102
2300301321102
1003021213122
0033213111221
0330032131120
0330321122001
1330022032100
0310321312111
3313231222110
3132103122130
0303311222100
0020020021213
3022230211220
0132130201212
2032030101203
0232220102201
3022231012101
2321030012122
2323102022012
2002300223322
0032023321322
1123002321320
2002332313201
3102033302221
1100323022330
2030333313120
0023120022122
2023201223123
3003131122023
0200131222020
2000031022003
0200323210221
3000032331212
3002331312303
3033012112103
0232000312230
1230000221220
1300013121222
2330212311201
2313301332211
1020022012202
0000211202322
0202213121223
2330122112332
1002020201232
3300130231232
3001023323233
2301020222303
3200302232300
2232302132011
1203302212112
1002221023202
3002211222103
1003201232321
2333012032301
3030230013102
2030221230322
1302312203201
0330120223110
3323213233310
0323120230203
2023122230221
2233202330213
3223002332123
3300021210223
1320013232213
3122132322223
0311023122223
3002122123223
3003313202312
1230020302213
0230112322212
1023323002331
2303230002210
3013213212330
1012332012223
3033332120133
1303333020231
2300220223211
2300213202300
2200032132122
1300322310202
0301320220131
0302302300221
3013132212213
2330332010233
3313123032310
0303201231002
3202202211232
3232032311312
2320222231312
3130033213132
0333033113131
3330311132302
0323031211212
3033030213123
3032302023032
3013033121220
3230320012332
0033330123232
0032301012220
3000320310220
0300230213230
3330133023201
3231232203020
0000123223202
1300021132220
0001320032210
3000312303222
3002223312020
1001223332232
3003233332112
3332203333112
3023020333122
3310233302312
0312301322302
3330202023013
3320222020310
0303222021010
3300323312001
2301032231213
0303023320101
3300232210131
3302033121321
0003021002120
0002001022231
0300211221231
2030310211221
0032002122111
2120332122231
1303210012222
0032323122032
2203232211022
2231320131220
2200230331220
2030123332100
2000231232120
2321023321232
1002230220212
3302130322012
1330032320122
0320231132312
3003103223332
2030213223320
1030303220302
3213303022332
3212301132231
0302103122211
0322021312201
2133022020210
0103022223201
2033030310232
3331020031232
3032020002223
1320030022201
3300133102213
1302330102221
3300010222113
3202012230212
3202021332222
2020230322230
2000333120221
0200233320202
2002320012002
0003323212011
2333230312030
2320310123230
0300033022021
0023003302222
0310303301222
0333123331201
0333313233212
0330131332213
0133231302101
3333133202131
0233223332102
2333323032113
2330312302032
3202121202130
0201012122123
0203120323221
0202220212021
3232031213101
0223020212211
3202322321032
3301121223213
3301120332221
3001022232201
1100223323210
2302331232101
2233022232131
2201023232210
3203200222210
2012022322203
1030202322103
2301233222011
2203222020121
2300030202231
0302223202132
3320103020233
3232202022133
0202323132233
0220330122213
3320332033212
2131323302233
3302320011321
3333212033220
2321212332213
2300312012212
1301321232212
2330002330221
2333001222130
3312300223210
2322300322032
0223300220221
2321302202230
2213023322221
0233201321231
3303101022232
3330221002233
1033022122030
3030013222201
3033121120221
0330231012022
3333002012200
2132002312212
0332003221202
3333210211233
0332230302123
0033223320230
0003220132203
3303232112320
3130302022112
3130303221233
0313320022213
0103230020232
0103031202202
3013002322322
1033232332222
3133323312302
0123321312212
1033302321232
3330322113213
0331032032202
3001222022322
1333032022333
0132203212221
3302022322331
3322210232221
3322031133222
3323110132213
3132321202201
3330021212310
1323312222320
3323121212230
3322322120303
3230332122303
0323223223013
0333121322020
3332223210121
3323322023021
3030020320231
3202232020223
3033223022003
3333203122123
3033123302232
3033200232011
3232022120211
3332320222020
0332310232323
1323320231322
1332233220100
1232333202112
2323211323220
2332322103322
3233233322313
0332333022331
2133232122311
3131313322220
0320322212231
0233222131223
2323323112223
3030331032222
2022002320222
2333221320212
2233130232212
2232231212020
2333101312222
3230333321022
3320333122220
0233031223222
3331302221211
3330030132221
3133302203222
0330202321220
2032322232122
1232232223232
2331332201202
3302222132212
0332233323211
2103032213220
1033223223121
3231322102231
3233222002222
3331221213202
0332322221321
2303232220203
1232321020230
