--- Global Parameters ---
Code Length:			12
Min Codebook Edit Distance:	5

Max Run:			0
Min GC Content:			0
Max GC Content:			0

--- Generation Configuration ---
Generation Method:		Linear Code
Min Candidate Hamming Distance:	4

--- Results Summary ---
Number of Candidates:		16384
Number of Ones in Matrix:	1895526
Number of Code Words:		807

--- Performance Metrics ---
Number of Threads:		8
Candidate Generation Time:	0.02	seconds
Fill Adjacency List Time:	6.92	seconds
Process Matrix Time:		2.19	seconds
Overall Execution Time:		9.15	seconds
=========================================== 
000000000000
331111000001
112222000002
223333000003
013333333332
322222333333
021111111113
133333111111
032222222221
211111222222
222221322233
122222223200
222222201223
223322222323
333002222233
302222221232
333322223302
330333330000
033333221233
233332203033
333332133311
303333222220
233331122211
333132220021
033330100011
333333302331
222330332333
223133313333
333113232333
331222232133
331133333131
023322233331
131312221333
120033333033
111003333311
230000333331
232213333300
033300033330
003311133333
311112233322
112322232222
113222211322
013102223222
111113211122
032011222133
133221220233
332102201333
030320222333
120000222223
133003200033
130323233233
100132222332
032233202333
133333212202
133313332223
112033333220
312233332211
232033302223
122223311133
022220300033
022223223023
122220232123
133223330031
021203331333
111133331103
133333010030
111333022233
112132033333
113200023333
132200221033
122113202223
032013332331
312233233330
122332301033
223022303233
023023321033
333222312231
233330313231
233223213133
230032211333
202202233303
002222302330
013022333211
133002233221
120212230223
022002320233
200022223003
030211213333
000123330330
033000211133
033220123303
033331331031
333222110003
302201222203
320200322333
021011323333
020303312233
121012332233
001123222303
011111332311
021032221223
220222123313
113221332332
112022313332
112200333132
132221233321
131333233021
330232232321
130032233310
010132223313
103300223103
002332220103
310220223322
110122203022
113332232030
101333313130
033022221310
003322321230
313222200330
310232023133
332332223110
133223231110
001202113333
120112311333
231231230333
313233321303
231303322323
313301233313
313330030133
003103121333
123331033303
100022102333
211022000333
111322200113
310010003333
112300000233
330013133303
300303323230
201032322330
101122222120
300222002223
300223332322
201232233232
103202202232
100233033323
300002033300
330133023330
100003213332
003023233132
200331333322
101331203332
203301232332
220031300333
001133330122
211033323132
100333300022
100000330322
010303232322
100202032331
000000303313
203002331313
303020130333
323100330033
303003032223
011003003033
000030230032
102110233332
102312333113
110001032233
111033103323
310312331332
000233101233
003332031223
301033322113
303312230132
330333132232
030033332012
303332310113
321323203323
300132130033
200133233103
203033330301
010231320332
202313223203
302213123133
220213320133
222233023103
220333331021
022233331202
012203322032
220112333310
020023313302
122303003332
021222020332
000332201320
220032322202
202202332222
020022122322
222223131322
000102322022
000320302222
001220321322
222010333202
020222033220
320320333221
010130333111
002103330013
103030330213
001233211032
000212210232
000011121033
200011332213
111120300332
211332330311
200102030323
201000200332
030000223202
000011222320
100021322030
003100002323
231010333123
220103212323
220000002032
222030213223
210303322211
100223222211
020213032232
330321332023
232201331323
233203333112
133320322112
130103303231
010013300132
333120323123
333010321331
322000313133
002000322130
331022323031
101120233203
113101333203
113232303103
310213233013
032323023213
303323033312
031323213310
330033211110
100013301113
131310331131
012301303303
223000333010
221331333210
123032332110
130121333012
230332033130
230210231133
233323322000
030200332300
131232331300
232123321131
331303210233
303223300013
333033021013
331223003113
113203302111
003300311013
011103231213
331112321223
013213322220
023111233023
103213323201
120113322121
120332320210
300132332201
200322302113
221333223012
103232032200
023002232200
031033321100
331221311123
330231311331
100231321313
322230331310
332210322200
232302323200
330222320100
333102313300
133023122220
133132132320
320303033103
110223012033
311211330303
331312133032
233210302323
102212202020
322230032003
310002302003
310113312103
001102331130
230003311200
112302312203
031003212221
003301322201
003033022000
000331223211
003032312101
001330302030
202203301030
211113332020
301103320301
011130320003
001133132310
201100331201
001313301001
023021330310
332133301200
033130312200
212223312120
323022330202
323303203000
201033210003
123300331002
313003303120
212130303320
213030320220
111212303220
100222310122
013332300120
102020330001
210003203301
213103300103
203300300001
111300230330
210110303003
211020312303
011223133031
010122133300
102221313230
003221030000
102120003300
020310323002
103112330022
231222300023
300331003000
331033000230
303322000100
301023032100
331120302300
330200013030
320132220300
221302222000
121112203300
331001320000
213003231030
322132300002
022212323110
302312322101
122331323102
122211332010
321333311102
121203302302
312223022202
322203321021
321123312221
331131322212
012020331020
013020223013
113103223001
111003030002
133330032101
131232032013
012330203230
012112223030
321210223000
212122301303
113230213301
022232001303
221123220331
010022200001
312002222301
312021221330
302331321130
311002210030
022231221000
200223002000
211203200230
001132000023
201220033023
011320222201
211130133223
222321213300
110323123100
133012321000
120230200000
121003213200
013030133000
023220212000
013301211330
222032202100
223202031003
202322020023
203302210203
222033132001
201110120333
213330102023
011332123131
321332021003
133020203002
031021222002
303100222132
203110202203
220212212200
022200022220
003200220120
330320200310
123030222312
121320032032
223330022132
323133122130
320302202123
321101223123
013303002221
100330021200
013230321211
232232321012
221122312002
232122213202
221310220023
322333020120
032203133220
223231322021
123301302210
233201223310
232220222110
313111230030
223021321302
233311200002
023322130022
132031230002
022022200212
312232200122
030323200202
233323120232
313323100223
033123020322
231233023222
022231023232
013011020233
102023011223
321122220112
222123010232
332200230021
333300213121
333010220210
021221002203
133312103203
233233103120
033331032322
033313301212
203123010300
021030230100
022013201200
113331311020
311313113200
303311212003
302133122002
301312310230
302300320122
303023112202
333211203021
313203212022
322220120222
322313203212
203122320201
201212313213
221302323121
202332231111
313031221122
130102231102
111000311220
223003311121
223001201323
210213200022
210230302132
332201302312
313220310132
332112313112
032110320212
301101331022
331030123220
031220201233
023120030203
033202311312
032111313000
121123000120
022201312321
022313122122
222332121222
323301313202
202111323022
320232103022
122310133022
123113112022
223113031120
203120331122
233310031022
332120033322
223112002332
220111311221
002033031112
112201300320
012320113223
213211120323
002321310213
002123113321
320101133322
233000103232
323210303302
131330013322
132110313223
332031122303
313131112223
333230112020
233001130020
123202013020
323110020020
333310002013
301310002200
331110033213
233311002230
111111002033
231110000222
330023000022
220001031220
222011102222
313111032202
101313130202
112313130123
113122033121
003313023131
300130020231
013111313132
001311310322
021033111322
010013102300
221200100022
132131002222
131201022322
232210012122
220003121022
120333111230
010031132123
201331023123
321302112322
233132011222
031013102232
123002102122
110031202201
211132023021
321312202331
210331200213
312133011133
133001310231
203030011123
033301101003
011121102323
031321303112
130001120332
023022011132
030120131003
221101311033
133220011213
111022022310
130122012230
102010100033
101311020000
111312131000
111113013310
111112020102
131322110220
211312113023
213133130131
312333100031
113131002310
113100201130
132302002130
111130212113
312301022033
232201032030
312100100323
132011013330
213101012133
132300310100
130203020113
233200210102
133321113132
123021000032
331010300112
330120311212
032121123032
213221013002
302200112302
103220131302
313302112131
311000201313
131132113103
131021211033
122231010203
202230311301
112300202001
311301010302
110301311111
031231221321
323201020103
113213012102
130221212102
212003121231
232001220221
210022013221
210301131300
222331103313
303031011300
123112121230
113312312011
003312111202
330111112032
030112112120
031122230121
121221130313
113211201013
113200122212
212212212013
112211111212
302111211132
021111010032
111111103112
110110321020
130111103020
130211022130
103212112221
223011111330
032031100320
231310111320
230102110232
211221032221
211210132312
132111320031
030331101132
031110011230
102310021123
002311120221
312211100200
211201112200
201230121202
101220011000
211002120312
313321111100
122010210300
110013030210
300101021223
300011301222
210101020202
233121020013
222110000103
313201100012
112300101312
110121221113
200112122102
121100102030
101110003231
032210003130
011230003321
000110023312
003012030312
313012020321
212030030021
011002030221
310203022121
000021311001
003023130221
002211213120
100120123002
200300130102
001202012212
011001210122
001301202103
220210100230
101300000112
022100301102
012001121100
201211133110
302120210120
222221021120
223210231212
302003120210
102113112110
230131100103
211331110012
213301103031
212111012321
221311213231
221231101030
111021101300
100030100310
100022003212
010220102012
232212003201
202220001312
130000113120
301201113221
302231012231
312101133131
010311230301
220011123001
031123001101
021101300021
331132102111
201213221120
310131120112
310101310120
202213110102
320120121030
313102201201
011112211301
211210231001
210121302011
300203111010
202102011100
000111010100
010121111231
320002121201
100121110210
011120030010
101221321101
012212100312
303122212311
210310212101
322210211331
102211220111
221202111301
222011201131
231013012301
320133110201
312021320211
021020120113
330000201221
130130212021
123101110001
102130111121
003020112310
203302113110
333011110311
000103210311
232221112011
121020210231
201112030131
311112031110
323320301110
231001212110
000300121110
010232001110
030102000301
302122003031
303200000331
322020233112
312003013321
301000031131
211300010121
012103001310
321303020011
010030101331
220320201331
023310113101
021303103113
332310011101
322030123101
032021012101
203032101321
202321301201
031130131211
312121013110
322222131101
312010022110
203000221111
301021221011
300112010012
102322103121
101323201311
002020202111
130031013013
320300110113
321200133013
330230120311
030232113011
222232010311
122022031011
020330001211
111231300211
120323003011
220012000011
023101022111
120010033311
222000023211
231020103111
210011003110
132001101111
200221211111
122311001311
