--- Global Parameters ---
Code Length:			12
Min Codebook Edit Distance:	5

Max Run:			0
Min GC Content:			0
Max GC Content:			0

--- Generation Configuration ---
Generation Method:		Differential Varshamov-Tenengolts Code
Differential VT Code syndrome:	0

--- Results Summary ---
Number of Candidates:		349536
Number of Ones in Matrix:	889099980
Number of Code Words:		1202

--- Performance Metrics ---
Number of Threads:		8
Candidate Generation Time:	0.54	seconds
Fill Adjacency List Time:	2443.91	seconds
Process Matrix Time:		1303.10	seconds
Overall Execution Time:		3747.59	seconds
=========================================== 
111111112222
222233333333
222222233000
222222202233
000112222222
112202222222
333133333331
311111113111
111111100010
111100000022
222200002222
200000000002
220000003333
030003333333
322222200122
223002222221
001133333322
221111113300
111111333333
301111112333
111233333301
122113333311
331111133223
231123133333
111113123312
222111102220
022203333222
112133333220
002213333300
000233333111
001111132200
333111112000
022111113233
222211133111
222222112112
333113332222
233233222222
033111133301
301113333110
333000002221
322200000111
222222000301
022200003300
222110033330
322000033322
311100003331
333300333300
223003333302
113003333111
233313333112
333333233123
333333302320
231103333221
332223333211
033303332211
333333112011
333333001131
333300000103
333111100133
333110033313
133111331111
331111002211
221110000221
011110033222
001100002220
322111103312
201111101112
032111112112
333311122212
330301111111
223313111111
011233111111
332211101110
000111011111
103000001111
320133311111
223233331110
130112111113
022222331111
333222011111
200220111111
031110000110
111113030113
000000230111
000111133132
121201111110
111312211111
220112221111
013300111110
033311001112
111123331121
233000033110
033000000312
000100033302
003300333113
302100331111
000100000133
002220001113
220100011113
112110021111
312112222211
112223222111
002200022211
233300222111
300202222111
333302301110
333330032112
112200033112
222300333011
333012000000
333220003301
332220000233
112000002213
222211000213
133300033233
313300033121
003300003201
302300133333
333332033001
333230133322
132000332222
301000222222
133110222221
233110002233
133220000122
333313012333
133333101222
023000031133
223111001131
033333030033
233333131330
330233331133
303233333203
133223333100
333123111123
323330111133
333321133132
333222233230
332221112133
332222231103
333312313231
133330331103
113313333003
332303311122
330100031122
133310003002
303330001322
123300011122
000010002122
333322101033
333322212120
333222322213
313303332133
233322332333
331222303333
330330331311
333113013101
103333301313
203333023333
200303333232
303333031010
223330001011
033331101001
033332002022
000333001123
003333112323
133311113021
113333011332
013333023222
003130133330
133332230332
013332313333
223330332322
323323333021
103331333022
023133332233
033211132233
223310003123
223333230012
222333001233
023333002301
213133322211
113300022202
113330221112
111333031211
111303321113
103303322223
233313322200
003323321111
203332231311
213333030321
233322031122
330133222113
100113322111
303100022113
333232023133
233331322132
113311332231
112213332213
311233322233
303332322331
233222201331
133322022231
113331102311
110333123331
113331001120
133230302111
113332003013
213130133111
312313323111
223320331131
132332313111
313313311100
031333123113
033201233111
232222333132
022303331331
212323233331
231330113331
033130111313
010103331112
110223311110
311200311112
331203332332
213223332232
013100333231
131313332323
032300023331
213320002331
331200011333
112301111333
113210001133
113322131331
112222230333
133222232022
113332122123
112222131122
103222331133
103311121133
213311031333
233221131101
233221112322
222221332221
113111222110
113211133130
223311122331
323221123333
323021231111
323110211110
003331032131
223311333030
003313013011
033233123031
023332331013
023310330333
332303320333
000333230330
030331303332
233301330123
333301203213
200013311113
221013333123
312012033333
000210333233
312211333122
032311331313
003112301113
331123331013
300311331131
130311213333
333112123122
133011233322
013311131222
123300222333
011330001313
311332332313
100310002333
331211211131
312111131033
111211101331
111133101233
001302111133
321323311333
211112311313
111123222333
211130111122
231223111130
221332311123
212222011133
133231310133
123111121322
103111003033
132010103333
201311233332
033012111332
132211133003
122221333302
032222113121
003222112331
303221133011
203211113123
222331131312
111331130330
323331101210
313013313312
111300333032
121030233333
321330323332
113130330122
133131013112
231333010112
213321113012
213211321112
212303311211
233032312113
323203322112
023213321133
322302221133
012110332133
112320331233
312131301113
322113023133
322331331223
123321211130
330310011130
111120011130
103320003130
202220033033
303111031102
121120113332
132233013033
113230323033
222301230333
223101312333
022320213333
322231211313
332331011012
302331212111
002310111331
103332011101
220332013332
222330221331
323311132023
123333120303
212300113322
213030013133
211300021132
223030303112
323231301132
321333012222
320333031303
211333231302
302333013231
332003013113
022033012111
222202023113
223223012313
123013003313
322031303331
332232130131
232311303321
321311130311
022311013322
122311011211
322230111221
232330312221
322300011031
323010133211
122221032113
222332123211
222203030231
120300030331
112300001301
112030133321
002230103311
021101233331
320110001332
210333002312
122313310332
122123000333
102330313323
120210311333
120200333123
133203123123
120303111103
202333123122
112233012122
132211003232
220211332332
322210130123
220333130223
022023332313
122201323233
333201321231
222010311121
322112310113
221113130132
123211101013
102311130112
012331130123
012211311103
022312111102
123023313132
222011211332
123330300032
120313331120
123123133212
222232330212
322320002312
022130030113
122310330221
202110333212
222122303322
123132303123
231213311322
131313111032
122322311012
122131131230
222212121230
122212330130
122203013101
122030011312
121333013300
123220031321
023210011101
122111003100
220110331102
221100123112
222120031012
322133123301
232230313302
222132011303
201303331310
221222331330
231332303310
223123202111
221133021212
212111032232
212120313113
122331323310
222101300311
232131203111
212230100113
332201223312
312331023132
122310021323
222231013220
302211122231
223012111223
120211211122
220130302133
220311001222
230111311120
023332011320
121330023221
021131023111
210211112311
202221003121
303211002332
022213012232
112211122102
303221121122
032232311232
332233021230
032323323322
302222232321
212230232223
312230303232
121233222132
221312222232
313123003323
002323111120
220230232112
012332302112
032230323110
133230113210
232320011213
132310211222
230331213222
233130233220
332130213321
333230210223
222130321220
322123221222
022323222123
322122013211
332321023221
331130100332
221200032130
023230100131
233131030130
333203030120
333131300012
330310333023
233020303323
230330010323
332300022023
231210031223
303321002123
023302301222
202123112222
202230010132
220220001120
222322021310
223322230320
023202221110
332120311310
132123213330
203123113310
122121223323
230123233122
300323332122
330221331222
300130113112
200322311132
332011131302
032300031220
023322122313
022321132301
022121321312
020222323332
023222131220
232212312033
212313221223
221321032323
112321012223
221020331222
211220333120
131322312222
032112330122
202313300222
211232302332
202231223133
211210022333
231211023311
111120032311
233102323131
230113221333
231321121233
221121123221
230311321211
211232222210
030232222233
123312222101
221303322101
223130203301
133231223301
323223222201
222323322030
002223322220
233220022103
231223322310
021223333010
001211331211
213121233213
212013331301
013213332101
132121312211
033121031231
033123300311
322212302210
122033230121
123320332010
120323322321
020203322231
123012032222
133123321302
103312313120
021232301321
021112312223
031113023231
023111032120
102111022213
203210222213
231121202222
031102312111
313321222131
223121220122
331303222230
330310222332
232012222323
031312221122
023123223033
013123330130
232321222302
231310032302
331132031232
133202012132
203130211232
230120101132
013322001211
013230223121
021120211123
231120221312
332132020112
331230023012
032330222012
000330322232
020300022322
111331322322
102310322312
113012223311
323011223232
330130112231
323130012032
313232312130
103233012230
323131232103
003231312212
002131233221
003103013122
002233020121
021230133032
121103011231
132113023022
313130202212
113023302221
033122302220
113120113223
113112012121
321101303222
321311311022
330210322121
320110332230
211112323220
312012113222
321112331201
210222231221
331012301312
310111022122
321222131012
311322131223
313322120322
210221132123
012221032322
111222122321
012120122221
310123112213
301313211221
123122012330
221222011021
011221311332
112221113020
021220222331
320121212132
111112031302
311131211330
301112302232
111322202312
313312302011
332112012203
021332030312
011122230112
020130203122
000332131322
101230231322
312132323022
102122323112
130222031312
101210323331
320332320222
220331222120
300230122223
130212301223
110101313122
110122312133
210121302112
110201231113
111231200122
121022313311
213221001022
032222002102
131221321323
131300321330
013310022130
101332123233
022232023202
102220032202
100222022122
121211020222
122033020232
103301202112
213201203132
012131202233
013113222203
200113332203
120133332002
301033012133
001130021233
001132330133
011112130231
202113012130
200123321231
232112300231
003202302233
003122023232
010132301131
001200322123
020123313230
301122123131
222122130203
001122303211
113122303202
233201302202
211231301101
231201201211
311230132202
312123211301
233020213211
323120210231
212231210231
211131122303
303010311233
302230312103
320123003110
231130012210
302310012220
132023311220
102323220221
203322122021
320302312323
120322123220
213301212230
323201212022
023010212212
300202301122
320232303011
322123320011
123222120023
312222022031
213222212300
221022232301
330322132302
330220032320
310321332330
330211030331
030020023222
330331123320
322301202320
233302013030
233033013002
233013110321
232120330301
223132312001
100132313231
203122010131
331223221032
310232012321
101321213321
000303012331
301121223212
003023203331
002300300332
023023110233
223021300232
022021211221
201011312221
032022230231
202020021232
202202013022
221002322312
202021313312
222023111002
022330110022
102030023113
322030022303
012130013230
122100123031
122001221212
131010013321
121230012013
112120210312
211222002013
220332022013
222320020021
321122020223
212322030230
203200000230
032230030201
122230200220
212022012202
012023203223
123030132203
212331012100
212330320202
012330233300
301322030132
121322230103
301300330223
301120233320
333120220013
301222012210
111220221103
301220110222
201123000322
201222321203
201112120123
012310220113
302120320133
300130203233
002322311303
221231231003
321213330033
330123320120
132313330010
112323300320
211122330023
320023330332
332202300302
303310332002
003222333002
003322203023
001012223333
102023221313
130200221131
130222120111
122022320213
332231320203
231022300111
201023330213
303022323033
302022310232
000022231123
201332330201
131132300213
230032330233
201132013102
101022011233
120022201231
220022131313
300322201313
310023211133
200020322333
000221101333
321221001310
311122322300
031122123302
213020223302
310320020333
333010320311
023022023011
120032123312
230031323313
000322232011
130111320332
101221120312
002222122003
001202222032
200221022230
003330022003
100120203111
131220311011
030332010211
001030013211
001220011320
033022013303
332022001201
301320031201
002202323101
012022023130
202320323300
002120021301
002320330210
010322330321
113032320131
111102310321
211100231230
031322331200
033002320232
000032322121
020002313221
032003123132
103102300132
122102310202
013120312102
303033023021
321030332012
011120322013
031030330313
011230212022
011032300222
031200330022
221031310322
001031323223
011011222123
200231310121
302013223220
202032303203
202331300110
202001232220
230301232310
301300023310
323102323010
220033023320
212033123030
211301302120
302323210310
322232010100
222002230102
201310310311
200130023032
323020020130
203020330102
323023103300
223002310120
230031001231
303020312110
130330021210
130230233030
330032300321
230010310222
130023220322
130230102022
110230213102
130332311300
300031311332
303001013131
301131030121
303131310230
313031312201
101131311301
121121310220
131121130102
131102030131
130020330211
030032130112
311330331020
230223310031
123031012021
312023100211
311101320211
000223123012
002121010212
003123220210
331131220220
111332201200
231303220022
131132323100
011130320320
321131330300
011200031031
323200331003
210200332201
321233321000
132120023200
121211032300
121020221320
132311220320
001321221220
113121020230
021321320330
013322321030
033112010230
130221102301
020221321021
011021023321
013210002021
210010222231
210032321330
110032021222
221030021023
200002001223
232102302100
012321302200
200000131212
212010023203
212310100330
012222101010
222001031203
011101331203
021133010203
021001131232
021101011302
313101010123
331001313320
333001011202
333021330200
230211001303
030101201121
131031211210
023011310131
012013110313
133021210313
130011031213
331211021020
003011221312
030111122023
002101120122
112201020120
111001031323
110022002323
010111002330
020110022031
312311200210
011001211311
332001210211
001130310012
101300221011
311310221033
312300221200
131002321201
310003023211
011011001210
020031331210
012011303302
032031322301
031311121300
033011300320
032321310023
001123110021
331120300021
311102011200
111202013010
111003120223
010003001232
030123102103
030130313020
032010211011
320030211022
100021101222
110011121121
330001221323
020011130323
201001213213
330032121203
023301213010
032101313200
113021213200
010333121200
010201212120
201311011200
032001320113
021021011013
011323111003
313021303103
133202303003
112112302003
103101212203
110102123023
002110123020
101002302210
130010022012
220120112100
210120103303
310112013013
331103123003
111001102302
130122303010
101231232010
211021221130
232011221200
230221221010
230001123202
110011332022
210022332010
311032030210
100230030120
301002303301
010300003023
310332030023
110231300230
131330210020
033221032000
000220331100
330022020310
311022120013
301020211303
033031023100
303331221002
303023110012
300211221103
322011321010
320020322020
203011210110
222131220010
300011001321
230001300210
312001223101
022112020101
001131223300
032030110330
103001123230
200001022311
210103012011
310130220130
113121123001
011331020010
211030002300
210103333000
131031030301
131101200300
302331200303
130033020103
013030301100
300032001012
000230110302
200332102300
000033101310
000002032320
202321020103
020002010313
200003201301
300003122302
300003031200
000001021130
000031112013
220011102012
100002120321
110003030310
321000130101
320030020011
100010033031
200022030021
000021133020
301011330103
100101233100
200212303030
210021120331
120101312010
301101210102
313000032000
210001131300
101010111020
303010100220
003010010300
001002010202
110021001011
230012111001
203011020201
200301202033
003013320013
100321031032
003321130003
013211020033
230311030012
000131300202
210010001030
301300110030
002103012003
010000120103
100001310033
200131213003
001111000301
000201013001
302310300013
302322013000
021310030020
023010323002
000302302002
020001222300
321002300023
030200111000
211130200033
231020200330
202012110030
102012200332
012012000321
030320210032
030031200030
221002120200
211011010032
310201202001
012201231000
102020200023
302302220020
022010220030
120211222030
130102221000
110222321002
100021322001
011023320031
211013222002
311010311001
320320221001
210320011002
320020110003
110220030003
300221020002
110211011000
223211120002
000022310000
232123100020
123130101000
002312210001
330303310000
010330310001
110331220003
121011220011
031010100002
031212220003
100123100013
111321330001
311220210000
120121201002
101233110000
310111320000
011123000000
130213200000
121223300002
023320200000
220031300001
122303200003
