--- Global Parameters ---
Code Length:			12
Min Codebook Edit Distance:	4

Max Run:			0
Min GC Content:			0
Max GC Content:			0

--- Generation Configuration ---
Generation Method:		Random Candidates
Number of Random Candidates:	50000

--- Results Summary ---
Number of Candidates:		50000
Number of Ones in Matrix:	1821412
Number of Code Words:		5990

--- Performance Metrics ---
Number of Threads:		8
Candidate Generation Time:	0.06	seconds
Fill Adjacency List Time:	38.34	seconds
Process Matrix Time:		5.14	seconds
Overall Execution Time:		43.55	seconds
=========================================== 
020011112200
023301111113
100000030131
110000001330
032223322212
311200112000
001003222222
033300330023
033103330000
200000002013
200000221003
200000201221
332210233311
332233010000
133323300231
100001001122
222331111311
222333303311
110131323332
303330100033
332221000033
330001111003
330002122233
000000021223
333113320022
000111110003
021111100100
211112200200
223300213330
022222333331
103333222001
000002110100
000030021001
000022112222
011222011022
112333300200
203311211333
220011011111
200113332221
311100033023
200011110122
000211111022
111112210301
221112233331
333111122113
200001031110
000002222200
000020222232
001030002222
002023301222
022133011222
022330332221
212203322211
000001020232
000011210032
020000000300
300300003310
232233310233
323323133033
303331133022
303333333220
013333333033
333333313311
233333213332
333113333200
331131133320
033112330310
102022212203
300023333000
000133312222
023332221000
233332111230
021313222110
111322122333
111020120002
110021133330
133111130330
111111331231
111111101002
111112113312
311122213330
011122013233
111113333012
311221111011
101120111111
031100011111
000000101111
002200011110
012003311133
330333121111
030333311132
033303321101
333333012202
333333001000
033332331030
003333331310
002333330102
333330330300
003333310322
002333332323
313333320320
303333322122
200333322311
003333213133
333332313233
333333200303
223333323303
222333223021
203333332012
203333300223
202233302002
201333322003
222233332222
122333333332
212333330322
102230333122
213333302130
303303333331
133331033331
100033333330
000233331033
202033033122
221003332122
222232133022
102233333211
021333022220
111233322201
211112333001
003330022101
131313313333
301313322220
302230322222
300020333222
110030332221
203333200000
111130333233
113132333331
211103313333
002321322222
033333011210
033333021331
133313023330
322300011112
322200111321
312220000222
211100200232
222133320012
111000021011
111002110010
112000311000
112000000200
130000200000
110101112000
202201000000
202113002000
211101002002
111002001002
001001100002
311211100012
112111130000
233210000000
122300000003
222000000102
223320000033
011300003003
120330000333
212030000031
300300020000
331322220000
330230000200
111321111131
131201111333
111103111331
012111113311
312211103331
321321103322
101121100022
111010002221
312111103022
311111113323
100113113333
100333022333
023333232233
133331223033
330333123333
300133323331
323133233333
113312213333
310300233333
311300333103
131110133332
321212213333
110312023313
111000110322
111231333313
333301311030
133013310003
033011100003
313301100032
033313322000
002302222001
302322223300
320233222220
322310222000
222330220003
221300300000
222330232112
212311233112
100333321112
210333303112
101033300331
111000300301
321303330111
000331021211
033332210033
330302332000
333133110100
332131013300
131111220333
120111000033
111010011233
110000202213
030001022113
100300002201
331112203113
311122330333
112112100333
112310000030
121010000002
111100310003
111101010030
111111113130
113113133300
132331333300
301331300300
002111200000
032002220003
311133323000
113331233130
113332203322
033111113100
211111200313
311121100030
312130100000
222331000030
232333113300
311233000001
011233120000
033331200230
032332100032
111333300013
333313300013
111111320021
211111322211
311101232113
312333133000
133332100001
133331211010
333311121311
333311222001
330111132000
331222131300
333002331300
333302133301
330011333102
021333021101
333021133332
033322133312
033332231113
233332220223
023333131111
333232333032
331123333332
331111333313
030111110332
111110023321
101111233311
203111113321
113011113201
110011333011
311011130311
311110232311
333012113310
233202123331
233231233330
023233323330
023302333332
122202033332
223003333221
101003333322
111003030233
211002033333
101103030332
201002331222
230332333222
233313330232
113003333232
033313030333
333023303323
333210303310
033330220311
033330023000
032302000001
313220003010
213312000001
213303020003
213300022130
211000121112
131101112112
233311323333
033310323103
030312233333
333112223323
030000322003
220331302033
322331332232
320331233320
311322333320
312223333113
000033300133
033023300132
303303330103
100330330020
130333333121
300333332031
323333332003
333303232002
332330330022
102300301022
322331022223
323332300030
233233323000
133133220021
102003332203
120003330003
130303333303
133233322103
100033000223
211003000221
301000000322
200300300023
100330010003
310033320003
300333103300
213033303003
100330303303
100133332133
112013333120
112333323301
123323032301
333332321301
333323233320
333300313320
130330001300
330322311120
133033211100
333000003300
333003223333
033033033320
233333020322
333030333221
333330320231
333331322133
333330311103
313333322213
310332222000
033303112300
333301131223
323301332211
332331312200
232331221200
332331301211
333300001331
333330012131
333330131322
333033123312
233331312331
233330223130
323300023133
233133000331
321130003331
132133300033
111323003333
313330003303
103332003311
333133023303
123330302203
012333033321
223331300002
023333320001
013333323100
013331233012
103331323321
213311333321
110332103331
301331103331
323331031311
223331001333
032333003333
330233002333
313231300333
323133100332
332333311033
330033133131
131333320233
310313330333
310333312133
203333023013
310013331223
011333020033
011113220031
011110000001
100101000001
121133320031
111133110033
001120000013
011120020333
101113020300
311122020001
211103320001
332133333023
112132333000
122303230000
222320322200
122113313303
003333020232
010333103322
330001312300
033300132221
033003332223
033133130223
033313313031
323311313332
313033113330
111013013330
112003303333
033221333333
201312333333
110301333331
103220333332
133130303320
113303203330
330130033330
332303320333
013303300333
313111332333
303110333323
313113313322
113330312333
311023033323
311133233302
302133200333
101230200333
001133203033
330332200330
001133333022
201033321021
122033331031
120033233302
000332322322
221331333302
013300333301
133123022333
023332300313
223331233313
223233312033
222233033313
233233113313
233333103103
311213311333
311133003022
111233003300
110031100303
010233000332
030132000033
022203000333
030233300023
010333330011
000320330003
003302320000
001330223100
233022200002
301102220002
310022200333
033002320330
303003300300
030333300310
130330300113
301333313103
321033313002
230033330001
211013331003
230313331033
210133220333
010133233330
221133333310
233113103310
231113310332
120023333212
012202332333
222203332103
202233333100
032033332300
101233331300
020333331301
201303333011
223133313120
321133330212
311113332102
321123330003
313322333003
320333033312
322333323112
322333312101
332033310012
331223320002
232333331123
221333311122
201333100122
233033330133
233332033033
333132003133
033102130333
033310113330
003311133333
102310332333
031303123311
203113330001
011033331200
211133321220
010323333302
320231333222
303203333022
302133331221
011133312312
223133331032
310133330220
110333310022
011132330002
121133310322
331013330322
311333032322
113331332022
033303320222
133333231122
110330331332
201013331332
001111332331
211330123332
213331113312
113130133322
223300333200
011310233313
133303132132
133303221130
110103333102
310111333032
313311133100
101110323302
012133303310
020313313330
221330331133
201333131110
301133321312
000113330132
233333111002
333331120212
121113333100
021013333121
020133320111
001113130221
001122033331
000330013332
003100303333
120233013322
030030001132
200120333330
200113303311
011230333300
230133003300
233300132000
020033001201
011330033202
011330231112
033330103302
223331020300
223030000312
023330230302
022303303302
222033210020
120023220020
323223003302
323232331200
022023331330
022333321320
022033231220
322313121300
321113223300
012033310303
031033313313
031300330311
001033302203
303323303203
331033231003
031103330133
331103330301
030133333211
033033303212
031033130332
330133310030
323133303202
111113301200
303332231303
303320133300
200003332300
323333011330
312331032333
330310002332
333313301332
311233130323
201133011331
322113312132
322211303112
333133311212
332233211231
133133233312
131332132332
033133313230
133313301123
123300333123
133313332110
133311310311
123311033310
233111301312
033000333111
133003330310
030230333030
203030333320
200313133303
212031133333
021100133331
221130113330
302100033332
312003330332
312033300222
100333001322
111333201332
223103033303
123003003323
302303003303
122030303322
100101333323
112210133333
333203011333
320111303323
110131003320
323000333233
332100333213
033323333213
133003302331
131011333230
120102333300
232310133310
111233033231
311031333101
311133310101
333001333120
033223333001
333200133031
232230133000
302213330000
322003333030
322330333031
123330301331
321303303333
213030003133
211130000330
313133030310
121333301103
121313300300
021313330033
023123303303
221303030330
311301000333
221210103333
102113303330
102331331130
010113033301
001211313333
021321033333
322032033330
322232333312
222123333133
322332230012
011001030322
011111033021
221231311333
110110233303
101101003333
001301303133
100011233332
012112333322
000121133322
021303313220
202113300302
001133131233
332221333322
330112331322
303132331330
133233313131
110101331133
133233310302
010110333223
001100333232
001100131100
110000133231
000000333023
102303333023
002102333002
322121333002
222112330300
002323332201
022233323101
023013333203
322012333221
001233300230
022222331103
023301322333
001022333100
300300333002
120030033001
310303033200
010303332220
110303233120
112200333020
100200033330
321033332010
121133322210
301033133033
301111313002
133133030002
130113313000
300313302000
003213033300
032022133300
031113133003
231120133303
211203330030
301233302021
331133202001
111133232030
031113323223
030031333312
201203320300
333332002011
323233300301
303332030001
323333211011
011112331030
021310033030
000013033230
200033303302
220031332301
232113133301
332132133331
310131313233
103133033232
311313033133
103301330122
113330031012
113303301000
111033102000
111330220000
110233012000
101333020022
210133030000
110301320000
111311310032
011203300022
113311313120
033113331021
123332033102
101332133100
113331130300
011122130300
133313013102
111323313130
111110031310
122110003310
021133000010
221333031000
223332030020
223222330000
220233310002
111212320000
131121130003
201313300030
233123310300
333122033300
333232032000
030323133000
223330030231
012232030000
322030331000
332033302030
132133322000
331101233000
311013200000
013133200013
111111032120
101110132003
111100130221
111113131322
133111313223
021112313323
031131322333
013112323303
011132323133
011003323131
012200333312
023020030333
311312231132
313121133321
323213332331
032303323021
331233331121
033301332320
333310132210
332311333011
032113323010
112201133200
331210330100
030111333120
332311300302
322223200002
323231100011
323113130000
032113200303
032213313003
320233023000
022133313113
022333002131
301131303110
101323331120
131203333311
231200331333
232000002333
130003002233
321323331322
323111233312
032110213332
110100213332
211100223331
121101223332
211122331122
211131333112
111311331110
211333011130
113113101010
111132330113
112323331133
131131233131
312313331311
112213331002
213201333010
231333130301
211331303030
111331301320
113333010211
112333111003
211333213101
113330131220
233323321220
313312330301
013133302321
013103133231
021331332131
020213332133
032021332203
021313123332
013133103032
301033023001
322033032001
131123033110
130323313220
133323133230
131332331323
101302131333
022133211333
103221133311
122103133110
213033332102
000032332102
000033133112
133033133211
103001333211
113013320133
331133001323
131133311231
131133021033
110113300103
101011331002
130013322033
131133223301
312113320301
320133301031
231211333012
122110333022
122211133321
120313330010
133233300110
332332333110
130313321131
013033312131
023003332311
121133030311
331123311102
313031331002
333103331130
333110133112
333111003322
331101303321
301013033312
303313032313
300003233313
303011333133
301210333233
303310332231
103313332202
301203133320
331200333220
312001330200
303213303230
332333003220
331233203320
031233313221
322333131022
303103303221
001331313320
001333013223
121333313021
013330130003
301033301320
301232303330
012311323330
033130131110
233322331110
333110031100
313010311320
311100011102
311030310032
101303331032
110333231033
100031333103
100303310130
110032330023
100333103211
031311033210
301233030032
331122303002
002203323202
022203123312
131103013312
313113103123
330010313330
030013313232
010011111330
001001002330
310001313332
331300030332
330201330333
330023311332
033003103321
330000103332
333100010033
333110130303
331310003123
113310001133
312100031133
031231331133
100003301323
323001323322
123000133330
122111123330
023011103332
033101031332
333201233323
323332123323
200011003312
122300203331
322330013321
302333021332
313013100322
221001323333
120033032022
133331030023
113303030031
233313130011
213301300110
100031130001
110011300200
313113000130
331200000030
332200300332
330020300033
331301110331
113011000111
013101100331
313303100311
333300303102
333003111302
233303311322
213330131102
323332013010
113303111102
112333011112
101233113012
110231133020
101333110001
131311112002
113003210021
233311310020
322331311120
332211133130
303301300011
303300100302
233320100332
233011110032
231231113032
111131011111
010113311111
331110221332
333210331232
333230321122
333222331131
233323223311
303323330211
233203332312
213323333122
303311301110
303113311020
030332130311
333113231111
331130011003
331010001131
231013003331
303323003321
303221000331
333031310033
333331210132
301333123132
300013331110
100003322220
101133322323
121111323220
322113233230
302112323333
333321101131
233311230130
320331220333
130331221132
333311221232
331310332032
323131323032
303133230023
331233322230
303113322203
032303322130
233133221320
312313222023
311213322003
003030233003
013033232001
221130233003
331130113113
303111130322
311112300032
310311120022
330300110322
231113321321
211212333130
333011231210
132011233310
111000333110
111210303311
120121033331
022121333111
123122333113
120032333231
300323133110
100033232110
330332312312
330133213112
110333121302
111003122332
112003312032
211303331302
103233120300
313131223322
313330103221
133300032101
133301030110
203310000311
103110230331
203330132303
213313113003
312331113023
313230311302
131113031132
111113012112
311032332112
312033233232
311303233031
133311110233
133310032033
103331200133
103033132013
133131300132
133111311110
033113210032
113133123111
313033001032
131331101130
113033222233
130333221223
123332211323
313331311223
221333213233
221033133012
310311323311
300312333321
111013320310
232013313102
323203313000
320333120200
003331132030
031003333202
232002133322
132300033302
133320003130
133221233132
133201301320
332013311220
330000301122
033100331102
312033113211
312030332301
322013322303
313113033002
131301300001
213121100002
113010033000
101330023030
130133103313
300133100213
301200310022
233312030213
333121302033
333223320133
331221321333
330131011333
201303113332
101331123222
033233113122
023323321302
201001123322
001030123302
003331230100
003331310010
303131330112
303030331123
333030203111
003332200111
330030033103
330333213003
330313113301
303213133201
103003133020
323133133101
131320333101
301133132301
311231233033
312321330033
203133133021
212103303002
231331323123
230130323323
030013033113
231230323302
321213331103
323233211203
333031302231
303033000231
310330022011
003031331203
333211110301
033031330110
223131330311
223103130013
033010300313
233100330313
330003300110
333103100131
133230003031
333231023030
330013202303
323201330232
313131000301
113310300101
112202300001
223303300101
233330101010
311103100110
311111320110
222300033033
212130303303
221213033123
012103133302
211103103301
310031033031
213113102333
121311203333
032201103333
323203103331
322011003302
122311223322
221323233002
211110233010
212333231002
223233233011
233023300011
003320002303
023320333011
233030030010
323103320011
231033230221
233220033110
033300002233
100001103311
100033102332
101131110330
021331100330
002031300330
002033032033
002131323323
103111033130
331131312130
332123332122
330133023210
330133212323
203031213323
200033312323
300031300232
303031220222
310033230012
222130312333
221330023313
321033033120
333103013121
323131231122
221133233122
200333231132
201233021132
200030031313
203320123313
330131231300
300233330123
322223130333
003233310100
003133231121
202131233212
201213333020
133100010301
113103323020
111321233232
213302323320
223021033323
223013323020
223100332330
223113330123
232211332110
232131331132
020331330113
221331130032
132131133032
013313113221
222101330332
231111303033
003231330332
301311320332
000133132000
303233130233
323031130312
323012233032
200333120221
223033123223
123010133223
123013312233
222311332323
030313123222
100313033221
121313033111
120133233113
120323131333
320113133013
320033313213
130331132133
101112030133
301110103033
003130330131
131300301330
303133013011
112233013311
112332010033
120233323011
130203133133
130203300230
320033322330
300031323120
200331331320
111200332230
230001331103
030003310022
033033102201
330331120031
003311100031
330033131222
303133112232
013013133013
122103233033
122232132333
112300223033
022301333230
022013133310
000101033310
000011133301
000131123330
110133113132
300331102032
330011102232
330311233223
330131302002
331230131032
331201133232
301320133221
301121330321
130111033222
332322013030
232311311130
133231231111
112212311110
233123131120
313323131312
321111313121
321011233111
302111332113
001130213331
002303023331
212301033311
030311013331
030200033321
031210033222
332211012333
033112332222
133312032220
133112322111
133213323222
133232322330
133130322223
231133213130
231002330100
331001130103
330100230030
331031232333
211101131033
313031030133
012331030130
120331130331
220111300331
233113302231
132331003312
022332303010
022330003113
210111330222
201011330112
211113201133
211010320030
233312022323
023213130330
223313031322
323111112331
121113212333
132102331333
130131330301
100231320333
002331120332
000331311303
001302310233
021013111333
302033121133
320330231110
302333101112
301031311332
031013113322
032133113202
032033321102
032223331132
310223331102
302001112332
330111123122
331111101103
330311111102
133211131002
323331113102
310133111310
302113111012
322123131102
331313103102
333032221102
131331320012
121131321112
011111311102
301011111131
331131102200
302111313310
220312333310
322113110310
012211333031
022233303232
002230003300
023300003320
000330000210
300333031210
120333023131
233003313110
003332032200
003332113002
133320130012
133021133000
133223112130
130331123000
131203313002
111202233002
103033113110
130303131110
133030330101
200131331111
222323321111
102003331111
212002330133
112000330122
132103332321
112130330321
132233030321
112130033113
212330301033
212000033120
013100033100
323200130133
133323311111
133330233213
033202332130
030233031130
132230311333
113001132333
330213320231
030101332032
113310233032
132211330231
022231300031
010123033032
030100013303
332133103110
130011103110
312011303130
103113031000
131110230200
033011030200
231101100300
313201103000
333020110030
030331111030
030211102320
023331110232
021233111102
023133031100
001313321100
102130332111
232303301100
131300231100
120332111110
223321130301
233321213131
122333211310
023301033131
012331210011
212331313131
322321313311
302321333132
033110031323
023313312012
322210133010
322303113121
312233303121
112211301122
131113002322
131300332122
131132332022
133332301012
230130331022
230301330302
211110031022
131332113220
133200323120
133300021123
033332323221
003332223023
130333230232
020333210222
320332320023
030333222032
230303322002
231030332223
000311321232
103031132222
023311323122
313332200232
233322031222
313130230230
311323200320
033111323212
103331122313
003323111103
300033111013
333023211313
330231013312
323323013111
032033030111
232333031201
331313301201
233203300221
330033203123
200332002133
300332001031
330130303021
333000313012
212300031300
233000021332
300030133021
002031323031
132323113132
330030110132
333023121023
000333112110
002331211112
211332101111
113321103122
133321031312
301323031311
230320033311
203310233301
303310310310
103102133302
103023313022
313023313301
023303213321
103303211023
220313233020
120333032100
001330032110
001333030201
021330303200
011332310310
211311231331
300011331231
330011030130
200111301000
302011130003
123111001331
300031212330
322103131331
302033031300
120213303110
202330010300
203330120330
223312222330
202333210230
223313210111
210313310310
001131330210
031331131013
333310101113
213332110010
031332320200
230033101331
203133102131
010213323022
213311030102
223110003032
011112003012
110331003011
003332101203
103130101103
213023323313
011033232122
001031313212
021332220123
002330200233
301030203022
021030233322
020103133122
331000133022
121120133012
121221233322
320223323323
011000023312
120200033102
020103033000
031013023000
112030223300
113030322200
112022033322
222000233000
221333110211
233301103033
133001003133
133003203013
131003100102
233303120112
123310100123
330101311223
032101331231
012301330123
012310133111
131013031311
133303000022
033301003122
213103301310
213312301010
133132300311
213310330211
230300331212
233321303212
133101103212
213302133021
323321033001
333221330010
211100333211
111103322111
213223332111
013232333222
313122332221
310223332230
232023330112
222333001120
321113312211
331113120013
321313323203
321330203323
320133013023
020113032322
320103312322
222303300222
023033302020
222312331220
132310331120
022310330100
123303311212
111332033121
111233211131
330002100023
113301230002
113311211212
232301313022
331223132322
321123302330
133011230033
132312033133
112310311330
102232033303
330110100330
321013310100
322100331310
322300323201
230331220310
311033222212
332332202313
311331201313
311033002131
210331002331
212133122331
203213333131
203023033111
230111313131
201111131330
231113122330
101311300131
111301321311
113300323111
313310011110
130013233101
100112331113
100311130113
101310131130
213010131010
103323001110
003123000133
003213000030
003030031330
001033001130
131303302113
031333002112
330331202110
330233120322
332113132021
121131332330
321131301233
121133103133
123110110332
123330103230
233200003230
323031323200
321233011133
132212332303
332313232233
330103222332
331323232331
132131323230
133232233202
023310223300
013312013310
213032233302
013332120333
013322032332
212120333021
202311033302
321330022302
322330021103
300323300113
030322332113
022223300111
032230300112
320313000002
323020330002
231010030032
131200020002
100130002302
110103002331
010133102133
203311102233
110130020130
312303032211
011121330132
002213300310
300121133030
310231303310
311132103311
311310130131
303313210331
301310030012
111231030012
311313123001
013131130101
301130030200
100132032220
000131030002
003311131012
110123133222
311130002313
211132133123
302131033103
101111311203
011133321013
002213321011
231111002113
223311013013
323311121133
332311110323
333213111123
031313111230
311311112233
311121132220
001112113200
021313231300
011131232320
321013123323
310311312320
310301123130
110310131323
111031132302
113032112320
032031110322
113132113303
013213311103
001323233010
131313213010
331331212301
313311230313
313201323033
113300102303
113310111231
123111033003
133013101111
103101133013
113313223011
213131233000
013003123300
331003032300
331121032330
311213231310
003123323130
002110331230
021101123300
031321311300
102332111300
011310313203
111303122021
203211323300
101303300221
113230330232
300131322300
031112031200
323111032220
331203312031
123311120303
033131120133
133121003303
130311200332
213321301332
201230233332
213312331233
013321330220
110332200313
130111023013
220111033011
333021103011
013211113320
113223113310
110203310112
130233301202
230123331101
223010233013
233011232301
223331012123
123001013231
303101321303
301302332303
101023331013
113233133123
032233213310
031132233110
000212333010
310232330010
313013223310
132220133320
111310113020
110320113033
103200310333
000320031301
010310013000
010011130102
011110132130
013110130233
211101301322
011100300313
300303230301
100322303131
100323113312
120330111002
113132211311
113221332331
113322330131
332200332011
113223033011
113120300113
313120033213
311010033011
130100303103
301000331033
323100300103
323101101112
312032203331
313323203211
013110210000
113313212020
113313032121
110313230021
311031330223
103110030023
310200330021
211303130023
101330213002
213102330023
110130103201
110331011032
011131021030
011121113003
111031023130
111303021231
213031111232
133033010232
303230111132
233033020213
201310313010
111113130213
211210323323
213300311113
211101110210
011301311033
112301113133
310003211030
112313310113
012131101332
113211321031
132032313030
113202313231
130002313331
313000200331
001000020010
230000313033
203101123333
320321002333
201130230133
223323132323
013203030313
102301311332
302310031331
103313101301
110313101233
132133201002
132310121332
123121313301
122331131001
132331101022
130033201020
132221003022
122330110030
023201113010
122310103000
010301030032
322010300300
022030330133
101301013321
101021103332
310221132332
102011031333
212313302003
221311330213
121331022001
123331222121
333301212220
313300321220
111303000120
001313000023
332003000021
113033031101
003033013101
203130031001
313310300222
313310020200
311332002030
111330020312
131130002203
131323002100
110133221200
121003321100
031013302220
123323302222
131321233120
311322023303
301131032031
133131002310
113320010000
113323312002
122332031200
122133211201
123133012130
133211000313
132222331020
133230311020
213323231303
233123233103
300130311000
310032301100
300030001020
303233003122
200203310031
000203303132
102020033313
000020103333
002002300033
003032200333
000030003321
000300020333
102330020133
130331010121
030330232131
010233303213
302330032312
303300213031
331000213001
033100023330
331030210330
031200323331
030300103112
031201031100
133031031221
332300310221
322313031223
322130000220
113300201232
002233200020
001032110033
313000310230
011300111022
010001331020
330301321310
033313212311
332313223111
233113212101
033132212100
031103312100
103100311112
310310011321
233320021301
233310010221
003310331222
033222033122
103320330223
100302033233
131312330222
210331023022
003323033123
000031233223
000303231333
001203311331
001302033113
111130203111
301103033131
031030030323
001331003022
032323033101
032122003311
231323033031
123212303331
013131203103
213311201100
131313122133
131213112013
201013110331
121310311313
232122313302
213213313200
231130032100
011320032300
010000313002
033000130002
300001130020
302131130010
321113003101
021332132010
101110003213
202131132300
201111312220
210313002300
003130202330
031232013300
301233213313
030113013320
230233131323
232332130200
223330112200
313030102233
303303202233
333020132313
330030232311
303301120230
303323100220
201231003310
130311002123
103311001021
101311003010
133032001033
332232113020
302212131333
330211231113
333210201130
303001100113
303031102311
103330112011
300311000223
300113001022
030311302131
223300102013
333010320223
333130202213
032130303223
331303002222
331300222313
331321222233
212112232333
333321122010
313101320102
233130122230
321301132230
010231003130
013210323130
230033130230
130013213323
330011213211
130312313213
113011232132
210113322131
010013223223
213301302323
213001300202
210013003123
110131111123
113112101122
113100002023
113220030022
213230300122
333200003022
033100030222
303010003012
200331000302
032130003002
131330202302
133200203332
212312003332
220213003332
330001203031
133100032213
113000032312
133210012331
031312011332
301110011323
211330011322
211313321022
113130210120
313013032110
313003020010
333110200101
331110310122
331110000321
302113000320
312311000021
301110101312
032111211111
312311100310
131011100201
032111100210
003113102230
203111222230
320101000102
020003010112
120301331011
103113321211
131332212310
310313322110
313231123110
332223230110
113132321123
103103011233
031300311231
303131310221
023133203231
033132012232
233130023222
211300320122
203303223322
103003023002
031031032102
011313032232
310301031312
013003032132
101103032021
203301313132
000300310122
000103010223
310100000213
030200000232
002310000322
102310110012
003131100122
031311110112
113121110232
013301211303
033012131133
023300101132
033102311312
000002311113
310123311213
331102323132
313130320212
023113131303
111021013032
111123113011
110112323101
310123323133
110113223130
130110323231
101030322233
201013232323
211103232221
111120313202
123130233200
013100323221
123100323202
123030032120
100300321300
020030032302
020033023033
221033000103
302033003013
310032313303
010003232303
310001132223
110003213133
213011223131
313130122310
133301220300
133001213030
033001212331
133020123302
113302013200
113012323202
231330132231
231030331011
231033031131
321003213033
201000121333
301000213310
010000303310
010330123310
030300233310
112331213320
123010321322
110321113321
011032003332
003303230112
013033011202
000303220121
001330311202
030303230020
333032030120
230330130120
200333011020
213331121021
303130113120
030301110120
230300001030
003230103323
203031103120
013031103021
003200002332
000202033202
002322033012
103110002112
233230011323
033200110311
033110312011
330303203232
320300300313
311000120313
121100320333
131100103131
130100102333
211300120233
231213100133
331323310123
331021313213
331102031311
231110201300
233011101300
333000101101
331300211321
121302233212
213300033212
213013312120
203113112113
231130321233
000110032033
001003210332
031000201333
021000300032
121000230033
333001030001
232101130001
300213013033
230020332303
200320332011
300331233011
120033020300
020003320333
120030303130
000023030300
010020333031
012130313011
121003132133
121301123030
023130123003
111121231330
030002303322
203000323312
111313122200
113312321003
113023231000
023002323133
020230002330
030013200331
233320201233
303320221210
333322131020
033132230122
131302221122
330032210223
333011213022
302131010022
231133000222
201330302120
331330231202
302332213123
230130010133
031011000133
201013000233
222010100033
332300213133
332322111313
213320321310
113321322230
212323323231
222033232310
122023201333
123023031313
121220312333
113023033203
112332323023
202332123302
323312111002
331012112032
331121011231
211110112300
001100203300
332021132033
310001233010
300312130310
200332310013
203232330033
300110033311
300310232323
123130222303
123131220002
132031210002
012001320032
012011310000
332002003112
031331022203
031311103203
331311232013
032131311013
313132310013
131102131002
123020131100
100111131312
110131121010
130130110010
133031122210
122011301310
212201331323
111311322013
120332132203
131112132301
131012101330
130311102030
130123011130
231030131300
010303220300
011000322320
231101032312
232031330320
202221333221
223130103301
221030013110
130000320130
302000320020
312330011000
313030223002
332302230303
310330212303
233233222301
203003321230
233100322301
233001223002
223303022020
203030011302
122002133303
132001313233
223010303102
123103001102
231033002002
132013032003
001103003002
011303012002
011013302002
311030223231
311013220332
131122100332
310023100032
213210033320
012100013022
233013210010
231003210003
211100213002
011103131020
011302331223
012130133203
000213011330
230030012330
213233122023
101300122323
100303111232
001003132230
201001133030
203000033231
202003233031
001201233331
001101331011
012013030001
010213003010
011130102302
313321012302
321330101030
321001310330
320313002130
321300313130
302130001100
313000112022
330000020022
303003032222
320023232033
300021123133
111121232023
120013202330
120313002321
331130322321
301112232222
301231203302
312301203030
010103322302
303110012330
010103030110
201103031320
210011303320
100111100320
100013230320
001332103230
000133010312
100313011311
003131010111
120031101112
113031301222
130131301210
123031312312
111001123013
113111230123
110013310231
223030313231
123313122031
130213103321
123233111321
200133023202
313123022102
301112303020
303122330020
330022330012
332010230002
112110210022
333111020202
303002023033
311120230022
303112030211
031113002201
003101320023
131131200023
311021003233
110323100003
111231002103
211310011031
331112311021
201112310033
203001200033
200211000333
012111031233
110110030212
311311003202
111310001212
201131301212
201110110120
211132110320
213111111023
313123211033
213110001013
212100020312
321113020322
221131030322
010032320331
001211000011
101112002231
301212100003
331213210130
031213031320
301213000131
030203313120
111213103230
311311210200
332111210230
111011223233
131131122232
133312322032
013332122222
210330112222
003321203222
000311030312
121133122122
021133122303
122131203302
102031330302
103213303012
100210030321
100130123031
010031231032
013002031033
130032233032
000232310032
003123311002
121313111000
121110113001
123211111300
021113011312
121101312131
030111011001
000130110021
202013311001
211003021133
211103022230
111103223003
210101223303
000101303003
112101223100
112131001200
012231302300
113103202100
013103211110
311323211110
113100111203
313100213303
110013211120
131023321112
111032311121
311323113203
110331220203
311003123020
301000102300
320003123302
300003113210
300300311011
000100301320
001000130320
321010232330
103132323030
203112332010
103322303010
033213203011
333122000312
333102201302
133101302200
030201130300
003021103310
012211031310
003122300300
130312003100
031310111003
000101112320
221100013200
200001131302
000301111312
110011113023
200110130323
210100130103
200020033020
102111300233
212300300230
100201113302
113020311303
313032111000
320301110000
113112012003
100012012333
103012330303
303123230312
231232310313
231332211103
331332021123
131332102213
120331100210
112031110100
102211103030
022113030032
001101310032
003100200032
321132030030
211130301100
231013030210
231130310201
222303130201
322031310021
232302310301
322302313023
213103010111
013330101313
011000113132
113200213130
130030113100
101030011120
301030121110
101332010130
020310131220
022113310120
221102300012
332010211103
330003021203
330003210101
100030100310
100023013320
310030120302
000322101300
130330222020
010032013030
010322233130
231223301301
310232003301
110120022300
103121012300
301120013301
321312000330
012223313321
012323133233
123231332010
121233130100
121223332200
112133132223
122332322233
121330032023
121013232013
111313020223
122113301023
113332302221
213130211223
010313031022
112231103233
012303223230
111031201203
111010312023
121031311023
210313321303
110013101022
230000310102
311001211233
311003131212
112300031222
312303312222
013102331232
200131203332
321003312232
031302003131
101330230111
301301003111
233301013211
333010112201
303001001221
231303011311
313131213211
310132130111
311331120102
010131112102
131112010011
331123010010
301201313311
302333221211
320003232111
312000323123
321312303001
123302323001
321102303203
320101133233
103010213233
312011132300
320300231203
323330021021
233030211133
330103201033
321103001332
320030032131
310010332132
332001233222
330202323303
130320213301
130232132300
210001122300
110300122230
230301102231
211000310131
212000111233
011022123330
010001112232
011011111222
021011331313
130331112211
111031210311
121231031301
320123100001
300231000211
300103302111
303320002111
101300001113
223300012111
102010331212
020001003222
200111312012
202311101132
230301121122
203111002022
223131101220
233100311220
031120001032
223101100232
231031110213
100033120111
010002332312
001033223213
303023233202
220033213201
212033320201
110323320101
121322331010
131000233203
130100131322
001012332322
010032313221
023012330022
200223323332
101223332132
112323031320
123323030112
123211330111
202223133330
123301013112
121300310302
321320000312
113201100312
013201300132
032011003032
303300203212
021300113312
321000110002
123102013313
232302213323
210303121000
121030221030
311303210302
231132311000
103313110200
103132130213
221313312001
223113220003
320132322001
122312330032
310102311010
303233120012
101013113220
101131112221
311000013220
331001001000
330010210313
020000213333
102200022333
102000200330
310103010020
313312200020
111011001020
211130101023
311131120231
312131112222
033121111122
330102111112
313211011132
013321011012
323011121320
300331213200
300000313201
330110312302
332100311131
301213111321
033220001112
023303011120
033030110103
223130111012
233130002012
211121310103
301230013100
332300120003
133231102023
110010132100
113122132100
332130121200
213213021000
233310210003
233112000232
233112032002
233013020102
223000321021
033211023003
233211222033
233212321133
031323101002
030302100303
130210013030
031100130010
231023100000
033001121222
003303122220
310000022332
313020021322
101032231332
210003220322
202010303022
120111010322
203310320021
210102003022
110123331321
101213031121
103000111030
130302011203
130301120323
301011200330
301321232110
231001011330
223110010001
023031301001
203320311000
221213130003
203011001003
331102033202
233211332202
101213131010
103220313001
023200330001
122210330301
020230312000
111221131000
230113100221
313201321321
313200031112
323200331221
311300132112
113200302201
110100101110
112101032112
120001032332
102033213301
212213300020
202233103033
222311200233
130101223320
301101132323
121131102323
222303213100
202132212000
223303202110
233131212112
331110212010
330113001211
112310202332
321010031200
232113001012
232313012002
332323020200
323231031020
311320003100
130023031010
203023130012
121321313002
123312313022
123213230322
213132303220
213323101022
203003003220
333102100320
131021000323
331321100223
331300220220
313100201120
031000001120
010300030121
001300101310
030110203010
030210103233
001010103232
331231010222
332011013223
112330002233
213200032103
303100130201
303200002203
102010003100
310000102001
302230003021
203103311201
203302101331
203212213331
310231223331
320312110031
021311101311
020311000010
023111030110
223112033120
020131311321
011123011321
030323021320
030120033200
003200013200
303000212302
303032102030
103321021330
123320221333
123310221020
112313221000
121132013320
211323131132
302310203320
323020203322
223020100222
230131102322
202332303320
302330101220
202301230300
130230231330
332202310030
323200230020
102323112330
102033132320
302231320311
203320302330
110231321230
233230230032
332030200013
132033102103
130000101031
320003010331
220010331331
200312031130
230321031330
123021200330
230231301030
120211131030
130112111200
131111021100
013332102110
002131103100
012211000100
003301020103
001111020203
000300112303
300300132200
303001032010
000301011100
000130022200
200021103000
320021033200
211001203003
121001233300
012001321300
200032133002
200321230333
000321302302
012032100300
110032130312
110230210302
100322213330
220302113300
200330221301
020312103003
102021313300
301021233230
302121033220
002001031320
003320103120
103301221231
323320023310
311123021300
331113022120
321030113303
213301101203
010301103223
312002111330
303002121130
132101111130
232000111110
302100112110
330310012203
323100112313
331210011213
321110322013
332111002221
310110032101
311001321001
300012032300
300010022002
101301022100
332010012300
333000220100
331000022110
332020323001
013200301011
032011010110
032033101310
303200010131
012000031010
010030101033
300031010323
110210110330
310000131130
000200231130
312003112303
310020003132
031003223112
121002103130
122130101330
210012033110
100103323121
100230323101
120020023100
310200310100
110010012322
000302123101
100300201010
323002001210
322300210010
323013021030
332313021001
332300021320
332320001230
332321003113
333212031033
332012031303
132311201303
130010113012
123002023010
031032123010
200001110013
302120330302
130000130223
120000103003
103200003123
132002012303
110033012123
013133022113
131021012133
213330202211
132300100202
112300110220
313203120303
032103012003
022130301103
312313011013
310321001010
320030130113
311200301113
332221302111
233112213021
311020103012
131222103000
122122213300
122032212330
130132212331
130023210033
133002300212
233012303233
323123010333
123123312023
121331212013
133302213113
213311022113
321332122003
321232013203
233103201203
023301203100
111232203013
311211203213
023003231002
223001011033
323001211000
023323301033
020333201030
302023210000
002303010030
000203031011
301030310210
002003311020
003021313220
120032110233
303021100201
303302111123
323011002313
232303000203
023010003023
303020103023
003001301131
003122301233
111223321233
003223311230
002221313131
003203112313
303200313103
232100231303
003111111213
300211111233
301101110203
003101132232
101100101232
211011132032
210312100320
203312100130
200102130232
000001302011
101010330011
031010132011
320001331212
130001310011
123001300120
012300100113
002320100023
223211130012
223321011310
221331112130
122101110002
123113102120
103211003220
033130222202
010003321011
133003121012
300001211012
301312111010
231013111101
323010311113
300121310332
102322313112
102322332100
300102311333
330012031112
323001032123
323330202222
303302301222
303320013202
300300012123
313203302212
300330212221
300030220213
300012302133
232330123201
320312332103
310303021132
320332011132
322002330313
302100133003
003100013013
102000130013
213000003021
211300103102
221130012321
011300200210
001303001212
012133001111
311011011210
111020311210
301011302213
301300231122
213012302032
023210003312
003310132113
230100103213
010203103311
002301310311
012310300311
002312133210
002311310033
312203103323
322000103221
310101103103
310112123003
310111101230
101320113103
301301231003
302301130102
002100321101
000203100113
011203133103
011230130102
010132103020
310132211322
102132013332
121311030201
232331100131
110232013120
011021130230
010231331001
010202331131
112002311313
311220131313
312230331330
112103301132
003021031002
101102303122
101133200112
000110211030
300123110320
322101103320
322103110233
332203113213
313200123230
323123113223
310120111030
113201132120
233201131132
133230112112
312100110122
333100211022
330123103121
300023012031
030123020331
313211302011
300031201103
333012201013
301020010113
311020013003
301003202013
003100310203
311022011132
110120131002
103320231202
130110031201
311112212002
301101001202
300002001303
320010020133
302110020303
020110120033
201013012030
323010102032
323312132132
321301302122
222301301020
311021113110
001132121000
002112313030
303231221300
201313212200
222301003200
213223000200
130220030000
323200033003
232000301201
300323032002
233201033203
303120301003
323211301003
132221131303
223213001130
101302000102
112313010202
312132200302
010322000000
010313100202
030031122302
022133121002
231311021002
110132200022
311203001122
230031320113
122321031033
301001010212
210311021332
121013102232
100312102232
302213233302
320220033231
101110211132
130211001112
110211112112
203113213222
103113202002
123101320312
101100120110
222110300110
321322300110
333220100120
220110101030
221100001003
211210001303
021010010330
220001302223
011011032010
030031101213
110111321213
202001003301
001301102301
113021023001
130213030031
110031302031
121303100031
312303101131
032303201031
021303121130
022300132030
020001323301
201031223311
201113111223
011001312113
011010103121
100102100131
200023302331
330023322301
330013122102
130011012102
330223322120
300221302330
113013102213
301131020123
111320010213
120132101003
131201211000
213002101100
223011011202
220113110020
022033201003
101131021322
110310203222
103302323232
211031021122
113302123223
213322123033
210310203033
113110202030
231132023030
231102020333
233120233020
333120230123
110002232232
112320312132
203002203332
000023100102
200102300030
100223300033
100120230033
320220331033
220303311023
120303011031
233302231023
233322001003
233223132002
223321320030
230011320000
020011332002
021021320302
133022033023
230223033232
230200313222
330122133323
110121303023
101200030303
121012130030
120120330323
121000110231
131010223023
130102330210
131020303211
230103010231
311120303031
121021003103
021021131033
321323111023
312132301133
201002131013
321121003000
312113103200
210311031123
113221031323
211120103130
220311133121
023311122213
103011121202
023011132023
020100113202
120101013020
120310011010
220013101200
320130102320
131021112322
033311002211
203331223202
203313232211
023312000200
323312012233
313112132203
313031121203
310103012103
121010302303
101000301220
013020003220
013030023232
201302311020
323030022230
321211000323
321113210223
311230020203
321111230120
200302001220
310302300223
001113210103
301211021032
310323231020
233002113001
333032132021
330323302223
102330312223
300312312222
210033232213
130032322112
100303212113
103013010323
223302120011
331223000211
133232300223
331023012201
231120112033
330321112023
010321131201
010100331201
313211322122
121132211302
123122301000
031220110032
011213221130
013232231333
313222230330
112120030330
013220203330
013230011033
010323003203
101020032030
100021032303
300321003003
320100002030
130010020203
100300202132
321021302003
311022110200
312210300013
302101301013
130201131023
130202332322
330221001313
233202312013
132100302032
131100102020
111102023220
111122022122
113201023322
230131030203
310030302023
311013021023
302103002102
031001020223
133210302013
103210330200
103102300002
103032013003
030321313013
030323232323
331322323023
302323231033
002320230030
102332203031
030320320313
321320323012
003223130303
000132133103
010320202333
001322123323
011332121320
103332121120
023032013233
030332010213
331231002013
123100020132
330203032013
030232030322
101323003222
310103200312
132111121323
033010122303
302031311213
012011213033
131221123203
133202123103
233021221330
203023230330
303021200132
331222013323
330021201223
000213302223
302021101130
300311121120
233210131103
203210103100
010331212332
033032312213
131030212232
010211132013
303112113101
100103122030
101231031220
310010222220
100031221002
100003112012
213000312211
110031122311
211003103210
200010233210
202101332130
321023132100
011031132211
000311120210
203101102310
200003100212
003300011021
020311031102
003130012020
121100223020
120303220012
213003200012
210030301012
220003001010
132033200311
030303202211
003030022213
103021000013
313202000023
200031020003
301021020200
311002233200
311302111220
111200123320
120223311300
122233100310
100122331030
121230003210
201220331200
212032033200
112122133230
203011320203
003002113023
300302113203
000322211202
003000102102
203310312103
333121212303
020303101013
133021211233
133021130123
313021311130
303022320230
303203232130
303003221031
130230220001
023130001031
013013020121
013113201220
002311101200
002301011013
002030113213
011010211013
031010121132
311301213222
000321101123
121302110222
233021300220
123302122200
223302110323
212230332023
212213131222
212233101011
021131010103
221331021110
223102113110
210310222310
231323223203
222111131210
102330102110
133021002232
123221000203
113322131203
123221311033
312322130001
301232111001
301103211011
001013123011
300101011301
210101021130
211301022010
201331011201
221003101001
211323320110
220231030031
233231103231
221323111301
220133211121
231302111302
120313112102
221313120222
101231121003
001013112003
030111312203
030110211223
103211232003
132321111223
231100312213
200103012210
200313121230
203321312221
203230313202
230313112021
203233032213
202031312003
232313312213
303012312313
132301232103
211221330233
321022330222
211031030232
212031130122
212103110000
221032111032
220332110102
221230200302
331220230301
311200000311
121110000111
130120003112
100120030102
000200133012
002000203002
000002200302
133220002211
000032220310
203022231003
302210330112
230021031212
302201330131
303103220133
202103101113
001103123113
231012133113
210303123113
212300312331
010312113113
100103211312
120130010112
121310121102
321021213312
100312231101
130322231200
110312031210
133010212120
130300023213
123023212030
012303112031
123030213032
011130012131
302113011203
102313103203
101233023203
122130132302
322120312300
312302312300
322303012313
130210132203
131211222200
210213132233
312103232203
111220332003
211332032003
211032010013
112203003030
102223023300
202023133023
002231133021
002210113002
132020111300
132203102300
302222311300
021223123002
102120311200
120130311203
030103211200
302013201200
003011211102
113001221103
130002211102
103000213122
322000013202
323221001212
023032110121
012233211122
012331301121
013323321211
312233212130
031213012032
322023301112
031220330231
303112231321
032030022133
233020032123
233032032231
303022130103
110022230100
002211201333
030321121233
100102201103
200322013302
213020010332
312200130331
022301103031
020321013032
021002103011
123022101032
130022010322
332320113222
332032101122
113022011013
113102231022
323122003022
201022310221
111322310321
333021010210
330200113111
302201001103
312011031012
120111022002
031111122022
100211021303
102121123033
022321133013
102301132032
312310013232
231211031232
232110022322
031103121322
031303221232
013233212300
031100320202
001101012122
311210120232
123230001322
032330312122
132332312113
222033131213
222233113230
222232312300
210223031113
102332001213
201110122232
311112122321
111100222032
101102200013
110102320323
002122300011
030112200312
030232001303
203322130031
103022131230
000221310323
213220130333
013221313302
013021300022
011302233020
313022023020
122131000012
120210100232
120132000123
131320001121
011112011120
121100010120
021100020113
131232100120
120113022220
223123001020
223002301003
223223031012
220103101303
220323300021
322113210001
123232003023
013312132031
000121300231
200021000210
200100011232
200022300022
203002202000
000220100030
103230020230
030230020223
132301200223
102331000221
033203022323
302030122003
311310220013
312123022013
100101322022
110233220222
110001022012
130313200220
203013201320
121230132321
220132200220
123121200222
120130120022
110012302222
113110122220
112111302320
112011122230
102111122203
122110111233
032110122030
122310232230
023002332200
312022302200
003012332001
013001112001
220021310001
101223323031
010121002303
010212033103
012223331023
001323311021
002203330213
002323213303
102000211303
310210010031
212001011303
302200013323
312201202333
301211203031
131010200031
332102000231
300111122021
001132220322
011233110222
010220030233
013032010022
013231220330
003120122000
130102022003
320101023313
201211122000
222322110000
332132210103
201102123100
210002323100
010123303101
211023031301
011021300111
000110300111
100010011113
130012001213
123131230233
002113031113
001323021113
101313102111
001332122112
303233212211
310332012231
310112031221
300110321222
313232012313
132303122313
112303212210
310320131233
211323133211
210133212311
113203212312
213203113321
231220311322
212120311130
233222110330
023130013122
211201111120
132100021233
121000012013
011201002033
132121030113
000112103112
000111203202
033112023101
003102032133
020210001133
002200113133
032112011133
032100010123
033200031013
033300212013
330002112011
320103123031
001022323032
001211323112
012013311012
031020012302
233100123132
331210012322
001102122332
001321112232
001111220132
001301122033
120101121033
120321211303
132121311322
221213303222
130112310112
130121010002
230101200021
201121111032
001221112303
202203113303
022111013203
221120332031
320201101232
031023122032
213103210332
132002101312
102012111132
231321010322
231213010021
201213102022
003210102033
003123121333
001120223313
000230122333
000230331321
200221330132
100221031133
011223111133
011202110332
033022310302
031012103002
210121032230
111312203123
101213220133
000110223133
103220023033
323202203033
101312223112
010230223102
010230110110
210320110100
230213001310
232200010210
002203213032
032012331032
031023031021
023123030202
021032330201
102201310003
102020010002
100223101000
030002010230
002001201030
010011201000
211200210301
011002132301
311030211301
112100101021
022111000231
002101002200
301210323001
010010320013
201000130001
010221103012
030301032301
023301002001
123201021003
312120320003
301220001000
300220331310
230020303131
201002000003
211112030231
211221103001
102110233001
231112102023
230110101123
231210110203
211220000023
231001202010
221113102010
212113123030
213223320330
223002130112
223023111102
232201213003
221223321003
022011102233
012301032021
021003100020
132013120320
302103100011
102103020012
021002312001
230203020301
233200212100
002223233133
221130210100
230103120100
233221201000
010123201003
231233210322
330123210022
033123020023
030321210200
211230203120
232130120310
233223210203
232103203313
312302033122
031230132120
031211301211
323012013102
331120121022
130112031023
310020112102
210210310023
210203300133
220002100133
330022111131
030222113332
030022103130
321023030132
311202132013
312002032130
031203023013
021233302313
202322332313
310232032032
121202130301
330230200122
020032100110
220102301100
200012203120
121300021301
212110002133
212131300210
310211002110
320211001200
320311210103
230303212301
233010120113
200001023123
000002120021
213221200310
210121020031
210131201011
100321120011
011231322022
320011302120
020213010200
323202312332
022321311233
312231013113
000220011231
301320311230
301322300202
300022321003
300123320200
230030232102
033002022302
100222322000
302322030203
011332100201
031302100212
301322331031
313223001221
231022311031
320013011123
030030211231
030231200111
231323000113
323302030113
203132213113
223132030103
233022001130
233102011131
300202000110
312030100111
303000230111
300232111220
300232131302
121011213132
312321122303
311021122312
301311211221
323112010131
101020302001
111002302103
100322022103
100022002120
030321223103
030321000101
030100121020
101101210220
032300131301
130321002210
230323022011
130310232011
111032003201
033232003201
233322003231
223320032022
311203210121
230020112000
230020131332
230003121313
220003113011
210002131311
211213113111
200123121112
102300211131
023002001331
020230013311
203032001011
200002011312
220303013133
203202013130
223203013210
002020032100
022312003321
020130031213
330120032232
330212003210
333202010103
302223010133
322002010003
023023110013
002302311323
230023022323
230022101233
200111012133
302121011123
301221111222
200223132222
030321111111
001210022133
212300221313
212330321222
122303022133
322303200133
331302202133
112032320010
132232032023
330212320013
033122230013
003112020033
133020200301
132023001301
132230103012
030203302012
033320321012
030320032122
003203231200
332201102020
331201200200
032200101002
003232001310
111321200110
101022200200
112312020100
301132201310
303131201020
300321312103
023131201012
010322310102
023220103102
222220001300
220220000103
210320320202
100302032012
010030213023
103002032321
101002332020
012023233021
101122323321
213032030321
011003220123
031002321323
000312200230
001312301320
001120320020
100203023020
200032030100
200131013122
310020233120
201320013111
231100213123
231223231112
312332321102
332110301102
133211200102
031100221103
211233223202
112131123202
121123211100
201112301110
031001230121
211230131212
222003101332
003131023120
033120123220
333120213210
011121323121
210021133101
110023010011
212002323311
031121020120
003012000120
031202103122
012130103122
030110002021
030020002201
011231020131
000210200301
002230230001
032313221313
012211232133
031002032211
001103022101
002203003221
002220031021
002233010231
312223203031
122230030110
223200320130
223221203303
123322010303
322102320130
312103320210
001103202130
001113201111
020211301101
120210301021
021123301123
101132020313
012310232010
101320202020
110212020023
000202201023
013210020103
131322320103
013321120203
132132221023
133203221001
013002230223
003020230213
002111230321
002113113121
102301231321
100201200322
102012302332
001022300313
002022200130
003210231313
030102231012
310321203123
022003132012
022000311322
022030321232
021120303132
021200021332
011203002320
222000220332
023203102130
023100121310
223102121030
023132021133
223013221132
203110220320
003101211031
102311111031
310203111021
132030110212
302203011022
301202311102
302000210123
220330021012
020332120131
020033112231
033101022031
020303020231
000131202323
201323101323
030132203232
320100013211
201000212012
013012120132
023302212002
013002212030
003013222301
002232232103
001200322210
001001311221
002011321120
002131212120
002233121322
300223312023
311022301223
311122231203
301211231200
302201131322
002121310122
102131312301
001312120022
101332100321
010132023311
101210110311
301223212002
030121302222
001203021120
030021310221
320103132210
021200331022
201023313210
330221102031
320223002032
201330022212
201301002132
201213022312
312012303312
013200230321
012320020002
310012001011
310001002311
310101123221
101012023021
020110012301
213203012001
201121212001
211312013201
012302213203
122023223203
310022233213
133022231321
012332031101
013223012203
212233301223
312220032303
312223100203
013222330021
001322021001
130221001001
111320021220
121123031230
210121011222
111203211222
113203202033
210032021020
010332212101
103203021210
130220302130
203233121101
203223322001
201032232200
101203232202
101323122002
103231230210
103112122130
000313122131
000120102131
003321212313
003202132111
032020311331
002010121331
300020223311
003023120321
001323203121
001202200001
332230121331
022220113310
322210211330
320321321230
302313202032
333320222022
333213222322
331032120222
303210220032
102302200232
302123001232
212012001230
321233201230
322103220023
323213320220
223230023203
232001322031
120120021133
121020211332
130232121312
132123212202
021232100012
002123202302
112103023122
110220301032
210233011321
110020302111
102002030112
121023103112
132203013123
102123203011
010212220332
132023231102
120220330012
100223110122
122002300132
012203011302
010210301331
002210302232
012233030212
232330302312
323203000120
232123030320
222200303202
322200300121
320211003021
300221230021
322303202320
231223000332
222203003320
032022030010
012102200030
011222003202
231202003001
210220330101
210202303003
202230300331
202203010013
122200110313
023020100311
232121003031
232222030301
221110203201
221113031202
200231112030
210231111210
211002312230
221010311120
223012003111
221103231130
222103301233
222011330121
322012320033
200123013113
220113200232
220113132103
220111233203
121021133221
122003030211
102200031311
122233002230
023202010220
111202010323
111120102223
221100302323
322130210313
322033223311
221302100230
201302130311
001123232123
101123213230
101132223200
221032002330
210312303231
231203213231
323120332110
021132210230
012121010323
012010111323
212101132313
002120012113
231031203220
133022203230
032220020303
122032130210
221020330211
012130121113
112101212331
212220113301
120110223311
133012223312
330212023332
001012121113
021113213202
323112123202
002311210222
023021211322
322003211323
230011032021
113222302030
112332220330
212020022000
120202030203
102213000201
012020123103
011020210031
110121211001
111213121101
301321121302
012102211001
032221100001
031021110101
032011123101
231101223101
002010323111
031122101013
231021021013
113210211023
013210101232
310211210122
312231211012
322211130222
132112103223
130211213232
132123102220
022112132220
230011211013
202302130223
010231130223
312021302323
200203230233
220313210323
321203321032
200210320322
200220001322
301220313212
301122132132
232102132133
321310212133
232032121033
112122221333
102022233033
100323223003
010302222231
102030223223
130312122023
100123120103
102031211200
122331230220
122323103221
100023111211
100122011321
100130221111
210021201132
100213131132
102112311002
211212031101
100231211313
122312200310
201020311103
000220111113
210023213332
200302222032
200323021032
223332022031
121012111013
212121111113
110201210013
120001210203
003021322102
030213211031
131002211011
330213211210
120323120232
320323223032
221033222203
123030112213
223322202302
223220023331
220130210332
100223002203
012212010203
201132030011
312121103111
302102210112
102120120001
100202012200
023000311101
102233222200
102123310223
221133202332
222031203032
103213123102
120131123120
220033111312
222321110133
223223113131
210013132312
010013002212
200130002121
220112000310
230011201230
320031120130
212013212230
220121223033
112112311223
210000230230
200012302200
202120003203
221012301132
220300020320
220031030220
220031003121
201203000210
203120000231
002120010331
212212011033
032020110021
130232031121
001102010201
100113010121
032121300321
022201000212
002002302202
010022122002
310321213002
313321201001
230121211331
230010021110
220111211310
123000202111
201121130313
320212030313
210121233012
210111212030
011212102330
012321302030
101212132032
010320210010
123212310030
021222033003
202220323000
312212233001
112202023301
210201013102
210201100011
211021020311
131222330213
210301202312
210001212103
010321122212
000311022023
003322311331
103012013131
303322201311
010001203321
221010213321
010022201322
010121233221
110212312302
131211231312
021211120032
103120211310
100232021233
130213021123
322302112322
330302211222
022132312322
203121321121
223020321133
301020131101
103231110231
220031123310
321213112203
210213311232
220233103212
223131032132
013122303212
012321221331
021033221331
002100122231
021103102321
021201333223
002201303020
012021101220
022201032331
212203132131
022002030232
122012031020
312331202022
012013220200
021200302231
220230332230
223013032212
212010032013
322012033113
212010323210
212020102330
211202013222
321010012231
321000232202
210002021232
200012020132
223001202102
020033202102
312100322132
020001322132
101001232130
001023201301
001320211320
000232133231
000132111311
003011221011
001212213011
213021111311
200020113231
200221133233
012221033213
000123223300
202013223330
021132203321
220203303301
220020120330
020122100333
020220110322
022021100323
020302112033
022100332023
221023120033
301122012003
310222120300
101022122300
210112211220
101012032203
310112022233
231012321230
220123322233
301312023200
300220213300
320203011100
310220211003
131122011103
231003220230
010112201130
320122011300
302122103032
302221110023
032212230022
203222233021
120020233022
020332223201
002300222320
302311222122
102311021223
033112221233
222331231023
202131103223
203212010223
203120132210
200111102211
100111211211
122132311212
121001111121
120101011212
320101131021
200113221021
212312111221
112311121113
112111012213
131312121111
313211212101
200011221223
202110100201
203210200202
023131321222
220302232001
201002323201
201310202313
230213023213
012102302301
021211020300
021331222311
120100200101
132301020311
010100220233
011030222033
030001232230
211020302102
321122031112
221322003011
322112203301
031312202331
032110100131
232230110130
200233010101
212330230210
312331023101
303322311012
203212301102
003211012112
032023001123
112302301123
121221301113
012213101123
031332020111
223132002311
212132301312
202120203312
122122033212
220220233302
020120231103
220022130302
220121330100
300221131100
020021111010
220020111023
222001100203
200201122232
100211122331
112211123132
201223111312
120112323032
230112021303
201133201221
020213331202
120213311122
110102010122
003010220122
203123220022
000122222023
002312212233
201222001232
201221010012
221121210022
102220031230
302220113230
122122000233
231212220023
231001222332
011212231322
230212331313
210212121333
210212201301
232112020013
223230100213
031323210011
023210210022
020110321001
030020231000
023020021000
030222300320
030222302001
000332232020
303021222320
301023023232
203023011232
202001012233
202110220233
201021002023
221032301020
221021323112
221231231012
031232301010
021203201100
033122032110
031220313010
032200213020
030022213020
013122001100
011223023100
111323232102
112230223232
311232023312
101212123313
110220120312
011032202012
020023211130
103022321113
323023322013
200230022010
221230112013
231212013013
022120132133
021023013213
121232300211
021203210203
221321020023
021202122323
221010302021
121213222020
111223101202
102231212033
300222112130
022021012030
220101202300
011021202200
012032203213
222032220313
200022032233
010220022311
011101202311
010101210101
120002203201
120021201031
122302111021
123012132211
123032011122
133220213022
131122121320
122121001323
101011221321
102211131213
102202123002
100230212022
013320212202
301302021221
132020011221
211020011121
323102011222
312002001020
300220201202
310200012310
330200312020
132202311222
032000312220
320002211120
220000021311
221000211222
020022331220
210020131220
002002233211
000022023301
030021023231
000021012311
011102101231
000212113120
221002202022
220002020002
020102000321
030212210133
132212021333
230212212203
220112322113
223112210313
023112201310
131210203101
132320010101
033312220131
103122201021
213332220101
213132223232
322122233132
321102331220
120103212211
101102312212
101201301231
102013232131
302002321322
200200221332
201020212330
201222233310
211022013310
122032021131
122020210100
100132230201
102213210010
101313222231
010310202201
311002200211
210022001101
220022030011
110122030010
030122022030
302020100320
302003022120
130122312310
130121120110
020322220011
023221001131
010122000113
123222100313
100322200123
011210013112
212100230011
222103023311
212212332311
112012232312
212233220120
201232120130
300223221010
303123021111
331200201310
201100201311
301220320111
301112023111
000122123010
002022123220
302201210100
332231200130
301232210030
301202223023
330222101010
310131220100
330312221020
033021202020
320213213101
222132231001
021320010021
031330101021
012030001223
312312001203
010202011223
010100102220
010200312212
010220322020
030221311020
132231120200
120223132020
122310202101
120230110101
212310101001
212110301221
222313031011
112321123010
011321121313
222310001232
222300000211
322001012220
212100101200
212131112010
202102010310
102102011020
132231101101
132200321010
222220320013
032102020020
132122000021
022121030020
332223010322
322230132213
322233121313
302003122311
322203102013
323222303220
223212133200
023122323320
210212232320
300121221232
220010222302
200212223001
300323213021
212232130013
222132130130
022213222330
002032122130
211213220012
211123222002
021131222200
122121002201
032001222202
030201112223
030211222311
302310122233
021301012223
301302232011
300211223221
130201322221
302020112221
133020312222
003220022222
033221132222
013202102223
013223221320
110322223210
321322123232
302231121232
200301021202
220100211031
202100121002
001212222002
212301212002
202001312122
122200012000
302001021132
302113023132
023121023132
331200121102
332211211321
122112213013
002112230102
021120211010
002201111301
122201120133
120211312013
001031201232
200130312132
203102112132
220100112130
202131320131
232103112122
212131213102
212310112112
032113120232
020131210213
032013002311
032131012211
002132032311
022131123112
012031122320
020231102312
212031002220
012010123222
312211023222
302213223013
320203023222
011002211212
113022012202
110221013201
032001211210
030011322210
310032322210
311230232201
312223322101
300220302211
100232221321
300222322321
120012332110
322120023322
210201032222
201200302302
023220302322
023220012032
231120023102
201122023023
203212202322
223233203322
223210000121
232320002221
121220230220
021230232303
321020002223
202101232022
222201023002
002311320101
322311022131
331102021230
333212232120
331211123210
322111112020
312233111200
322232121000
103223301121
101222302221
321201112012
223311123220
223121120123
012323012311
022013111111
122311312112
032132302131
323312230221
301232202120
000322202221
003232202031
332232023231
322012132331
302321201323
123321102321
003223232012
000023322111
000232122011
200230200113
213113121231
311120121131
322031123231
121122210131
311122201321
131221101321
221221013320
321221320320
321220131120
102312130120
021022030120
123022310110
123132110011
221221000301
220123030301
222123023200
122231223000
012031220102
200313220202
202012220002
301011222010
112011322111
300112012011
200322110201
202221001013
202032201123
200320121223
220300111201
120310121213
132031012222
222313201201
021011231202
200231123121
202210131321
122312010111
322210101111
322210003120
022223033120
220313122201
023122011111
000112320221
230002320220
232300231220
232032232030
002222232330
322222032030
022231002010
032131220010
012232221230
023223222303
230312220103
033220032230
032102302210
332200022232
332210302201
131223202222
033201211201
230121021201
230230101111
202210023012
300320211101
321030230121
021020233210
021000212020
220202313010
220201103110
220220103201
210220102303
122201001130
022300201120
203320230121
122011003211
212002000322
210010120121
021031200223
232132011321
101202210302
002232210323
002022032323
022020300213
202133220102
201212312213
130302312121
023312311211
232121312311
023121120010
230021220102
120210323223
100212322122
020310222022
221203102202
012200032111
012202023110
012120202222
013310022122
301120022012
332310022112
330202021002
120320202002
230323203012
223002112231
022120001202
213120012220
332210122120
222211322020
203211022201
011220312123
212123220232
023130122111
302213020210
203232132100
233232023210
203032022222
323232010232
330322002022
323232220022
232223021122
322232223223
232203212220
301022212220
033022222210
031022312110
020210023210
321010123212
022303021200
220010020222
200102121221
200023212102
202023121310
031212312230
022210311220
000200321112
002023210113
312332102123
203222103123
122231203123
022121110312
223212101021
221322101122
322120010212
220320201112
022320131110
321210201012
222131111100
222111311302
013123220311
113322221030
013022202303
032322023203
201102223212
333022322202
330102232321
020101121211
022100210320
032310210321
023213022120
120212202100
023202121100
023221131320
310022313111
010302213011
223032213311
003022321221
010322323021
110032222201
110222222331
130231232231
130222212023
130221223031
123230120031
023223210231
101223112231
011221022201
222223010211
332122321311
300122121331
313322112321
300112221033
200112210302
022223203223
331201220321
221211230311
021210200313
102323020213
200022123203
020012132303
020023123313
020222230023
232020230033
122320023032
122010021112
123020012112
022023003012
332120210132
333022220033
300320222133
020312211013
312021221133
022331122103
202021323103
222023200110
212030323132
212022301320
012322311312
213202213000
213222313110
212221303100
102022133110
132232133213
103223212223
031232120233
132121332212
112220130111
212022311002
212202301030
222013020113
012201321013
122011212311
110112122031
013112222013
113101222011
021223220310
220223222030
221232320001
231022132203
123232213101
220112113223
211211012202
211021101213
222113211113
213022121123
221321212103
002102221310
310012120231
120012220331
131022203322
121032233313
302102203131
313122103231
003120233201
121020101131
111120201312
113222231302
131003222131
233102122211
313121222212
012203221103
012022221000
001012231020
221012213103
011000231021
012101221022
030112010222
022012233101
021002230312
020020313121
021032322312
021322322022
020132322223
031202232233
032012223221
002201232221
100223222211
203223123220
312312123220
321230202311
123023122101
032312132201
203232211233
103312222213
011322322213
311302312111
313022101111
131022102311
110220233211
210223022210
213102233111
002202020230
322020302311
313122212010
012222122010
031322210120
102210200123
202200233113
022001201313
232203230212
300132302122
322132021202
202320032232
102321012020
312231222302
322022112132
313120221113
231212211222
021223112212
021221131112
122322031122
302231201122
220121113212
200220020212
230202002020
122020002022
222020010123
202023211223
211201321102
211102212023
113102212213
112030212021
122001122021
222022120012
202000102031
202201012311
233201210320
202202230322
032010231122
320012012022
320102212013
232001221023
222110123023
021101213021
322111223021
022101012101
023211203121
222002031101
222211103003
320122230230
332112223100
332022232320
233223122310
231221302230
131220222321
331202322213
332102123201
132101120221
321320312221
323320102201
120320122301
232231210123
322221321203
320223212331
320113221231
322223233201
110222321322
010221002122
102230210132
102020121122
022200122122
032223201321
032123223322
332123122131
301212322231
312323212201
320112311201
202123002111
312232131121
120212131111
112020113121
132202131131
230202110122
112323101210
330320101211
112221120021
112020021331
132020031032
103202220031
103222220323
032232220331
011201121021
031102221021
303122222031
302220212333
302122301210
321212102101
321101022211
321102212121
131000220212
102300122212
020000221212
330310202121
003312102121
023221023211
103121212122
331012212123
100221231320
100202121110
021122123122
021121203212
021011122112
003102221132
203221121130
002310221212
002022011212
200232013212
213012221322
211032221223
213022210020
221022220320
221302223133
121320232213
132120230231
120202322232
012110322212
212113222100
121021322031
021320021323
220320013223
022122022333
222223122332
201203011221
221200011011
121200213211
112330211211
121202112103
020221012103
122321112101
121212312201
120312212221
111221220103
121203123111
013120112211
213122320211
211122100101
211122231011
211322112011
011321220211
100122120212
010102020212
113210021211
032211121221
132111021212
121012222222
021110220222
221101201223
221131201102
022012310112
012212310131
001220120122
101020221231
101022020110
101222213122
200222123022
002122111021
021122111201
032122211320
221202112021
032232211101
323222312101
231122232231
213220322302
321220202132
230222323130
230231022132
201223202100
212231020032
121222000032
221212201003
230233202130
210232202010
300322202010
312032221120
122312211203
122112201133
122102201200
122030202220
112122021210
133202022212
102132210121
132100222310
122120112210
122221110230
130220212210
130220221313
230200120131
230002232131
031222023221
232021112230
202202111210
322112022210
203221011200
220221321122
203222201220
202222201303
000222203113
030322221112
313230221131
200122231110
330012222111
313020123211
311312222101
231122221123
310202222132
310122222103
112312200201
232011200211
322120222331
101211220211
323022223101
323022232112
222021103102
320320212212
321312021312
102221221023
311221220222
211212122110
222210021223
121232201223
222231221233
131232320132
102032320122
230222203122
222120021231
222111122001
332201121001
312210221021
313201220001
211211102131
223231302121
212221312031
122221313120
122221022232
122223322223
122213102322
112222112303
202323111120
202320011012
222320003131
022232101023
222320121022
121321020212
220130020210
220312022100
313220202312
313212013221
323212122223
120121222203
122232120222
002232102221
122011201222
122031232212
002031222111
102021220112
201112221102
220111212122
322112111122
220022221200
002221231000
132103221113
213202221013
232210321112
232100320111
232010213111
202302331211
023023232120
020302202112
020201230201
022123312031
012302021012
212322010112
321222010130
321222302012
211222303312
101222202332
112222101132
112220302212
231222120311
032221211312
012222230132
112123222112
312212221112
220022211012
222222112223
220322112312
222122111331
220022113113
302022010311
220222311111
221022122313
221220110221
221220122230
322232110211
303222213201
030223113211
033322211221
033312012021
023312202323
012301202220
022332202033
122322302003
122221102012
112221202203
201302221110
020222132101
220212112211
102222132211
013021222121
012213122321
022213122113
032212121103
022310120203
132221012013
222121200200
222112010332
222012110201
232220111031
222232011123
212023202313
122202021113
332230222113
322201212123
222212121322
322320201031
322201200301
322321020321
222020200001
202222020020
222112212130
223101021210
200211021020
320212210320
322212103213
312320121011
220203021323
220200200223
322112220232
330222210212
302202103311
332212100112
233221110211
210322102213
132322122001
113322022111
222102010021
222102200122
220312223122
213231022312
213121223201
222122020101
222130020323
202212300222
202223000102
202220112202
023222312020
202323102012
032320102212
212320220301
220132222212
230102202222
133112202221
132002232221
220020230321
202101102121
202021110321
202021032131
123222023121
123032220221
123322210212
333222222221
312322232222
202312212310
032212202310
323221231002
231312220312
232312202212
023201220120
332101220312
331202223110
232202032012
132220222002
332322221032
022222213232
020222231312
122202313133
112223023131
222210231031
211222012103
320122002213
220222032110
121222012310
111202220310
112022223113
122121320121
020223020121
020232020211
021123022021
133232201231
132223121211
021120222302
221222230031
201202203111
021212101110
221223110110
002222110110
200223201111
230223230011
231020201212
212232002112
211002022121
212220020230
312220321231
211222222232
232222233233
122110202213
212102222131
012102112130
210232112131
212222211311
232232221011
332100222001
232210122213
222320312113
222102032203
012132002203
202032202211
120202222010
222322312321
221223221222
022120221223
202222022132
222023222122
102201022121
022000222103
220232222101
221232323113
220233221113
221123032213
022112323211
221312232113
222221022113
223210320201
223221221101
212201223011
202203122100
222220123111
320230122110
321212212110
232222121110
320222120111
012122212111
023212223012
122222201110
132222200211
122202230121
123012203021
223212220210
023012222100
213010222021
230103222213
210123202212
022302231210
022320222313
123220222231
212132230221
221132020221
221231232221
220201312321
222302220321
230000222321
221003223121
320200223213
033020021211
223220212213
221021022233
220211222231
201320122031
302012210231
322002212201
312022102021
330120220211
232020221121
302202201221
332322212021
231222000121
122020331121
022202311121
202202321301
222221212301
020221212021
210220213021
223110231121
220311020211
221321321221
212223212121
322220322021
122212212212
020221221110
012212212102
022220221011
021202222211
322013202211
213032121211
112002221211
212001222112
222003022221
222002231032
330203223102
