--- Global Parameters ---
Code Length:			11
Min Codebook Edit Distance:	4

Max Run:			0
Min GC Content:			0
Max GC Content:			0

--- Generation Configuration ---
Generation Method:		Linear Code
Min Candidate Hamming Distance:	3

--- Results Summary ---
Number of Candidates:		65536
Number of Ones in Matrix:	9899280
Number of Code Words:		2610

--- Performance Metrics ---
Number of Threads:		32
Candidate Generation Time:	0.06	seconds
Fill Adjacency List Time:	17.34	seconds
Process Matrix Time:		27.73	seconds
Overall Execution Time:		45.16	seconds
=========================================== 
22222222000
22220000000
33330000000
33332222000
33333333000
22223333000
22221111000
33331111000
11111111000
11110000000
11113333000
11112222000
00000000000
00001111000
00002222000
00003333000
12300000003
22222310001
00002310001
11112310001
33332310001
00000321003
33330321003
11110321003
22220321003
00333300000
11223300000
33003300000
22113300000
33000033000
00330033000
11220033000
22110033000
11222211000
33002211000
00332211000
22112211000
22111122000
00331122000
11221122000
33001122000
00222200000
33112200000
22002200000
11332200000
22000022000
11330022000
00220022000
33110022000
33111133000
00221133000
22001133000
11331133000
11333311000
00223311000
22003311000
33113311000
00111100000
22331100000
33221100000
11001100000
11000011000
00110011000
22330011000
33220011000
22333322000
00113322000
11003322000
33223322000
33222233000
00112233000
11002233000
22332233000
23322200001
03300011003
03301100003
23233300001
01100022001
01102200001
03030220000
10100220003
03303322003
03302233003
03033311003
10100033001
10103300001
10101010000
33001010001
00331010001
22111010001
23231010000
11221010001
02020110000
20200330001
20200011002
02200033002
02203300002
20202233002
00222332001
01320000001
01322222001
32010000001
01231100001
01322310000
23320022001
33111001001
00221001001
22001001001
11331001001
31133300002
13310110002
03303210002
01103311001
01101133001
01230011001
32233311001
32011111001
01321111001
01011122001
01323333001
00001023001
11111023001
33331023001
11333223001
22221023001
02202130001
03122130000
00112020002
13132020000
22332020002
12122200003
20132200002
20133311002
22003223001
11222323001
00332323001
33002323001
00112301001
01232301000
11002301001
12123030000
00223030003
01103030002
01012323000
32231230000
23232323000
21123120000
31022200002
10322020003
10323210000
32103210000
12033300003
32102020003
32102233001
31023030001
02311320000
13201320000
01101320003
12300321000
13200231000
21302130000
32100123000
01230123000
20133102000
30211010002
30213300003
33113030003
02130101000
23012301000
30122103000
20132013000
30032020001
32012222001
32013333001
23010330002
10102130002
31200213000
23100132000
21300312000
30300022003
00222013002
00332002002
21212002000
21032332000
20130022002
31130033002
02023003001
33223003003
00113003003
03120033003
33220123001
22330123001
23321320003
30301320001
12303120001
03120312000
13131313000
10231023000
10233201000
20203131000
31202310003
03303131001
30303113000
03300123002
02310303001
11330303003
12030033003
22112323001
33113223001
12121320001
00223102002
32233102003
33222112003
30211122003
12302222003
21303003002
03032013001
01012211001
02202211002
13021221000
21301122003
32321122001
31310220002
31020022002
33220202002
32103322001
20203322002
02201122002
22003102002
12210011003
11002112003
11220312003
13203311002
11003131002
00222121003
00112112003
22001212003
20021010003
20020312001
30121302001
20021203001
20312310003
21031111003
22111203003
00331203003
20311023003
10013102003
10010231003
20310321001
12032211003
12212233003
33113102002
22111331002
00113131002
30211331001
21211230002
02202323003
12213322003
13133210003
12123311003
22113021003
20131001003
11221331002
13201133002
23102103002
33110231002
03210132002
12211032002
03213201002
10320101002
03031001002
30032301002
00033010100
02203021001
00233000201
20033200010
00022030300
00301030100
00203020300
03233200300
32322130002
11332013002
01102013003
31131212000
22212330100
20201032003
13202332003
13313232003
02313223003
13130123003
33112121003
32323201003
33302330100
32202220100
32021300100
22020230300
21023000200
12313000200
13132233002
11132000021
00122000103
31232000100
20120300200
02300300200
01200200100
13210300200
20211000010
13121000010
30021000011
13012000100
20300100010
30202300010
10020030030
12202100200
03312100200
00011020200
30011300020
30100200020
00202000023
33312000021
32130200100
03100100300
03330200102
30321000300
00101000012
00303000031
21002000101
11100100012
32220100011
32222210010
02222300303
12220300033
30000300033
03330300033
20013000033
23203000030
20002300303
11123000032
33301200030
10021200033
11212100030
30222100033
12220130100
02220200022
22201030020
03222010033
22212010030
32220102200
22320120200
21200010010
21012000022
20000020023
20000301020
20001210020
10000010012
02001000302
23310002100
33301003100
32012031003
30000002101
10000003202
20001003022
20100003030
21110300033
23310030030
23231203002
33103000201
31000310020
00311003020
02103100101
02100013100
01030001300
03310003203
13111000302
13113010020
31120003200
31122100203
11103110200
11103020010
11102001200
21110130100
10112030010
12100000230
22233020010
10000203010
10001301200
01010312002
00100302010
33300020101
10330001010
10003002011
22013002010
33231000012
11300000310
12231000303
10030100303
00101002203
00103101200
33100201200
03100020022
31110320300
11100102203
31110020023
21111000220
32300020020
32332030010
00320000120
00322030011
32002003010
32200003033
22202003303
02220010302
03201200202
30312010200
33323110200
10111200203
00200310022
00100210202
01000120203
20030030203
20033022200
23330210200
00322102010
00210210030
03112100033
21110021030
03330021030
11032001030
13003001020
23330010012
22232001200
23311300102
11301300103
01113130010
12203310010
01110001013
12110000313
22102300013
22100030201
32000230011
33010320010
32000000122
22000010130
31030010011
21000210031
11200020021
10001220011
11120020101
31122300011
11011110011
10331110010
13302300011
03133200011
12220002101
11030002102
00300120033
23020120030
02302010201
11201003020
11200302300
22010201200
22200212300
30200030202
20301020202
23210200021
23110000122
22230000123
23001002202
23300000232
03010000230
03010203300
02000023303
13220000231
30220000312
22302100032
33031002030
00301310030
20011310032
23031300022
23012112002
20002021300
22023010021
30330030032
11311030022
01033100022
32331200203
22133100023
22211002033
21220030032
13000130023
13030000121
32030130020
00310130022
03100233020
32203001102
23220001012
33020001301
33300301102
13330001303
13330020023
11310000233
23322121002
21320001302
23332000330
33120003032
23112003010
21113220031
21111003102
23301120020
12203011200
10200103100
22300130103
23302030303
23030023300
21100023302
01120031020
01111013200
02320031100
21000031103
21100300110
03000310102
30003203100
03100030110
13000032303
13001202300
21001201100
03221201100
30111201100
10200012030
10002032200
10130301100
11100313010
12100310021
13000313300
23033310300
21133310010
01213310300
33203130300
10031330300
10300230302
01133001102
20133000320
02003310303
02000323020
02002220023
21103230020
21130230012
31102202100
02002201303
12000201033
00000001133
30110031103
30112010033
20000030111
10003330202
03200333200
00023001022
03322003301
30223330030
30233002300
11210301101
12103200302
30002312100
30302332002
30023220200
12112320033
11302320030
11323200013
31223200301
21133011200
03313011200
03311233200
23333301010
23331220011
23333330202
13333013300
21301331001
23111031200
23231331003
11303110033
31320300032
32320312002
22331313002
33323310012
21101012020
23112210012
13002210303
32300320303
31000203301
11030120031
33033330033
23001330011
32111330011
33001000133
33020002023
33211000223
00331000133
13003301303
20333301303
31333031300
23301101300
32301110300
22203301301
00023301301
22303330031
21230203300
22023103300
02331303300
20111303300
30113303030
30011033300
30001013030
03000333033
00010333203
30003331101
20011131100
00211301030
31101131100
30013310302
13221303300
13233302100
03003302101
33033320101
33103130011
03001012100
03033100210
03011030021
20110000231
02033310011
20333320023
03320103020
03322220022
20112220020
23323000323
03223303030
02333010023
02320030033
02102001033
12002302030
00003200132
00000013210
03000010221
03030030320
00310320302
00313000112
32003110201
30020113200
10020121100
10012121002
32033001023
32303000113
22133000112
33330100131
00233301011
30000211103
00021110302
10023110032
10022320031
01021210100
13012230033
33000230130
03223023100
23201030101
23210010301
23130031101
22012000331
20122010201
03102011020
20002011021
33110010130
01013113003
03102322300
33230232200
33320223200
33232120010
13320210033
10020102031
13300012201
10330120201
01313010101
01130233100
00213032100
02233320103
01221330011
03133033200
03333312030
12333303030
13331110303
32311130030
31111110303
31011020031
21013020301
21110211103
03113221100
11132003303
11133020302
11133301301
11033300310
11213330033
11103303202
10321313003
31113002301
11110030321
20111113020
12100111300
00200111303
31131000131
11101300330
31003030230
03333101032
10133330032
03133300120
33330013210
01203101030
01233232002
00123300310
02032320200
02102330102
02113301303
01123302020
21233010022
31112330022
31111102020
30311130202
03111210102
00031102102
00032220103
21330310103
03133220202
32110120201
02111120021
22011130201
01120230301
02112210303
02110032303
32113202200
21130322200
12113302101
21333221100
22133002303
31301002201
01003202202
01330102202
01301220301
00130023301
30101022300
13320211100
13322033100
13122203200
33322012010
13032212200
00303212100
00030232030
20102320032
11320210201
11300121101
30001113101
21001121030
13001011302
13013111100
20323111100
00133111020
00133230023
02333121300
01033313020
01011200320
20003313023
20010013103
32010100130
00002010322
31100201032
21102201302
01110200332
01000020332
10330020330
10000310331
11203103301
10001233201
10132203030
32312203030
33332210130
33333020133
11113020133
10022212030
00303133103
10312022100
21000222101
10222302200
20212203200
02221102020
02323110031
32222230203
32223303201
23022022100
30212323002
33313230022
33131330301
33132033020
00131333020
01303032020
20000133302
33201033303
32210133300
01030133301
01001132010
01000111011
01003031013
00010331012
33100331010
30010031021
02010211102
02011120103
00212011101
02111011302
31100112101
32001013202
02033101202
02001021022
12330013101
02312121001
32031123300
22311333020
12310333200
10212333300
00233233010
32120331300
13303323010
00030113033
03331113101
33310032301
02001100233
10201130033
10100100133
11000201320
01000233330
13030333201
11130303230
11100013333
03200013330
03103031303
01000301331
11000130211
13010103103
10300003113
11200030113
33320203013
33100200333
33001200321
33303033031
33330003322
33331130320
13330233021
32300233022
13333313023
31033103010
10033003230
30023100330
12003200220
12000330310
10203303032
00333103130
12001103031
10311031030
03110012031
03111323030
13011333100
11021333020
03201011011
02010021031
00102012011
20101012101
12013000111
12013320021
10201333103
10033233303
30200122010
10032012301
03002020310
00300330313
03333030311
03130133011
02110003111
31100330311
00120033310
20012303102
00011030332
23003010331
02013030310
00101213010
00013323011
10003211013
30000110313
03203103013
30003003312
01031210023
31030210203
01032330021
10213100021
10332313200
12012113300
13001123303
23003101201
33012102010
33021213300
31300130330
10003111330
21002310310
21103130303
01201100313
01300330232
23331033013
30231003023
12313020013
33123110033
33203300233
33233010330
13231020031
30023033202
20020003323
02130003320
22131033301
01333100333
03313010333
03231011303
31333300231
31331010230
31330103021
33130111303
31302111200
11023111020
22130221300
22100301330
31103321030
31233230103
31230103103
31233033033
32333323013
30132003012
32131031030
30133312200
00130210110
31332220023
13332223303
13332123020
13330033233
33313323303
33320013333
33210130103
31220130023
01221130203
12200133013
10123013303
30133001333
13030013331
13002200231
13032210011
02032021010
30313002013
11033312033
11023300233
12023001330
03212300130
12300003321
23002033330
32202331030
33123231030
33102302203
31323011030
33032101103
23202110103
22020211020
30232011020
13332011021
32301102023
33301121033
03221121030
33310121020
03323111023
03020201203
03021310203
03023112010
10300112023
10223031010
02120032011
03001112031
30221112030
10121101301
30222110101
30231210021
30102110021
33102113010
13112201303
02112131300
00012110330
21221103030
00121013033
30131103203
30131011011
31102032033
33231301202
22310031022
22313111020
23033111021
22131210022
11300010222
13302200120
13311200323
31120002333
31110033233
00100112330
33200122303
10001112202
00111220130
11011022010
11013301012
11012230201
11201210022
01311211030
01310102033
11312102303
03311112203
30311100123
20331001230
10301010233
31000110232
33201010232
33200211023
02110110230
13321002032
11303022032
32130102032
33133030232
13010311032
13101013031
33321030332
30310310333
21200310333
20303001332
33030131032
33030303310
33032203031
13103003313
13103203101
33103023330
01002011330
23000211330
30002133032
22032111030
23032102301
20031300331
03101213303
32200011310
32200332102
10101003210
13210032013
33011231010
33211332030
13013023101
13110300111
13001103110
23111011013
00111101133
23113110201
23113303203
33132101021
33311311023
12331102101
13301132013
13310001132
13313310130
13303133330
31303203330
33022333302
33021113023
33011003332
30201003331
03020130332
33311202302
33132103230
31003211302
31332113303
32133030313
03330123310
21330012031
30333022031
23333023331
23333111330
23330131203
22330002210
20233101033
32331300332
33233203332
32333133333
32113010331
30323233301
03320331302
00321003332
20033133330
00022223302
01211033302
22101003332
22101210330
23221003333
20323033033
02033203330
00102303333
00230200333
00323313333
01003313332
00323032330
12310013330
13302011333
03003131310
22013023330
22100233331
11000333321
11100033120
33010233331
13030121330
03130233332
21330333032
13033230332
33102110332
22213033031
22121130031
00213123030
01113111330
01113023331
01132302033
13323123033
00131321303
00131100231
30010101231
03201102330
33321102333
31301012333
21310103330
23113001331
20301113330
23111120330
12313100331
23013130130
32121100230
32123003233
22210113033
00010121332
01010302130
31010121103
03022101330
03203230333
11010323330
11211233030
30020031333
30021210331
31112223303
32110211330
32110323331
31123133330
31222131300
22021321300
02300332330
22233230330
22210232030
22130233023
23212011022
32130010220
20321333100
10320130210
13223121300
11020122303
00021022303
13003102233
23313022033
03011111230
23312133033
00031001311
00030022310
00033210312
31130023130
00021002110
10113103012
00113130131
30301330133
31211303010
31303331331
00233331330
32001311330
00011311331
32000121333
32100032130
22033321033
22003002133
23003331332
32003320332
12200323333
01222033330
13122033333
32221333330
32220310331
32223023331
32223111330
22230002332
02303111333
00322123330
32333212330
33012312330
33011131333
31211113330
22011333331
10331333333
30130313013
00012231333
02103333310
02101332033
13123320330
03311232333
13301322333
03133122330
12133023333
30130332333
20212033333
30221233033
32210330230
32113331332
23213233302
23332213332
10330112331
00311231302
23222330333
22323331333
01223010331
01122012301
03113313101
03312333011
03311021331
20012023032
01200322033
20230322030
20233300312
30222032032
10310322033
13100223032
01202203032
20203033320
30202202330
03022220333
10002321333
10030220233
11123213030
10113203331
12311223333
01021233031
21023230333
20222113303
20223130302
10111322330
11100121332
11010211331
20001320230
30011230230
30032030133
30031101130
20013213031
31321323033
31013123032
21011123302
11111330132
13110122301
13110011233
11102231333
21132220330
20011222033
12001322103
30013222303
23312212030
31012212033
10220121333
03332122033
20312003130
00331200321
03302120130
03320202230
11321120333
11322213333
11133112303
11211112033
12132101330
13213111333
13210031331
10310033311
10313230101
01303112302
00330023132
01331210332
30313111332
10111131332
10011130323
00113323133
31113313023
30131223333
31003311233
33003231323
31030222333
32332022333
11102022331
33000223320
00012022331
00310022230
00000212131
13210222333
02302213331
21202213330
23201233031
20123302331
20121012330
02030112332
20112232303
11232330332
00333303322
02333332302
11001103322
13131103320
03031110132
01100111133
20123111333
32101110133
31032101331
00331013323
10333221331
23331201331
22232123333
23220112333
02211322333
11013122331
23211312303
12323112300
32221123010
32020113032
32030212301
32002231332
23021100313
31020111130
10221311330
21021113331
21231101302
21233323302
12101132301
03103113230
33000311321
01033012230
01013303323
02213032332
31001133233
21200113203
31130113320
31310333323
30111133313
33033120313
31133103132
21133003123
21131232333
01112132331
11311213301
33322133201
33320121332
32222321333
13102233310
30002233311
30300203131
22322033331
33111033131
33213003311
31101203313
00211203310
21110303311
00111103322
12111230310
01022033103
10220332331
23110332331
20233203101
02223211303
22312012303
21012322303
02202030130
12301033130
12130130332
10131120102
11131001232
11130022233
10110021201
20300222331
13003223230
10300202232
12200211332
12020233332
22000203132
21033200131
20133310131
23332113011
01112113011
01131222031
02121102331
21001023310
20131033133
10010133131
32101303131
01131010313
22321303013
11232333010
23113233013
12333333311
12332310310
20033332011
00023333231
30033033321
31003330113
30032330210
11103233012
01013233133
13020023133
13320330311
23320010131
33321311331
33303311310
11301111310
20311011133
21312011332
21112331031
02310010132
33333112132
32310330312
12310313013
12331311103
12311311332
12130331013
31301101012
31331321301
01301313233
31331331233
33031111311
23023132033
23212021303
23221132010
22011033012
22301010311
12013133023
12331332032
02311300213
10112133203
20331132302
00203133021
00021130111
33131130113
13133301133
21303301130
12030320130
21300020213
12130201203
21333032102
11333110321
11330230131
02233011032
12211000132
20320311032
22300303312
20333033110
30331032313
30331223100
30322311302
31331200110
11131002110
11111011131
11111123130
21112020313
22122203031
33122303101
33132001110
33323003121
32322300131
33302103311
30330011312
20300011120
20030111012
30330121102
31333111022
13232111032
11232011331
21120001131
12120133133
12022333013
11121113103
21222111033
11120110311
11212032031
12020111013
33120322031
33203331021
22133313021
02333203021
22333033322
13212303332
11112203320
02213313331
30003322311
11133210231
12132113013
22133113233
20111111231
21233030231
11232202333
01213300232
20332202020
30332212032
30112122032
12222122033
30330100222
00023120233
33131320233
33130231233
02013202032
02002233233
01222312333
12223030311
12223101032
32221201331
10302233230
20021233320
22220230133
01332023203
03233023023
00321322331
03223333311
02231323031
32021133311
13023103131
13231131101
13330102110
22301021103
20002211233
00132233231
01102223130
01102033210
02103213032
00221033131
00322011331
30331033220
02331023230
32302130233
23223013011
00122331032
30122333133
01221021333
31221011302
33211113102
23221131332
32313133102
12310033123
23133023102
11032123103
12030210320
00003312320
23003312203
33303031220
03000312313
02301123013
03211123133
00322223013
01330033121
23020033311
20200331132
20201101131
00002311132
02003033111
02000113113
00302231101
10030333112
22003331213
32003333122
31013333312
22233333123
33333331211
31000231231
23113333122
11003332132
01323031133
03032333131
11203313021
10213031302
12210331133
33023303113
01033303112
33031232103
03012310231
02011320311
01201313311
12000123312
33012331201
33313102231
33033130221
00333133211
10033110111
30033211131
31132311133
03131231013
33313101113
02312333130
10133131313
11033113312
21030313130
11313131230
21203130012
22023110110
11310323021
21302001323
20103120310
20203013133
10320300323
11323101203
11221110130
10112311013
12011310110
11222003131
20220003110
20210023011
12000202311
00310120110
10030201113
13321120101
00313201233
03322301233
03101203231
33212301313
11033021313
02232013313
13233201313
11303201311
11302332313
20323113311
11032323311
22300231313
23002021013
13010321313
23203210310
32202200313
02322200310
00022203111
03222213103
03122030131
03110202311
02230202310
02232231103
03232010110
23301031110
20000223113
20003101112
02000232110
03012232302
00210220311
03231002113
31320220310
31321331310
30302331320
31200313131
33122200312
31223033110
30220213310
30221302310
10200321310
10020231311
30100213230
30102020231
00000232322
21300311322
01300021110
03303213320
03030221133
31111122233
03010132231
01010020211
20320202313
20200130213
10203102313
00223002133
00220333322
10222231332
31212231331
11212221033
12102103233
11023023021
10032130232
13303231202
20303213203
23030323023
23303222302
23200323102
22031313313
22030220311
22031223103
12222103313
12221320310
12213323130
32132323310
31332323230
30012323231
30213233131
10211103113
11320303120
11331323320
01103123323
30303123321
11330021322
11202021302
31133022323
33313223232
13310223322
21022022332
21300223323
21032010321
21123033321
21012200230
03331302312
32033223233
20330213231
20332310232
21333200220
32032200232
32032013230
20222103231
20222033021
10302033022
10312130312
11212110102
11213210311
11210123311
12110213311
21020331011
23300332021
10212013230
10232120133
10301321302
00200132232
20003232232
00202031231
10100012321
00230330123
03303001211
01312031311
01313120311
31312120131
32131021102
02323231032
12322310233
12123330323
30130303121
31222013233
01322010323
01322210131
21332202101
11322032201
22321002203
03322233232
33001332320
02031332203
21311332200
03112013312
23222202332
23120330232
23032031233
00311233113
10002103123
30000230223
20003221022
10030312232
10021313312
10031131021
23121131023
21121303133
20112101023
10333210123
00033310223
30111330223
02113102233
21001330223
01333113123
21201323200
10220320012
13222101023
02223131233
13022201133
13222012302
33220201320
30123200131
33110232320
23123032020
21203220203
22203302023
12233331022
30233313022
30231312301
22202213023
22311230233
22212310313
22122101103
20122321330
00202321020
00232131012
00222023323
21221001310
21123101320
22122033102
22103323012
22100223203
21223133101
02121223332
32123023020
11222230320
03302230321
32122233230
23211223020
00112230322
21033220322
00122002312
03122100321
03213220322
01321002320
01122130232
20322031312
32321003210
22322203202
22221013320
23222331200
33221310320
32321213130
32333321202
32233310132
22213312032
22200022233
12203122332
22003132323
22110102323
21101013113
11021010232
11220012320
12322213020
12323001021
01210103022
11021331231
22302221031
22323122331
23132213101
13133213321
01133223312
11131223022
23302231022
23331203120
21313231203
12110222103
21333322313
21311322332
23011321133
32011323323
20132313323
23102133323
20211232332
22021111233
22002131131
02021231133
00202222233
12102222230
12102231020
02001221230
23123223233
23322223130
22332201130
11332101210
01132121310
01032230110
01332130122
10232133323
10213223233
30122133321
01321130321
02211103201
22311201021
30022232013
11213212100
20213222010
02122120013
12201022013
30112123101
30113021311
31323102311
01322330213
21312223010
12021213011
20231211032
12231113022
10231301321
00323121011
31231121031
01233211133
31232211313
00230221013
20233232313
10132222310
32213221020
11121032312
11201032232
31113232232
10121133231
23010113321
23012320320
23011002321
13223203021
13022203322
20020322320
21102332230
21103021233
22310011231
23301111232
02311132131
01101132132
31121132013
10121102023
01112302202
22211102102
23321323321
22113321320
21211213133
21030232321
21212023320
22111233322
22113320213
21210120323
10231020322
13200120322
10020023220
01002323123
01003210121
01001331120
31301320120
31210311203
33023210232
33013022202
33300320222
03301333212
00111333211
33112313321
33112220213
13122201011
31123211011
10022202102
11020222020
20201220132
00122211310
23321211320
01203232310
31220321230
31202210132
01020101312
12002301312
01101211320
31131332322
30312021012
03033202322
00332220212
00303323223
00321323202
03021202011
10332232011
32003222012
22200222021
31300232202
11022323232
03231232020
22312321023
23312332312
32212132023
20121123013
00101023123
32010233210
03202023201
01112232012
21022023201
31310200211
21222220102
01023221102
11122231102
11312203113
10311212313
13113213110
12131202011
22130202231
01310320223
11311302231
21321102021
21102132022
31101322102
01100322322
01103331212
00300032221
20301312011
32331231011
32332102011
11021020113
22021200111
03012100111
03010131113
30322001113
01310132312
03013202113
33112021132
13111021022
20022021131
21201211201
01232021130
21013220113
23031020112
23033213113
30311211201
30211030211
31310201322
31311310322
13031023120
31100133221
32201032311
30101323110
30201001120
31001301111
12101301110
12102230113
12031030211
12031202133
30211202133
32133212103
32023012310
30102301232
12232301233
32231333213
12232322302
12023123203
12013232233
32231321130
32230302131
30030122131
30121301323
02103012313
31000012112
03213101321
13200302132
13102312101
11023011111
11310113112
13003220112
11100220122
10111320121
11111120212
32100200212
31030202120
31032122200
31213132200
31212001202
01211020112
01213011110
21213010213
31111031112
11113032210
13313133213
31133203211
13312303210
11023123110
21133123201
33203213112
32030120112
12233120231
11333320212
11133312111
31113321113
31333132113
32033231110
03231323110
03322313110
02332001112
01233001213
10230031213
02301100122
02300212012
22233112011
00103201123
00020311113
23002301123
03102320111
20330311111
30013312113
10003012123
03201313123
30133021120
10103313211
11102212202
23111222202
13111221230
31002221113
22200311113
30121011132
10120021113
23010031212
23103211132
13203121131
13010032220
30302132210
32012001322
33001121322
21301121321
10101121323
11010011123
22002213210
10122011022
31330223111
30230021111
33022320112
33202032110
32211203232
12320123232
31111222110
01223222013
11220221131
13221302233
03220022313
33032222311
33001120211
33000222213
23223022203
23101123131
21031022131
21311133121
21011130112
23001032123
21022130120
31023321323
13022331323
12223311312
22222311132
22223313213
22222133322
21012331113
20113231111
10301211112
13002111113
32302331112
13301331123
30322133112
33021332111
11201332111
21032331322
02031133122
32111313120
32111032123
13212103120
32112020120
22102200122
21132012012
20130120322
33111312132
32110011122
20302130121
20031331123
20033232120
30032221320
10121233112
11020232112
22220233211
22223032210
20112302113
23302302110
23032032111
23213330111
20110012112
23233133210
02303131120
21233311232
23232032322
23233321321
03212331322
32210301022
13213030122
30113020222
32130312312
23223300122
23223113120
13221200113
02212201013
01221320123
22013211012
21200110121
31123030123
03110203222
13120110123
13120302012
33010101122
33103120123
33101111121
12200101123
33102031123
03022031120
32332103122
32320012321
32303113232
02200131322
02302013123
12020330121
22012233120
21202013122
10112013121
12312023201
32121013111
22123131312
12320131111
12300323211
10013023212
20202303212
20102030223
20212020123
31200002213
21200022120
20020020212
01230200212
31230022312
21030310212
21232313113
21230201111
20221020111
20120221011
00012002122
00013223120
20223123112
03233312112
23123312110
13223231111
21321310110
21323321112
32032302112
02223330112
32123220110
32120232113
00202023112
00223230211
12233123113
12232032113
12232100112
13220223112
12201203121
02123333121
02211230121
32210210112
22131103111
12231211110
22201121110
00131121111
22231111123
22311323112
12302322132
22020322112
20130221132
22023201232
30123032213
02112111113
21322111111
12133311120
23110321121
03131331122
02210303123
22322020121
32301112111
01031112111
31221002112
22213021312
31221323111
31032310122
11013322123
21203223121
33232233123
01222233122
10223321201
01122321021
00102332121
10012321210
30202323121
00032333222
00233322120
00230123121
03230321231
02202320321
31222303022
02121301201
02200301211
21120301212
21131321012
22113133211
22331312131
01223311121
22232031121
12121321132
11213200223
02202102131
20011221311
01011201213
01203122101
02220312230
02220121021
02201113210
21031131210
32222301120
13123011201
13131311211
22101331121
20210231120
13033131122
11033031221
11030203223
30233012232
13013233221
33010220121
13130212132
31022322131
31022231210
11001021211
30121131210
32011311213
33220323213
23232322133
10210311112
02221311022
12011222111
31203111212
01302121231
13122233121
13213121012
03210310212
30121210213
13311210211
23102101213
20201021213
03300121213
33122121311
30023102121
12300211210
33022121233
32002211121
12310312120
12323022110
13332221112
20222221110
30102212113
13222212110
00022122112
00322211123
03321121112
02311211323
13321221311
02231221311
32233023212
30022332122
30020110122
30021321012
10221111122
20223021232
20122310122
21222121312
32020320223
33031220220
32123322230
31233301220
00031213220
10320002211
10022300222
31103002222
20230001222
23330022122
20100221220
10102231212
13023302210
22323102122
32203233220
32202300222
30001321223
20221322023
00112111321
11221113212
12123230212
12120021321
13202321213
30330221221
33332202213
33312122112
33212022101
23321201212
30312301122
30122202210
33322212202
30222222312
21323012232
13212122200
23021101220
31323122102
11320022123
21132211122
11303211223
11132122112
31212121120
32113322122
11323223122
02212221200
03120122133
03121021210
12210121213
33111012211
10311101220
10331222203
00332312213
11233120122
13131102213
03031012212
00212112312
01111221122
23001221121
32331221123
13131222323
03032321212
12313232122
12330302223
21313012120
12033022322
22333221213
03331321223
13331322021
03323322232
23230332211
02310322321
32322321211
02313222130
03213221211
01231102210
32311122313
30211121321
23211222113
22112232131
00211322101
00111222321
01231223213
13203132321
01232302322
23200133222
03223103222
23130032223
13132022211
02232003221
20320203220
10322213212
02233211220
02323233223
02321330220
02332222231
02231220222
31222022021
32202021221
13123322121
10133002221
00133322231
21331303223
21331022220
01322011210
13200112212
13322030222
23203002221
12022222123
02032121121
20320331221
02131112320
23212121232
02003122021
03000122220
12003332221
02011022223
01022003222
02022101211
03002201222
10132210220
23123102230
32122112233
21021122123
33321122120
23112112120
31122222122
31130211212
30131122123
20122122200
20332122110
32103212211
20213102120
22303103220
30333112221
02013301221
01330312122
22221022132
21113031222
20313032212
23101322210
11003122212
21210222211
20201232211
01012132213
21312222123
21123221210
21120112210
21112201221
30222201223
32222112122
30221022220
30223332221
22021232021
31022212321
02131232210
23222222121
02312022212
02320221220
20202212322
32232122320
22232212202
10122121232
01322122322
12112212032
12122123211
10012122320
10212022022
10023211222
20312202211
20312123212
20321110223
23312021221
33210023222
33222312211
01212312021
01200230221
03110331223
23311033222
12331213223
12330111221
22302311221
31013211221
31010122221
13101202222
31231202223
11302322221
10130133222
11123323220
33213222223
13233013222
13232102222
12000212223
12212312212
21222210223
31223212022
33120111220
00212012223
31232131223
33212120221
22121220220
23023222222
30112322220
00120302221
03222322220
31322232223
12222232222
13232223221
21002223222
12211222322
32200122222
22032322221
30002120222
01021220221
02101011221
11121011223
22210111222
22211321221
11210331220
22123332222
32201312221
20120132122
21223112221
21002102221
01132120223
01131312221
00302131222
10201231223
32023121222
12110100222
12113013223
10311312222
20011202220
20011123223
20301122122
20231132220
20010313220
02103112222
31231123220
00122113222
33121132221
01311011222
23133121222
