--- Global Parameters ---
Code Length:			11
Min Codebook Edit Distance:	4

Max Run:			0
Min GC Content:			0
Max GC Content:			0

--- Generation Configuration ---
Generation Method:		Random Candidates
Number of Random Candidates:	25000

--- Results Summary ---
Number of Candidates:		25000
Number of Ones in Matrix:	1340526
Number of Code Words:		2193

--- Performance Metrics ---
Number of Threads:		32
Candidate Generation Time:	0.02	seconds
Fill Adjacency List Time:	2.68	seconds
Process Matrix Time:		3.44	seconds
Overall Execution Time:		6.16	seconds
=========================================== 
00211330000
12022222300
00111113313
22333333331
21110000113
23333013300
00003111131
02223000110
22233000021
33331232220
31111010000
33230010000
20100332222
00132233302
01111331111
13113331133
22111333200
22211111001
10311111000
13322100200
13113330000
22113312230
13021333333
10303333312
10133333323
32003333333
01233313331
20011110020
00031110033
01000311003
00333011102
33333111000
33211211000
22111103330
22001100333
02110000330
32310000200
33210002003
32000000032
32203330000
23111032333
33002000333
30221100033
20132003330
21132031333
33332222122
00000003033
03030003331
00011000302
13201300000
03001000020
00320000022
20213000200
22111000202
01111100022
30311110322
22113001032
32021110000
00000100001
01310000001
03233000003
01133020000
21133330030
11120300002
11112200200
13131000201
11331100002
13132000022
13332002221
13330102000
23330003002
22000333000
22230003313
12100000023
11221000020
11020010000
22000010010
22200002011
20101100000
11022211002
22330001111
11213301000
11110001100
10212002000
01113002200
20320002000
00310013000
22221100200
23331103100
03111003100
02330031000
33331100312
10122300100
02000002200
10000202000
22210020000
02301020000
00012203000
32202022000
22233210000
22223003000
23213113000
22112223000
00122222000
11223220000
30300220000
03322030000
30322000001
30333200030
33012001000
23023021000
03222200002
32223020200
03223301100
32333023000
33310200002
23200330003
02222011000
02112312000
12111031000
12312320000
23311310000
33103003000
11221310003
30121330003
33331333003
33011313300
12011200300
22211300010
12131330001
00111133001
23333020010
22112100100
32122100003
03110010003
03003310000
21002210000
02022000300
30120200200
20112200032
10211120001
32113200001
32220000131
23013300001
23033110002
22103100031
20100030030
21120020003
00003000310
33103000311
10133030003
30131020300
31332130000
33323000130
32332200300
30222010010
33022202100
33033322300
33232002300
32221012002
32133332002
10203333003
02032300033
01113233000
20011303100
32020300100
00020021100
33110320100
21111230003
31002020003
12001130003
20001313003
13002003003
11000230001
00100030321
33333002023
21100232002
21103322000
20113222001
23203220001
33022210001
33332103001
00233321000
00033333300
03100333300
00103331302
00113332020
00333130002
00033200301
02003300102
13033000102
13333330012
10232330010
33300330010
30100033200
33302023300
33330033330
13002332000
31212332000
01111332300
21333132200
21232220200
03003001001
00330332003
03110332002
01133033330
11313032002
10233000320
12333332300
13323310100
31033010100
03000220103
22033101100
30332333100
01311320003
22330330002
22233022100
33030320002
03023100032
00210200202
30023010002
00013033030
02311303300
02311113030
02331112003
22131112200
32331002001
33101012001
03313300303
23310033020
23110030301
23120103300
02332003310
12333000333
00130300333
20010330033
10201300333
02231300330
01303100300
00231113200
00231333102
02312301002
02313103001
33023333302
31231333330
31322303300
00303030020
00312100020
23323330020
13233331023
23333311021
22333121001
23313333203
23332330200
22312000233
22210300203
22033000230
23222033001
20133311002
33333033101
33033330110
20303302300
02003331200
22213330330
22232333003
21220133000
21121333002
10211303002
03211101002
03232013002
03330323001
33313132001
01202300001
23303330301
10320033001
13322133003
31321330031
01331133033
01231330022
31333303033
30230000233
03300002310
03310020030
03211202200
23312202003
13330200023
13320000103
00200030100
03222000230
33220002110
23302033311
12230001002
22322100022
02210010021
02133231003
20332301001
03132303003
21321300023
20322300203
00220300013
00323202003
22323200013
30003030013
10032220030
20322021002
31311023002
13231210002
23310122002
13330123203
23302200202
23322022200
33120020202
03330002232
02331300222
33000221300
03330100110
23323100101
32332010020
23310201100
20211121300
22110301300
23110302020
23010002202
21312300302
22300100302
33311102202
32312222002
02112023302
31001222002
31110222200
03000022222
31000110002
32130321000
32211023100
30102313000
32013033001
10011023000
11211102300
11300330200
13303001010
22303130100
33021302002
33022030022
31000003020
31302000220
33132300111
33112200013
32222230013
32000013100
00302231000
30032230200
31322320020
03332310102
00021230001
33011330032
31033310022
32010103002
32101101100
23200010202
12332002100
12221032200
23002000210
03011020201
00010301101
30210331100
03133110023
23332110030
12103111000
10303213000
30113213003
30102230033
12021321000
12220213000
02021002003
01010023300
01130013302
01120130020
02300223002
12022200102
30210001030
30330030032
30230133003
32200101003
22021201002
02200001333
02300302030
13231030030
01300002023
00230002103
02101002010
03100033023
00021331010
00023210020
10221002330
20022200011
20210001102
23210012300
23230103010
33001103200
03021101300
03031123003
13011100010
03003003230
03200110220
32300021020
33200033102
33202003032
32200300320
22300023200
01001230100
03020133200
00130101200
00002202202
23000200330
23120000120
10200003130
30203000303
02233102300
30213302330
30202133330
33002330320
23000301200
30222203030
23211220030
31101320030
32223200330
33122130030
33123222030
30110102100
31011000101
33311000213
20211030013
20203102001
01101030033
22023100310
03030300312
33033230031
30321000310
20322330330
20333033012
00333330231
00331303010
00331101113
00231100221
20200300021
00303301013
20313300110
21032030300
20023120200
02200212001
00000320012
00001220023
10200230023
00200010332
00000013202
00300011012
10000310102
30032130012
30031030102
30000130310
30021132300
03222223100
01010330011
10301201002
03200103330
20001232030
30011002031
30003102020
11003100022
12103020030
12030000322
10012000323
10020001011
20030030011
20011000211
13031300031
11011302001
10000011210
00030011330
00001111203
10230110030
20030110100
20303110010
10233130200
20333200212
20331210023
33201110021
30101110013
00233120013
00031012011
00120110002
00313021001
01013113002
03011103031
00113102002
20001112302
03111200231
21330012001
12230020203
01213200230
12300320032
13200122003
00111220011
00312000113
13003100313
23331300113
00132010031
10013311001
00323110303
00132032200
00201032202
01032332001
01231030201
01123103100
00002312010
00003231103
00000233132
20000001313
20303000132
12120001303
12300033030
03333012030
00111012033
20313313033
31303133030
02001011030
02130120032
13301120033
10303200011
03211310011
12302000031
10202030032
12301010103
13303010032
03333202210
01330102203
11302331003
10033312023
10333232202
20030031202
20000110222
12000101220
22031130220
12030013020
20001330210
10023301300
12001303020
10030200232
10020002222
23020012033
23113200220
22133133020
31332001202
13220003202
00222003203
23023101202
11033003220
21021032001
20010211300
23102320033
13313312003
21333312330
20133112030
13013322030
12013202003
12303330233
32303203003
32323020023
00020320303
00010201233
20030020223
00302103303
10000123303
13100130303
13300133310
23300031130
12323331030
11323003203
01323002301
11323300232
21122300230
03132020330
03122300331
00330222032
00230220021
01032001030
01322001003
00222111033
03122211003
31220013030
01022020010
01200000111
03322200221
00222102220
32222222210
03211133020
00111330332
02201213300
02230233200
02020200331
00002220311
30002300221
30023330021
20020200122
20001022022
30021222020
00011122100
00020102012
00113020130
00103220032
01001003110
03003121100
12300311300
20012002120
11012021020
21030001022
31032000123
03102001120
33001200223
13321003023
00001222210
00300120232
00003002122
23003200111
00103010112
01130000132
00110210122
01101001202
00012110110
22211130102
10113110302
12110330302
11101310300
13030231030
13002300132
01003303332
00002113332
13000301033
10000013331
23000303323
01200033133
21301003303
02131001301
01133100111
00030333233
30030023101
33030022021
33013012200
11030033102
21003033100
03103330103
02100103013
21123033033
02210113003
02102110020
31122120200
21122003010
01110303010
01310003112
12100300110
02011201010
20221001010
31112300310
32302112200
30012112030
02002210330
22130300232
22313202202
22333320320
20333310311
12303202020
12213203100
11122031300
22120311010
23103230010
21033323010
10332202010
13130222020
11002120220
01022330202
10101333010
10110230331
01131303031
10210033033
11212330303
32210010333
33211103323
33301203020
31131103010
02330110323
23201100103
23002102203
23220001223
13133303331
13203332330
10003323230
10032302330
00333132330
02010132033
21003303203
20002323202
23300132333
22330022033
20300201033
20103301220
31230302200
32323300220
23331312033
03301310330
00132130320
00202122300
00200322230
33200323303
31030320330
30302032010
30100331330
30301031033
10331332011
13331310210
10331321100
00032233013
00003123201
00031322320
00110323301
00032033120
00311033110
01032113300
00102201330
00033220233
20033201330
31032112003
30021103120
00311123321
03310133301
10331003031
10133303210
01333333110
11323203010
10311030230
00003333111
00202303320
11033300121
20331000121
33331020321
33233021030
33331201203
00331020333
21331032032
03310203220
01123300133
01100310101
33031110101
33033103121
13030110021
33000030212
01300111301
03311012302
13330313302
13332330323
11233330113
12311330310
13311103111
13301132100
01302112002
00223123002
10223032302
02210303120
03021120233
03010210230
30301002130
30000121230
03001021303
13201111030
10301113330
10010100133
11201013200
33321012100
33001012330
30310011110
10330210310
33300113033
20100213010
11100201010
32303302110
23100332110
30330211013
33003301113
33303311310
03103011033
33330320313
10333021133
30033202011
30331131010
03313122010
33221321200
00303022110
02031220130
13300321103
11310030013
12330030123
12311301203
12321110130
01231311100
31331310203
11301312020
21203330120
13303122320
00233312032
01333322303
33332122303
33323221003
33223320103
23022330303
30203201130
03120310110
23130311101
00100132011
00310121103
31123310330
23330021122
32012333030
30023331130
02112330110
01222130100
30232120100
33003112102
31002131001
31030230120
33103022303
13313002233
10322311200
10013101110
21132310202
31003211020
23123231100
23203302102
33123332333
32130330133
21303001113
21003010031
22100302103
01010030223
00021010223
10110203203
12010022303
01203223003
03032011203
33303001222
30033302222
33003032322
32001032220
11030322220
03030311220
00032302213
00333323213
23023300213
22233031203
02110212303
00023303022
03333303122
03310331023
33330310221
33301321023
03311302022
00221202032
03331321032
31103333023
02133333201
02130333022
31103130220
31133331320
32230312020
32111112020
33033221202
33233301233
23133322202
03230301022
02333201031
00232210012
01032303012
02332033021
03331033322
03332033113
03333211113
02323330313
03233200121
00133031021
31333031123
11130310120
13103110230
02030200213
01201103203
12131102013
21213120100
01331203103
13103203103
03130130213
11332010330
02133321102
11031200203
10310120220
10322232220
33322211020
13301011220
33110031230
11332100133
11102100013
00120213033
13321102301
13231123300
13233211010
03211122330
03112122033
11122203033
00112303233
21103331101
23120333313
33020313003
12020210303
30130031303
20103023203
21330203233
21110333212
21202332033
01011001313
01000213220
01321001220
00323012220
00312031022
20312030312
30123030332
32101003033
32002100301
30121002013
22312102030
32310203330
21202100130
01321200012
02033123012
10330113012
02311210202
03103103202
13313100122
21310100012
21310001332
23133003132
13133002120
00300131313
20110313320
20310230320
11033133310
11312033310
21011331130
02011132320
11011333320
10113301023
11233102033
31212030023
31231300120
33313021120
21301303120
21010131020
13131333120
00231001120
30210110203
30013210130
23100313133
12110033120
23220023320
22030331330
31000233103
11002233010
01100230210
03013033121
03013333232
01130111010
01200122020
21330301320
12333130132
13133322013
10031133202
11310233230
03120103221
10100102210
13312302320
03112321020
03210221001
03302330131
03033002111
00330213111
00023023011
00220003311
23223033110
21033011111
23033311130
10103131113
10103001301
11101300021
11301330122
31303311032
01103301231
03301301112
31330330322
13223130320
03021302120
03202301303
03120223010
20003022301
33302201230
03300121031
03213332031
03300232022
33000332031
03000202211
00220022213
03220012012
31300222013
23013220013
00131122203
33031132203
03303323323
33302133220
33312021033
33310212222
03223022202
13023022023
23301021202
23301133201
21230111002
03010111022
13000222032
12220020012
12210100101
02200203103
02030313103
23321200031
21302120203
13021210013
10021130313
30000210321
03220310301
02020312023
01220203031
31000031233
30013011233
21113010333
20113033313
22300331013
03020031333
30013023202
31301300332
32302120333
32303312303
31300012103
30330112223
11030211103
21112001203
22303032023
23013013022
33230130222
33220110102
33131203032
00313230133
21313030103
11313133113
23010302131
21233130323
20133330213
32013332203
31131033203
30111203333
33031023332
21330233302
23132331112
20102031210
22200032120
20220203302
33103321012
01313010121
10103022012
13230312201
33203313202
32203213010
11102131120
01110311130
12002130110
20202131100
10201102120
32302130011
30100023011
31100103111
03032021012
22032330212
22223302023
31311031320
33311332323
23121330133
23303130223
20003101233
21032301132
21332322022
21033202213
32203020011
33310120111
33010022112
30100021133
31010301110
21310302210
31310303313
01311003231
01030022233
01033020222
20101130331
30310133031
22310130021
33231033021
13233233301
23123303011
22332130301
22220203110
23233011333
21112330131
23113331311
30111333113
32111320013
31333230311
31331201130
13132121100
11303012013
21200323013
31333022210
12003313201
12203123001
12032010101
11230303101
11003021011
11003030312
13111100332
10011033312
02200333312
11120003330
21320302031
03203002133
02303013130
13113013130
11310123033
11301103322
11301233301
21300103331
23200133032
20320103023
33202310013
13000233213
11000222110
20102311013
01231011013
13033232223
13203330221
10013332113
03013310221
10301302231
13111322233
13110020223
11001220333
03100202333
01003112333
13233320322
20231320303
22230230111
10230310213
20232013011
21131010110
21201230021
22001230122
21110113001
23001011011
01303133101
30030313210
30323323310
33321123320
00320333212
31120133032
00322102331
23033032331
00323031331
03323033223
33323101333
33033213133
33131311330
13331211031
33323321132
30332030213
33200012313
33230001121
33303013321
00320101121
31230220103
31013020213
31102002110
31121030113
33221020132
11021030210
03113302101
31133000212
30303210201
00300321211
01330031311
31300301131
33320103131
33320311011
33322010123
30323012011
11123010011
03322221330
13023102133
20230332133
22333332113
10320321013
10212031301
10002022133
12013032130
11002032230
01100011213
01320220313
01001120212
33302022211
33300233111
31320033110
31132033131
11100333131
33130123312
11300022121
11102022102
21130021210
22300210212
20100103132
20020111112
23011131302
23311231330
22023133013
22301133323
20200323332
02303233311
02031320311
30230332012
03332213333
00222233310
12000323310
22200202230
20031233103
20032123021
00202320213
30023120133
00121302103
30302232203
03302221203
01230221110
01200021102
03322331201
02321301101
02322323030
02332230223
22331201333
20230102330
22131033332
12120130330
02120332130
01020121001
32201312100
11100310232
01110201032
22203013033
22203331132
20010023333
03013320133
00133222120
00130123133
00023313333
11033231333
00223332233
02103210133
00032120123
10012102011
10031212032
32203220302
13003223302
23313323332
32200230331
23212333302
12323233320
10013131332
20203111032
02002321101
30302201101
10002211112
01313130232
01002130231
01002001221
31120031021
32000313021
23003133321
30033122321
31300332311
01332230112
30310323112
03310230211
23303132111
23321321010
31020300211
10022010231
12011010233
10023200223
10003111323
01301311323
23002331022
31300231220
33202111320
20213011320
03233111302
32133313312
30213030112
12333011210
11330011232
11023011201
33122301001
30112322010
11231200011
21130102301
12330021313
12000110311
32200011111
10220221031
12031100111
20101101111
10220100112
10232213100
00212232100
11332203120
31113302011
00213320111
21332031110
23333223111
21333221310
11130322111
11113003311
13133031211
13310012311
11200020331
02330212331
00213023331
02103023101
02030111201
32303311221
33231031110
22330232201
23332121220
01333121120
33332312110
23322203130
20332031231
23330101231
21331210131
01332221013
23311110231
30331113311
10332123301
10030223311
12203311031
11313323131
01332023130
11332133232
10311331331
01333221232
10330221221
11333122231
11133230201
11133200313
13110320011
13003201221
10202012110
12023020120
13121200210
33112033211
33332013212
30313320232
03032133032
20301310232
20110101031
10010021131
00011031132
10302120131
10320203231
03210031111
30311023313
30111302301
31133112201
22103312011
32233311110
31013313013
31011213030
30101123310
31203311301
31220110011
23220111131
20021102131
20121300321
13133221001
32031230113
20013311313
21133013123
23133121022
01331010212
02311120210
11322012022
11123321202
21311012120
20302313131
00231131311
30012333311
30312330121
30112120021
03131213101
02311131233
03031231233
11313221203
13031232131
10112320113
11112231031
13111232022
33122023101
31121213001
33111130121
30113001221
32120201031
30232002112
33022001132
13302020312
13220201330
01020211310
31132200233
13001301311
30003231311
30202323031
33013223311
00012231331
31000211211
23111002111
01112023111
21113210111
21010221011
31012320301
01101232201
03311113223
03131111120
20333111123
13321311113
13211311301
13201231333
13200212320
11032211320
10202231320
13011011202
12110221002
12010120023
23313111102
23312210301
30122133011
30231311011
03132113011
32132111001
32021311201
22031301312
01203210311
33110110212
03100121122
13100111012
11313011331
03131113332
11011113333
10221133332
11211230032
21103113332
21311332102
12001132132
11020130132
13302111132
21120130111
11003011122
21003131012
21030132313
13030102112
31302103102
13131011313
11120121310
11322001131
21321101032
11133313102
11200001212
10120331211
10231012301
01022121230
10131201311
30320211331
10101112201
13121112031
11111010131
12211110113
32131010211
20320010211
32333101311
13231101331
31203122012
21233110112
22332311012
02321310032
31213110032
33001021221
13101331032
13103220331
33322230331
33130222131
13122030131
13212201103
03213202311
13132032301
13002133123
30221312303
01222331330
00222113301
32120113301
31201201113
12123013302
12211113302
11110213332
13011203132
10112101333
12011233210
21213203310
11113112010
11011231102
31101111302
11310310321
11103232213
13011320321
12313211302
12131133233
12011113120
21210131311
11200111110
21200211101
12100321121
02300122113
20001201123
20030112211
02010311311
02020032113
12020133312
30201332211
21302013112
21302111211
02211302113
02313322233
13323121212
20201231012
01021111012
32103111112
23211001212
32100131202
13302231212
12030231112
13230221102
13020321022
12201211102
23022011120
22013201133
20032111333
33022211333
30132210303
31013101033
11302210323
21020101133
11112133201
11310211022
12131110331
21223031301
12002231233
12231311133
11122033213
30133211310
30112231110
30232321113
30303211322
32330101132
31310011221
10130011123
12110111133
31103111233
31111131331
33132112133
22111111110
21101120113
32001011123
32031103231
30022103233
20211311023
13203133112
11203230102
01122323310
31312232130
31010321323
30010311222
00210333221
00011332231
10002233222
01213331210
21233332312
22223333121
32323230102
31232231012
11212031133
31112032103
11110012323
01113101123
20111320223
11133211223
11210331112
11213103132
12213310102
11213001121
10223121020
10110212101
11213232200
23213222103
00213211021
22131021103
23101311223
32220131333
02211331303
21123111103
02121103311
10213023110
32213002111
30223303111
12022301111
12021013113
31210113312
11230123120
22213303211
00131203212
01002032112
13023313132
10133013222
21300112122
01032013232
01002131322
00303223222
03011323122
13101303212
30130322102
31303202121
01132302122
11132232133
01112321333
01113022312
02323031112
22122000112
30212200111
12103202112
10233201122
10203233131
12023003212
22331031212
02230023112
20223002121
23202103111
02131131131
30201213103
30223020321
12132003111
21032133111
31321203111
23201323110
23010122230
03232232111
33202333121
33232233322
10222230103
12233230312
32233302132
32230032332
13220032133
12223033333
02222103333
32231331032
03212130310
33121313311
01210133323
33131331221
31311132111
12321003132
00220231120
32231332301
32221210301
32033222101
32231211023
30013323123
20031332122
32223001123
13222011112
02302011332
30223311332
11223331322
13122301220
32231133312
32120031312
22100231332
13210302332
12201030223
01001232332
02021303223
22023332332
00230212322
03332112222
33123211201
03120212021
13322213321
32230113121
31231121101
33331121211
30031321231
30131101223
32032120132
32101120022
10121101021
30111013212
30011211101
13210213131
13213032323
10323133222
30011123131
01101102331
32211301321
02211211331
02111021112
02122320012
11230210132
10120231132
03120301232
23101010322
22100003322
22133203323
20132320331
23002322331
10002322312
21011013223
03022110321
32020012331
21020032320
10233103311
02230103322
00133111232
11321131213
11223113313
10231132213
10222301312
12111231312
13112133110
10111321212
31111122313
11121102203
11111022210
11222100321
10102132302
10312233332
30231223033
22332233133
22231313311
22320230333
22231132333
02013212332
03210130132
02021001232
00122023232
12110001222
10010013122
01112033222
02112020123
11130203221
11113202322
11210023022
31100323222
30210032321
10201023213
10221203313
20201203233
23320320233
23020322310
22011012311
02011012022
32011102123
32100002221
21133032221
00101202223
21002123312
21320223012
12202232002
12212132020
11020123202
10102312022
13123310222
12312101212
03121112113
11231302212
31233232122
10233323121
01323232312
30331322212
30103222111
01123322211
01221202101
11202002201
32013201212
32013133322
33012331202
12013002221
12012233023
10011212220
30220022022
30212010232
30301221232
30313121323
31313203223
31032333213
31112302223
31220202133
02120012233
20200313223
11120120233
30020222233
03012332223
31120022332
31011312322
30312123120
31311213122
23012323012
32012002302
30121011122
30202101302
31223101312
31122021112
33111211112
11221211111
01312211111
33222221131
30022233101
02002233121
03103222310
20012233112
20001213111
22021233130
20321131320
23031213322
03221230322
33212311022
31212210302
12122020313
22022013330
00321221131
03220323131
00122201211
03223311212
00233132123
02233322212
23323112210
22312211310
33023013213
31323313231
33020231231
31221033231
33121233323
13101222113
32121021130
32321311312
23323012322
32123203120
32012220110
32100220113
11210223313
31210023233
21131323312
00211232312
11112120312
03122203122
31122010222
13131122311
11221023133
13022132310
02022011313
01013221113
02013221301
22002220133
03111122221
23111221021
21211110222
32130210222
32131221332
33202322133
30021323213
30020322121
31231111232
22311122133
22032103213
03321012211
00012103222
00212112202
02220030122
21322322333
31223233332
30203233220
30222323302
31112221232
21220021032
03112231132
12322111233
22200112310
22201023131
02201011222
22001010221
12220012121
11220132331
11213233021
22133023031
22010132101
00101312212
10303112212
01131212023
01010312121
01131022321
01013232321
01011222222
01332202021
10312220233
20331313221
01023222203
02232220102
03023232132
02031211122
02313212123
22312012103
32212313101
32213233113
32012130233
30121312231
03123131220
02223101321
22220013102
02231002323
32032111210
31320213023
22020213221
20310023221
31022132113
11232111301
01203112210
31223132023
32112331322
02102302323
11022320322
30122200322
30132223320
33102220323
23102231201
20312102201
11032202302
01021213121
02221031211
03202313211
02020322201
20023321321
20123302232
20232033222
32321331223
02123331123
21102321123
32123321233
32112312313
03212311133
02132313230
01212211200
00123221323
00321213213
21213213203
21232131021
22323213312
11230222301
30222332122
32322213203
30122012203
22031323203
23132233220
10122212310
11302132223
21102102121
21032102220
20231022220
20203121210
20202221111
11231213233
11331121222
02301221220
01201022123
13120322123
13221320213
30202221023
22201232103
22012321120
22033113232
32220132111
02232132210
22332012230
20332122233
22201121123
23032221123
21030220322
32102032032
32002023112
32220323123
02022312112
01232312113
31302212212
30012222212
21101213222
21101020232
23210203123
32102310121
22323001221
12222010220
22022012201
22211200131
20321220302
12032322031
13322323231
32232002231
32320121213
12323032213
12132122330
12323122200
32323102212
32303222330
33212022331
01212032231
01023123320
31022220221
02022102322
02322332321
01321123201
01221101231
21022113123
31021113222
30203122223
22032222313
21223221023
01220323220
03222121223
12302023223
12300132322
20223232323
20102112232
21121211320
11211221330
21101223330
21212323020
21002222320
01102222131
33011222231
21310222223
22100123223
02103122021
02212302021
22331020231
22302202321
23203022221
32210222031
23223122031
21102223021
31132223211
21120223131
03232322221
12123323221
21323122321
21313221121
21023223122
21233122222
22220311232
21312223102
23122111221
11121312321
11022022212
10120123322
33120132322
31211323211
33212123011
22111232321
30221223121
12301212311
32101223231
13212312111
13232022011
23022022111
20221122110
12021122011
12111113211
20211211211
11222322013
21221322030
21023122130
31222112132
21312311233
21202011223
21121132323
23212211323
22222223031
23222130231
12202200232
12312310231
21131212211
32113132210
22223123230
22222112021
21222311302
21222302110
12222131130
22320221101
12120211311
22122231011
12122221120
32022212121
33212101221
13202122222
23201202121
22130122121
12233122113
12322323113
23222212013
21121122012
22001322212
12312212213
12332112131
10232120211
22232202101
12232212221
21210212231
20022212130
22222121112
20213221312
20112213231
20212223321
02221222112
20112312123
10112122132
10211022232
23112122310
20132102313
23110312213
22120222213
02212122313
22221123003
12111232203
22113221320
23201322323
22212023122
02213133212
02223112222
32222113322
03221132232
32213102022
22221232222
22211312032
22021212333
02202213132
12213131221
12210322222
12213021322
01212221322
22322313122
12322220332
22222203223
22121220023
31221222223
12202322321
12220221323
32010222322
23211223222
