--- Global Parameters ---
Code Length:			11
Min Codebook Edit Distance:	4

Max Run:			0
Min GC Content:			0
Max GC Content:			0

--- Generation Configuration ---
Generation Method:		Differential Varshamov-Tenengolts Code
Differential VT Code syndrome:	0

--- Results Summary ---
Number of Candidates:		95326
Number of Ones in Matrix:	22681404
Number of Code Words:		2401

--- Performance Metrics ---
Number of Threads:		32
Candidate Generation Time:	0.08	seconds
Fill Adjacency List Time:	36.22	seconds
Process Matrix Time:		65.20	seconds
Overall Execution Time:		101.52	seconds
=========================================== 
12300111111
02013111111
31123111111
33012211111
30030111111
33333300123
33333313020
33333312331
33333223011
33333301001
22222220231
31202222222
22302222221
32222220122
32222223033
22222212203
32222211230
22222213112
23222223011
23223222222
30113222222
01233222221
11012222221
33012222212
33330222222
11323222220
31303222211
13313322222
21301232222
23333301222
11233332222
00320222221
22230111112
22221230132
22012222111
22311211111
00011222220
01230112222
30210222211
21013222210
21310222223
02312222200
02300222212
01200222111
02303221111
12302222110
12303222203
00210322222
11200322221
31213322223
01211222212
11030222212
11023222111
11123322212
01023222202
30023222213
30303322220
10013322211
02013222233
11120222203
23311222211
22313322213
20103332222
00313332221
01203322210
03300332222
10301302222
20300322211
20330222200
23300022220
13000002222
03012222103
32023211110
33123222231
33222210131
32222203301
32222202113
33322223121
33333233122
10001222202
13010222230
11310322210
00001222113
20020221111
30320222110
31010222113
31211221111
30223322111
32013222100
21220322213
21120222112
01130222230
01123222133
20221222210
20023322200
00022322212
23323332223
11330221111
12013221112
13013222002
32311222112
01233332111
01013322112
13303333221
30133333221
03213333222
02233333333
32223333322
33213333331
23133333322
00113333330
00023333312
00203333321
13003333332
33330333223
33300333330
32303332212
12200333222
10223333223
30200332223
30213332210
01223332233
02222322221
03321322220
00123322120
21323322110
01233333200
11203333310
13323333300
21223333212
20303333210
20213333313
22220333331
03330333312
03220333323
22303333302
23313333111
00333323012
02100333332
11313333213
31303331111
11013332200
21013333301
11123333201
22123333230
33123333120
32313333201
10111332220
10013333110
10100333320
31110333333
13110333311
30013333233
00210333211
23110332221
03111022222
01111333322
11130333230
10320333212
13220332220
13221322211
32222333211
30110332111
32313321110
20010322110
02303322100
02323322232
01300322203
00330332213
32320222233
32300322113
12303332133
22013331113
33013332101
33331333110
33332322210
23333302010
03321333213
02013333131
02221333220
01231302220
30232302221
21230303222
32301233111
30300021111
30200333110
13320332111
10200032211
32330211113
02323311113
33333011111
23322311111
30312301111
00012312111
21010311111
20211331111
22300331110
22301302111
01330111110
03331322111
01330222102
03333212120
03333301130
01011211113
30011311110
10331311111
13023111112
03013211100
01313331100
01310321113
02123111100
11121211110
11123331113
22123321112
12023322122
03020222122
03123221101
32123331101
33333122112
00000301211
01202301111
00030331110
13023333011
13221333312
22230333123
02230222120
23123332311
03013332333
30230133333
00010333303
30110333200
23210333300
02310333230
32210033330
02300333101
11310333302
33310033211
20330333201
13110033220
33210032222
03010333120
13013331122
32310322202
22321222202
20311332212
13331333202
10030332202
12320222101
12310211100
12303331000
13010322121
23111333210
01010222000
22123222000
10031221110
11020321110
20222321110
01230323110
01230233330
01323333132
31320333231
31223333103
31222311113
01220331112
31211332112
00222333113
12222333303
02222233202
31220332202
31300332100
31200022200
00321332110
30320331113
32323333033
32023332231
02123333021
00322333301
30123332012
33023311103
00200033220
00100002221
23000033221
33100033322
30030333122
20100033111
21120333122
00300033313
23023321121
00001333231
30221333232
23222333233
30122312222
30123221123
31230223220
32221022222
30231212222
10220022223
30222322233
10322322113
12222022111
00222332200
02222202000
33222233000
12222231100
33322201112
03222232112
03222121111
33221033111
03320032210
22222132220
01321221112
13222232201
03322233231
03332223020
03332332100
03222213032
12222202232
10222223123
13023222333
00222203230
00222212333
31222212311
32222112212
32222113103
11222322100
11230222300
11211333100
32221133300
11020333133
20020332233
02320332333
02020332121
01210332103
30230332301
30232313111
00302323111
00021011111
00020032113
30020322103
33030221101
33023221000
03023322001
01020322231
02013332002
12310332122
30330321100
33332213130
33322232103
33332212001
30222212020
02310011112
11210031111
21200032110
01020221103
01300021100
10310032110
11211022110
20111022111
02221032211
02220002220
12220033210
00010032200
00031322203
00210002111
00321022213
01210022233
31200001113
30010031112
33220002211
23000000111
30201012111
00223012110
00211033110
02222000112
03320001111
10220001110
00222200121
32210003221
22222003223
02220003313
02200000211
32222100233
12300022231
12000033331
23222201101
22222100100
22221110113
30221331100
10020333000
30321332201
33221132210
33211122221
12211101111
22211112211
32211113110
33111112111
33311133312
33221111231
22221103210
12222113231
22221111202
21212312110
22011322201
23222113121
22223123111
22322333121
21222233120
00322213120
20021333101
31201302211
11111111211
32111112220
22111133222
12211132223
22211033321
11111113330
01111113223
01111110110
00111112212
01110003222
30110002212
03210003210
31200033233
21300033301
23320033112
33330000112
33332033301
33322133202
13100003211
11010033201
12111033211
11011333232
12211113301
02211133313
12110000111
03111003111
23110003312
01200033102
00320033100
01231213111
30300033202
03300003223
03000003330
33200000220
32220000300
33310003300
10300002200
00000000000
30100003100
20300002113
22210000010
13310002213
21010022202
13320033203
13322022212
23330021110
23220002100
32300002101
03320000202
33222000103
12222000201
13220000233
13322200120
33322110122
20200003212
13220003302
33221003200
33223012220
22310032201
03222110230
32301202210
03321033302
11300003112
11100000333
01000000322
00030033232
00020000231
23330000230
22300001000
22300000122
22010033122
22020331102
12020111103
23211001110
33321002110
33210000313
30220000122
31210002102
11210003000
11200000202
01200002003
02300032002
22310333003
30220033003
10221033301
02211003300
21310033232
12110003323
33322003233
33321103301
33331000201
23330003101
03333032201
00310000301
31000000031
00331333103
13311033113
33323023113
23222031113
23222003132
21220002232
02300031133
20221032112
10310000232
11221121113
03221103112
01220003121
22212303333
00202303222
23010111102
23301013111
23010032311
23211032213
00321003201
31211032201
30310032233
20210002203
20211033202
21221033231
23311133201
03311002200
13211102212
11111100222
23211132100
32120332130
12211110232
32211100200
31211133230
23020332010
23030222011
21110000021
21030332101
22120332001
13111113202
33311112203
33331113002
03211113000
22111110300
12221112000
00221112201
10211122200
23222122000
20222022202
03322112101
23222102231
03311102113
30222032101
30020033131
13222112132
20322332102
23322212322
13221101100
03222103003
00222102102
00221110122
00211111230
33331110230
33321113133
20222003001
10020002102
30020011100
22321311100
10222131112
11222201122
11211113122
30111101112
30211133101
00111103302
20111003000
10011122112
10111112103
10310003103
30110000133
20311121113
00311101100
13111000100
23111103103
30211001103
02311221103
30010003001
21210003133
21311333133
00311133233
30111103231
00211000233
10011002201
31310031103
22010001101
02310003120
02111000210
31111000311
22111100013
33111000223
22010002230
33010032130
11020003230
10222002133
11222103130
11222110123
02010022131
00021022100
00120002300
22320021103
21321011113
11311131112
23111110132
32311331102
23321131103
21211101102
01211100123
10211103133
20221000131
02320221000
32120221102
21222011100
21020000120
10011000122
10322003122
10222113022
03331100122
33332100131
03321100231
23332333132
03333133131
13333033230
00311110131
20221113130
20111113033
20011110123
31221112120
01221122230
31221113011
13331113121
13333201121
01222333022
00322103131
03332131112
30222133031
10021133230
31222032230
32020003123
30211112333
30121233333
01211132131
01221031101
01311033121
01320032122
11221132102
22121113012
12011311101
10011031100
02021211102
12123211133
13322101133
33332001100
00333011100
00322001103
03322202033
00322002232
30222201332
13321132233
23221112033
22220121233
11211102003
11221133033
20221101003
20020001133
20322201130
00332000130
03331003133
00333003121
03333202332
13333003022
23332203123
31322133123
13331002232
11311003231
11330000121
31321000123
03332122233
33333102033
00332232230
13332232131
11322332232
00333212011
00332022112
11222002002
11120032101
11321122201
21311002101
20222231002
23322113030
22320003031
00021003132
30311033132
20311103122
23321102132
02311122121
02311112010
20311112001
21311102230
11311112032
13333112322
10321100130
10321113031
30322112011
00022213011
30322232331
10322223010
10011133002
00022133122
30321132122
30221102032
00001332102
20011332000
20011132231
21021222233
21222332003
21221022103
31321322102
20322100123
01321222003
31321032131
02311032130
22311132333
22311001132
31222001131
33120022120
11312302223
01302302212
10332212123
10331132101
13333022133
10333032122
10331001102
11031222103
30311002002
23331032102
11321332000
23321002003
00331122000
21320022000
03332102002
13332022000
00322230000
23322031000
13323012100
01220030000
13331131000
30311130000
30332033120
33320121230
12311121130
11331133130
03011322130
22321322133
22030222133
22331332230
30331322232
22011332132
12311332031
12330322130
10333312310
10231123111
21011021112
30030022231
30330022003
30031332131
22322022230
12321022120
12320002330
31330002130
01310002032
02311002322
02322331130
11322031102
31320001002
11120001132
11312012113
01301012112
11030011113
12322311122
03313013110
13213012111
03312012211
33312303222
33312313311
13312323110
33323011202
30112012110
33223123100
03323023000
31311101131
01322122120
30332122130
20331112120
11322112331
00022112130
10022122231
10022232121
11021033122
31221003022
22021133123
21331003120
23331103031
20333133123
12311003010
31311113020
01321001130
01221002031
11011001133
31010002333
32310001033
30011022133
00031102230
31221101333
00120221130
20123111122
13010011131
10331102333
10021112332
00332112332
00022232032
01222231030
01022311101
01221321000
21123331000
31123322003
31322311000
32320330000
30321021000
30021121101
30022022122
31212012000
30312302200
33312201230
02322201220
30322103020
30331003030
30303012000
33230100000
32031222230
33230222030
23023110000
30332202010
10021122003
10021103121
22211201230
21311121000
23333121101
22321101121
12320031121
32321101030
02321331001
02312301000
32331211000
12311220000
23011211001
23010200000
13123200000
01232300100
30230030100
01321103010
31322003011
20322202021
00332201001
30332201222
10322101002
12322231211
00032333002
31322002322
32321002021
32011002120
12310021002
32010020000
31010331000
33010011003
33120111000
23021211130
03010002020
00032202120
10001002130
10002332230
30022002030
00003022230
10022331103
10322231033
10332332003
00021131000
21021132130
00032131101
00002032131
00033122131
00000122120
00001101131
00000012302
03330120130
01232312213
10030002033
13332201032
23332002333
23022201233
03333231033
00332033033
11322233021
20332233011
21322213013
10333103011
12330333011
13230331211
10031333033
20031033130
22011133030
01311031002
11331033001
11032333121
11332331133
31330332033
11333233010
13333230002
11031331102
31331311103
30331133021
30333232023
30022233023
20002333120
32322112323
33021122123
33320123003
31222021003
31120321133
13123321130
00123311131
23120111131
11130311100
10123211001
11322120000
12322202303
32322010003
31222130002
20331131132
13323123132
21333113012
21321133022
12311130022
30011131033
30001211103
32320033022
02311103023
33010322033
12013321003
32021221133
22022311133
23013311033
13312311212
12331211132
12301312102
12331331120
12312312230
12010331333
12320331032
32010333032
03220123133
33012301133
03321230123
33312331203
23012302120
23220130120
00323130121
13320120121
23312230121
13223230121
12312302101
22312303112
33312300010
23302303211
23011033012
22321032032
30312323133
30212323000
01322321033
03323021231
33220230230
32220130201
33310130101
33223130133
23323030130
22301130130
23232230133
23122230100
33313230231
00022101033
21222101032
22322121001
22332011101
20332021133
22332212012
11032213012
20031113010
02330002011
01120033011
01322202310
30333201311
32332103012
00333101032
00003312012
00033022002
00031103022
10031101001
20331031003
20030001002
20313012112
20323012201
00323010133
03030111133
00223230130
20312313100
01312312102
30312330122
30032311102
21332321102
10032321000
00033233020
10333301020
00000232010
00000231123
00033301123
00003003011
00002002022
00002021102
10003033123
00002113023
00012330133
20022121132
20001321133
00012303210
01012302201
10012300100
20022020000
03303230101
10032003021
20031002121
00111230121
10033021101
03030003012
03010030001
02301012201
02301203100
22301323000
21231221200
32312313002
33021300000
33012302002
32302300102
23022002302
32312012132
00312121231
00002122001
00020123031
00120322011
00323120230
20001221000
20032212310
21020031003
20002203012
10002212013
10002011133
10000302303
00302230132
00302331233
00233231231
00313031230
02301323132
12223131230
32223001232
00223023233
01230001230
02232201233
00122201202
02302312003
20012012103
20032322033
31030322132
10012013112
00012011201
30012023230
30201001230
00013013000
00123300003
30120100001
22120010000
01120311003
02130211101
32230111003
12030110000
11333010000
11313012202
12020220003
12011010002
32011330003
20002311003
22032300000
12331300003
02130200000
01330320000
31121220000
32321120002
03120220002
30112230130
23012313010
30122120100
30301220100
00300120101
00230110001
02001200003
03030300003
03231200001
01031210000
20333130001
02030332030
02012302033
13020311001
11301331201
00301330200
03233130100
02220120102
03310123102
01301330131
20302030101
30301030231
30001331001
31011033031
30301303300
20301321202
30301221233
00313023202
30313123121
30213130120
20323023131
00013020132
30012010131
11312030131
30210123130
21022022131
22312320131
12301200133
22021031131
21312300103
20012303302
23312023103
03313120201
10301322301
10302023100
10012123101
00113123100
20312123002
23313123033
33130210003
32030322001
32323123010
30303023033
10003212300
23223023201
20203023000
10223023102
30233123003
02030311002
20302300110
33000230100
10023120120
22022003010
30002033010
22022011002
02020011033
12322011031
32020022032
12020001011
32302023001
01312323001
31212023101
30301123201
12302313131
02302300231
31202303200
21302312200
21332322231
13310123231
22012313231
30301200012
01201200110
33011002011
31021022001
33020032021
32330031001
22230221002
13020221032
11332002031
23020210033
20123220031
22312013033
30313013231
20023013230
10223011231
10013012233
01012012230
21312330230
30012300232
30031030002
30332130032
30112311233
30212310103
10012313203
10323013003
21312013201
00302013210
20231101231
22200301231
20210230123
12210230131
22310123011
22013012001
30023023021
11223123001
11231001201
11303023201
31302012233
31302013102
21223013002
31223012033
01233012103
12201002301
20033010003
30203013103
11223010101
20213013301
20330123020
31223020120
23000231230
30232131230
10212331201
20212030231
00202230201
31202330101
20232130102
03312030233
03223030232
22223030200
22223001301
02223121201
02212001202
23213030101
23213023112
33212101201
33212030110
02212230103
02230311130
22130331131
22333003013
33212230301
32021103013
13121112301
01231120101
33313021301
10312020201
00212322301
21332020003
11012023002
33203231201
03212321200
22301220301
21220123030
22200231301
20301011301
03032202301
33233002301
32333302302
02333301203
23230031200
03032231200
20233011202
01332212303
31302321230
21202321201
21201320100
21231030301
01232123002
21233020102
21230200011
20230020111
21230021212
31233012212
31232323212
01212323132
11212121230
01202023033
21232023113
11233013110
30202023112
31230023303
11230331303
30233020133
21231331233
31230330113
01230220213
20230222313
01301223202
02312020123
01011020003
11230211010
11302303313
11232230231
13023012013
12301213003
11301123103
01301210103
00133230103
11201030103
31231010203
31301300203
01231030132
30201020202
00203010200
20203030132
23033230112
00003030033
10033230031
00232303331
00230200032
22231210003
00231032302
23210120131
20113130131
10312120132
11302320112
23313120122
23312320202
03212130202
11312310301
01202020122
01022320002
01032321130
21031321003
11200230120
11203130131
11002010003
01202310133
01201211233
00301211220
20203123133
00032231333
00003201330
02023012330
01232013301
21202313303
01301313301
01331332332
21232303310
31231313300
21201013200
21231233322
21231211313
21230113331
21201203311
31201223213
10301233331
11201211300
11301213211
21301023233
01303013131
23010221333
20302020232
23301031232
10202031232
23313010232
11202012210
11201203222
31201311202
20301012223
20212312223
21212300212
00312310213
00212123203
02212023211
22210230202
31212013232
32301013232
13223013212
10301011212
22301310233
22201300002
03200131231
23201332301
23201211211
00201131202
10302311302
13223120231
11233123233
10233130232
12203230102
12210123112
22301213312
11301010302
23303010103
00301203322
22301203223
00232121212
00233120302
20231120203
00200120232
02010001332
30230321213
01023013123
11212313312
31301233323
01313012333
11302123232
23302123112
23212320113
23202121232
33300120202
30100123002
01012300122
10112001231
12323012321
11123012122
10333231332
12212012221
12012312022
12012323011
30113010102
10120111032
31212320231
13212323223
10202323210
20202311212
30202300213
11232313220
13212010200
20202010302
33302030200
13302130102
12213023200
23100230122
12213120103
11202020301
13212311303
00212013313
00232031203
23202020203
13203020100
13302010110
10301020113
10113023113
13302121201
10202123302
13233121202
13232122301
03231101203
03213023303
00203021301
03202022302
02223010303
33020332332
00231123220
02200123200
23232013211
32231112302
22212102301
32213022302
32213020111
22223020012
32223013310
12212030302
12112130100
22212130111
32213131301
33213031233
11203010233
22213011013
22213013222
20121001302
20122122301
20102012211
30131121202
30102011202
13132201201
23112031201
13033231301
13233030203
10232030113
00233010012
03023331032
01021333030
03212300221
23201312222
03213010213
23113012210
21213011230
20231313221
00133101201
23003001201
00112313221
23032101202
20032102011
20201120112
20133123212
30132123113
20103031231
31301020132
32330021132
32230221333
23230203333
23123221332
10100120133
13100123100
20101130103
30121130302
30130322312
30231221312
31231120232
30231203321
30133013200
30120030210
30120021012
30201210210
20201313310
11201220012
21231310210
23213130230
22231102012
13230022012
10231010211
13300130230
20230330012
02231333012
11232300013
30121123210
30122303321
30123313332
10123330331
00120323333
30120223322
10230220222
10230323330
10231330300
30131130233
10122230203
10121130111
30121311211
30231310313
30301313213
31230311312
33303101231
13120211122
33120001222
33020001331
30130001301
20132331302
31022331122
20132230232
21130330003
20130303332
10130213333
30132020203
10201200020
20120031313
20120110333
22120022333
02002313333
00231213332
12201303332
02321130332
21322231332
11022131131
10122032302
10112013300
11122003020
20133023303
13113011203
13130002303
13203011302
23103030202
13113230132
10103020302
13033101233
13113131231
02332101211
13230110333
12330010033
12302013022
13122131200
12201031200
10230300021
30230310220
20230013320
20130311010
20230211023
23230110022
31230100321
20113121230
20231200330
10103012220
10000201220
12000101232
20033201221
10003301013
10000133013
10003131030
10103130201
30120320221
20120300022
20131200021
30123210022
22021130001
11121131001
20121023221
20101213222
20121211020
20122011223
20122120213
10120010021
10121221222
00120331222
30130211221
31022201221
21200123122
10230111322
12230013332
10001131122
10002102123
00230011311
03230030221
11022212320
00000130022
20120311321
20121222323
20232300323
10130001213
31313010121
12313013123
13230311123
21303230123
11030123010
01012123123
11013123130
33012013120
11111201301
01100201201
02012013021
11123013031
31110301231
33112001302
01303123030
20102323223
33312020312
33212321012
33231001012
22013010120
00201311013
00201322312
00112311012
30122310013
13123310033
11112311131
13112322302
13122303333
02122112302
03212123312
03203021212
03113001232
00101001203
03122001210
10132023211
13120022311
23120221021
03120031123
30121220311
23133201230
22233101200
22032201013
10032231022
10003230322
12022201312
13003230233
13022300032
13022013332
10121013322
12321123333
12202013311
12230322311
10231021303
11231320223
10033112023
11013130123
11333102123
10301210323
13201013221
10201323323
23011013333
33201213333
33201101302
32303010130
32003301233
12022101223
13302310223
13101323222
13301220220
13130330222
10102300221
10201300311
12212330213
12011033023
13011002323
03231332313
03201331210
10101331213
13301330303
03302011303
13121101213
20000201313
20122010310
30101010303
23121030211
21121102123
01222102321
00112130301
11121102030
12110123203
11021112021
11131113013
21011103021
20001102020
21022112010
12100231231
22111230233
22121320003
03110120233
02110131201
22112201203
11111230200
21110230110
31111231232
11110201212
21113301202
11101011101
01003201212
12103001202
22103231200
22202001012
32212123220
32212310222
32213121212
12322132013
01022133013
02121002013
13122010222
23301210013
10101210011
13231210030
12231222010
03003013222
02321020033
01121010002
01011130032
01013012022
21000301302
30000101012
01122102012
11120123023
21331130033
21332112023
31022102023
11001133020
31300120123
32100230203
22233230223
02203130203
02022102313
00001132333
01011112320
33011101222
03011011122
03001002312
01000102301
23021001313
23102130233
23121022012
03021001221
33301322012
13021132012
03301130212
03202130113
13201222313
13201211023
33202230212
12002230200
12120222022
12231221123
32230011121
22230002023
11130002022
11133301012
11033202013
11113033012
31122233012
11112333023
31122322121
31130321002
31213123022
01130332120
12330032020
11101310000
13121011011
23121331013
21101211003
23131131212
23033011012
21333011132
03130211032
33121211033
32101210002
11101221133
21121332333
31120030033
13020030030
12230031013
03120030331
10130220030
20130020220
30131020110
10121322310
30121300330
00231320010
23120320030
23130222320
20000120030
31021120033
23011220032
33011120001
33301120111
30022130333
31032311033
01331011033
01021030333
31333112313
33122102303
33001333013
03022332023
23030331023
23020011322
33130011130
01130011122
11132011002
11131120002
23231011223
23002011210
33202011013
33130033013
33233010023
12202021213
32202001303
32003201302
31000101200
03003030210
10120021320
01102300001
21022230031
01032010032
20032032332
21000231012
23021330222
01030032331
32130333020
10132330210
12232010010
12112011210
00112030212
32203011211
00103010111
13103010012
23022010011
10133011312
23022323331
33032001211
13121030023
11100230013
01002001013
23030010331
13230030310
22232231210
12231311222
00131010222
00130030023
23131010010
20131320211
23231210321
33231220022
33231311021
33231130013
33032122013
13022120023
00121020020
32232002312
32232332013
30033032011
32033231012
02232300022
22230320033
22232311031
01332322022
31331032022
21333032030
11032033030
21022032022
21130031032
21332001022
20130210322
01030001021
22322230022
20131323320
22130322122
32102201212
12032032012
13002131212
13022230313
23032332303
23002330012
23122130312
03022132300
33022131010
01122230023
03132230213
11102230222
32122230221
33112330211
13112120212
13112010313
32113230212
01113230302
01113002301
31000232302
22002212302
21110232301
21122322032
11002331032
21001332031
31001222032
32021332022
01021021032
30032021032
31133212301
31032112300
30032132020
33132232302
03132332012
03232310011
23132310023
23122321220
03030321031
03230221322
03230011020
13022011020
02202010023
02230331321
32002310001
22101033013
32201032012
32201211031
33230320332
32033010031
33033101312
30003102313
20001112311
11003302312
22033202312
11003020032
11001032332
21003202303
21002330333
21101331130
02202120012
02110130112
31110122302
03011131011
01011121333
13011101310
30003011332
31333101010
10003101321
20002131021
22032332021
11101002011
31131333011
31122331031
01122330332
33032330030
33131300033
23101300011
33301300331
13001211331
13101200332
12122330011
22102300033
22122130030
32233130210
11333131031
13031130211
13031310022
33301313322
13011321332
12021322030
12231310331
02031310033
02031132013
22201332023
33202310020
03202013320
03132311222
13130311331
33232311330
13002331300
33002310332
13132321013
10132311323
12002330023
00131221011
33101220031
02201220030
03301223330
01131220033
13131222023
13130021221
33112023221
03201030300
03201300322
03001311030
32101330030
32132310032
32231321030
02121311032
03131310332
03131330020
31101311333
02101210333
23102311313
13102313321
03101211322
03101132302
03102101301
22113132302
02033112301
12000130302
32033232303
33000130213
13000123312
32200120110
32001101211
32100132301
02100121302
23301323313
23033120213
23000123203
33302123300
23231123300
23101120200
23103123302
23103023213
33103013330
23003130301
12003030111
22003132012
22303123022
22203122303
13033010221
03001010021
03201120223
13102120303
03103121203
33232121223
33202320311
13002020211
03002121313
03001120010
03102321211
23003020312
23132120110
23031322310
33002331221
32001102300
13031032300
13021020331
13001021013
33131121010
33003121210
30000121221
22000121013
13002123220
03122123222
33033123222
12003123211
10131120313
33103130110
12101130210
01100130200
31003230220
23031020023
23032123323
12032102302
12030020022
23001223322
33121123332
23131223331
03021122311
23021120320
03131221120
03122320021
01101320022
00101310321
23102300320
13101010320
02001130221
22001030022
32231030020
32001222121
32001311122
12121222331
12121330322
13021331321
31031102311
31331122031
11131022131
32331030333
12031220333
13032320321
12011021031
22002020031
32121032123
32202311321
22202321123
01002321021
33022121321
12322120322
32332331332
12332120011
32112010011
31002130011
02332320333
12102310330
03032331311
31002322331
31002011121
11002002321
20002001331
21003011031
11000131311
11100123331
22101321031
22201322330
12201123310
32001023333
32002011030
13030021330
02022321332
02322021022
31121021122
02121321121
02031322331
32011122332
03031023332
03201023311
33122322330
30003021120
33003022300
33231022323
30002231320
03022020322
01002030020
32002322020
32002120222
22000123321
02031222022
02032322123
31033022020
20033121022
11032121122
31102311022
01003120023
21001121121
11101122120
31101112312
31031101123
02011131120
21331102322
31032032123
33131331123
33201321320
11001001022
22001001123
01021131322
03121331330
33101331311
13131031313
22112311120
03112323320
22212320020
12131320021
32031121021
22003022023
32030002321
21333022121
32201021023
32122001023
02001021222
22203020221
12101121223
32003121323
32201130323
22002132323
12231131312
12131132303
12031123322
32103023222
12003023320
32001031321
12022030321
32033130023
33003030323
33031131320
31033131221
31333121322
31032130322
13032031223
02032030222
02032011120
33101031220
33132130220
12121001220
02120001321
12331001311
32033001220
12333121220
02332130020
02031001010
03131001300
22131331022
02131011021
02121131023
22131122020
21031101030
01003131300
11002101330
11033001331
31003120330
21000122310
02331101320
01121101311
21332101331
11122121333
21131031121
32333031123
02233021223
22231021322
03033022313
01101122013
02121132310
01333031222
02033031211
20033131331
12333011330
22333021031
22131030031
02130021030
02102331220
00102321300
13102023310
03102020013
02202331313
21102332020
22202032300
21003032320
22203011320
22003230310
22332230331
32333230320
12033120310
12232020323
12132230312
31332231321
32231123331
02033020321
33131120321
03133020211
02133120013
02133123221
03133013321
01103011221
02101120311
02002022310
02203030312
02103031303
22103021010
31003001310
02103131212
21103101210
22103120320
01101031010
02333032310
03102031312
22212021310
22032122330
21131121332
22333120332
01032120331
21033020333
12130020331
32112323331
32132013333
22101011332
32122020332
32332022331
02132023322
22103023331
11103022330
22132001221
32133122300
12133030300
11113010332
31133023332
01102010331
01033230323
32131032311
32122032010
22132022011
22122001330
22101002310
21102102300
31131002320
31132201300
33132021320
31132030021
31102020030
11103032023
01122032320
21101022322
31112011330
02112022303
32103022313
31103020321
31112022013
02112121213
00132021313
02113023310
31113021220
11112021021
21103021123
11102101023
11132202323
11112332330
11103201313
31100121313
02122121320
32102030320
22112010322
32113011323
02112330323
31112320322
21112001323
22132231323
22133101313
21110131312
22102131310
32112120310
31112131210
11113231223
21110123320
21113021311
21110130223
01112120220
21102130321
01332132311
21102232313
01103130313
11132231011
21133230311
21102121011
31113120211
21133120030
21133131023
21113122012
11112122311
11133101320
