--- Global Parameters ---
Code Length:			11
Min Codebook Edit Distance:	4

Max Run:			0
Min GC Content:			0
Max GC Content:			0

--- Generation Configuration ---
Generation Method:		Random Candidates
Number of Random Candidates:	95000

--- Results Summary ---
Number of Candidates:		95000
Number of Ones in Matrix:	19458156
Number of Code Words:		2829

--- Performance Metrics ---
Number of Threads:		32
Candidate Generation Time:	0.05	seconds
Fill Adjacency List Time:	40.55	seconds
Process Matrix Time:		58.61	seconds
Overall Execution Time:		99.23	seconds
=========================================== 
00111222333
00000223333
01111111112
33333333313
33333320000
00000333232
00222222222
21112222222
22222220000
32222222203
11111000033
13111111133
33111101110
21111120022
11111113023
11111112311
11111233332
11113333033
11133330022
21111320333
21111333223
21111133300
31111110200
01111132001
11111220000
11122230033
11112330001
21133333000
11033310000
11111031100
11110031333
01110113333
21100003333
21133133333
00031133333
13311133333
33000133333
11300333333
33111132330
32111133133
21113110033
22233330333
12113333312
11113133321
11131133131
30113033333
00333332333
10333333300
00102333333
00033333321
11333331321
10000313331
03133333133
01133323330
23111333131
21123333231
31212333333
13213333303
13012333331
31102133331
11033333203
11131313233
11033303332
11133303101
11130303313
11103302333
11113311131
33113331111
31033333111
11233331112
33113333320
33003333301
01111332313
01112331133
01100330033
01133331232
11103311002
11110333202
31113313100
33113311333
21110311330
11133212330
21113312301
00111303331
21211103333
21201331333
22113303330
23120333330
12223333230
03223333332
22333333121
31331333301
22330233333
33130033331
03332033333
01131203333
01111023303
22222333301
22221313333
22222331133
11223313331
20231333332
22031333323
23023303333
20321033333
21322332333
21313330313
11002213333
10221333313
10233113333
10311333322
10031333031
21031313330
22001133330
10110133330
32100233330
11313313302
11331330312
11321133311
11021113300
33311333221
12113111330
12211011333
10213331331
01123131331
31131113321
32211333031
22012323333
33233133300
32313333200
32313323331
23113232333
23303332331
23301323330
13131303330
33332331330
33333123332
23322223333
33112223331
13121123331
11132222233
30332233331
30312113333
01232333311
13232233330
13303023333
11223233300
01220333303
01122303332
21112032331
01112233230
01122333013
01112313310
00211233303
00212033331
21310033233
23002233332
31302223330
21331223331
30131223332
03312233300
12212233311
12211132331
11221332332
00213323312
01211333010
00131333230
22112233320
12111331320
32221133310
02231113330
22111233003
22200333310
22213332311
23000033311
13133331310
11210331310
11100333110
22110333113
32230333133
23223331313
11123233113
21102333132
11222033133
01022233323
11322233231
00222233312
01200233332
11122331322
33122330332
31123203330
11322103330
31023333030
10132023333
10212232333
21210230333
30111323233
13312322333
31112101333
23101233323
21111231321
23111003332
33312303332
23310333302
02103033332
03032333302
13302333312
11333223312
13333330232
13123332302
33323331231
13323332133
12333323033
12130322333
12033133133
12333113311
13333322311
12332333110
33332323321
23232313331
11233033010
21203033313
01233031333
01213332322
00233333202
03333331120
23333311233
23333323103
23033330300
33333033002
33233331032
33330332233
30033332231
31233303233
33330220333
33223023331
00333033131
10330033313
03330213331
20130330331
03103313331
01103333021
23112332300
13233313322
11233310313
21223330302
31223323310
31133223133
11333021133
11331111331
21313011333
11333130130
01133320113
01033220333
01013330233
30113302332
00110332233
32133330132
12321333123
31121330303
21233323132
23213113332
22213031332
21232003332
12203003331
11220010333
12311313310
13111133112
12231331311
03212333130
23310330133
02311310333
33311031331
33301111333
03331113313
03311323311
01333113033
02112013033
02332333032
32332133233
03303130333
03313133030
03131333012
30331303323
33133130233
03133012333
20331112333
13322113323
01333103300
30131033300
00223133133
00223300333
30032303330
30010333310
33111330010
20103323133
20033223330
22123323302
00133223303
30033313133
13303311332
00310330332
03321321333
01101311332
33223301133
32213222333
22131121333
23332101333
22333122330
22323332030
21321133230
03233302331
32133312310
31333311030
23333013310
01133013311
11310130331
00133133213
02303313233
03111313113
12313213133
31321333213
30132333103
30223313323
33121313302
31113132312
30213133311
33032133311
30233332113
30313303113
32213331103
32132311133
31313200333
31303332033
30303310333
13303303130
32123310331
12003330330
12332030330
32033321330
33022323133
12233311300
31303113323
33013133231
30301123331
03301133302
33201103330
33221030333
13220330033
13321303033
33230330303
33222133030
33330013303
33231131133
33021133103
30312331303
13313311103
13133312132
10322331233
32211312330
22213321233
31122213233
12231303303
32212230330
23330110332
33312330031
33033233020
33010333123
33032332323
33123233203
31120333101
13113313011
23333130321
01131331101
31313323003
33132303031
30113330023
10233331003
10203033233
31113321032
31133031302
31130300330
02013013330
20133013233
00133321311
01323231313
12012133303
32301323303
13201312333
13303133013
13310000333
21131332130
22131333201
32022333231
23322033321
13220333112
33213313112
33212333022
33222233111
33132213320
33320331103
31010323332
10033132332
10020331332
22311033132
33031033132
30303333122
13003133322
21003333222
01330033322
02231033312
12220313302
02220003332
20310013332
30330031332
02301003333
22130023332
22331003300
32320033300
32210033322
20330333022
13022033232
02203322332
21223332223
01232332233
12232302332
12323203313
12132332031
12123113033
12120013330
12200233323
01223123323
11232131303
11023321303
11023033023
13211033023
12011100330
10213130033
31213330011
11210133013
20311333001
10032330133
30033300303
20103330032
21211330032
20033323213
20213333210
22132323310
22232333212
20333321302
33033313202
00332331322
00333303012
10313330102
02333331011
02023331033
02233303113
23203303311
02303033123
32223302303
22232303130
22233213030
22223113300
13223113130
33333210031
13332331001
12213133000
12133033100
02223033110
03013303310
33311301300
32331111130
32221303321
32222103133
32202133302
32212013303
20202033322
23220003323
03221333223
30020133321
23133332221
23333003232
23313303223
23130303322
22301333020
22331330013
21333000331
23331030303
00233130303
33233100323
32233002330
32211003233
32133303020
33133321123
33333230110
21013331110
22033031233
33133101311
21233113113
33223330101
02333130000
00033233110
00003313300
00001333013
01003331123
01003232331
00132100333
01003003323
23203010333
32003033130
33001331113
23301331032
10333131031
02321331300
20113213313
23122103313
20203233132
20323230332
02003303132
20033133102
20003103332
30003301331
03033213312
32000302333
20001011333
22003212333
23123312323
13002301333
02033322313
00313231033
00330330103
00333001233
10033230323
32023330123
20023331103
02002303303
01030303033
00020332313
20020133033
20230033301
13302033030
10022033310
10002233321
01002033301
03331010330
30222203300
00323223311
32332230313
32320313033
32203330213
32203323000
03221332310
12103013303
12203321323
12232013233
02210323323
32212233123
22333220323
22132230133
22222230323
22230323231
20132031330
33322330223
12333302230
00330233223
00220033013
20332302233
03333232230
13301333200
13031332230
13001332311
11001323313
21331233203
20303131303
13022331300
10011323300
21033023321
20213023323
00013323030
30301332302
02030333200
22303030302
21230332300
01223332000
02232332320
20122323232
20223303003
32113103003
02230133031
02320133003
10033103003
20112103033
00111311303
00210303300
22220302330
22302232330
21202222333
12222322300
02222233221
22223320321
20222301331
30220331311
30222313130
20322133132
12022330312
02032223233
02023323223
03323003320
10323031323
22200213233
12323233222
23023013322
21022113332
20121310332
12301230332
21000130332
23010131330
32301330130
02202230233
02222222331
02122231332
12232231033
12223232103
12223121133
21212332113
00222211333
02130211333
02222321313
00121213330
00022230330
20202123330
32222213031
20220122333
30012233030
02302233131
20022132331
23222312233
33223322030
31022313301
30123130330
31020111333
22223131231
22123133223
21222133023
11202233203
13022131133
33032213033
30022120333
23212123133
33011130033
30011113301
12233200133
32133201033
32231302033
03021110333
00002113133
30111310311
23223323220
33111110323
22232111332
22331131322
32001233322
31200133103
21333111320
22021111331
22210131033
23230013133
23003001330
03133003030
13333023020
33131323100
21313233220
13313232320
12133203321
01322030331
03131322332
03333302003
23232133120
23131233110
20332313123
20021331231
22220213311
02100303311
31011303311
32331203311
02203123311
03333123111
32330233120
12323301320
03302330132
11211300300
11331300003
01032330003
03033230013
03233310130
03331201303
00033320132
00023233002
20003233023
21013133123
21211013312
21033100133
00311013133
02033103322
22133102313
32031033203
32203133220
32130131323
02131331023
21130331013
02131132303
02133230231
02332223301
00212131233
33012012333
02111112233
02023102333
21102203300
11130230300
11102331030
11023313120
10001333120
10233321230
12110310332
00011331032
02201132033
02013232133
01120232330
22320311323
30022331112
20022231322
22023313001
21323013003
21332113301
22232113003
22121130311
23231100033
20233220033
22223123013
20222331000
21312321033
23003321033
22331123023
22330102133
23233203023
22211130130
23032023303
13032323030
31031232330
10321322330
20133322031
21012133031
13220223310
00003122330
01103132300
01000131233
00013111323
11231221330
31231122333
22001231133
00320031133
03120001333
00302213323
03300231323
23330231132
10302332320
23333232001
22003330111
32110133011
13110033000
31001330000
11103103000
23212103300
32032123300
32121033232
31103233010
31130331200
02310331030
33300233000
32200233201
12221133201
12221200331
22213230031
12222300030
21222210330
01222323031
31220232033
21103223031
22100313031
13101313003
10101331103
10111312033
20113130231
20212233201
12021131323
10031111033
12300311133
12133321203
11022310323
13223131023
10301313132
12011133021
00011130300
22101113113
22301301313
22302300033
13302323023
10301233003
10310213303
10303231113
21332221303
20011133211
10011103233
10121111313
11301113203
11011312303
11300213320
31101133202
30111013322
22111113220
01303133201
01302331203
21002312033
03023123301
31211321303
11211302233
12121320233
31211130301
11231032313
11010313113
11213123230
31330113230
31333131223
10333113122
30221133222
12010032330
02230031300
11210111233
10113211233
31132103312
11202113312
31130233112
02303131132
03000133112
11133210103
11121111030
11132211313
11131311110
01132213003
13113322000
10133300010
23113301003
23123021303
13112213103
31311123310
31121113110
01301113130
01101131013
10013310130
00303312130
03303011133
31331111003
32321110303
03330311013
13323101233
03113122303
21133122003
03013112033
03033112300
20113310000
23123230230
13210221333
13011223033
22103331200
20131311030
20133111123
30101131132
12301111300
30123113131
33212111331
12121331001
22120330003
21010233000
21313132000
22201033200
22011032303
20023113203
02333111203
33332113100
12003113230
02000113310
12101103310
30100113311
21031110303
30311132003
01123020033
30132311300
33323111301
23333111102
22311111103
12311311023
22331110031
23133113020
21311312031
22111010313
21101110310
21130113100
13120313100
03133131002
20331131200
12311131232
12113232232
13111332222
11122312000
31111231203
11311130113
11312231301
31310311301
32123132301
33003112331
30103112303
21311103111
20121133120
11121132320
11123013200
31121233220
11012010330
11132013322
21132310320
11223321020
21332103223
11213213223
13313123123
13300131130
30113231322
33113113222
31331231232
03332231213
33312231312
30313213000
33011313210
31223213132
30113303201
12011331112
12033211130
11033111213
12123332211
11322330111
10203330110
20321330110
21000331102
22123003103
22322203003
22320123301
22322033010
11002311103
31003111300
32001013300
10003033111
10003303210
13200031332
01032211133
00013123113
10110303103
13001003303
10210003033
22222002033
22211200303
13210233032
12020030303
11002030313
22201311301
22203001303
21103101233
01203101330
00230111133
31130111113
31101102332
11103112231
11233113201
21200112331
21221112133
22211132223
22010113322
21112113122
21100131123
20100033213
31010103323
22101030233
32100031133
31001003133
30102303322
31220303123
31120032323
31311203030
30331100233
00331311231
00133310201
00231210331
22312110233
33310201133
33033121131
03311231130
33111232113
31112303213
31102032233
23331022233
23031232313
01311221233
01311101323
03312131123
01133122131
21031123232
22103311322
22223311102
22321321130
23211331102
23301311100
23031231030
23003113110
22133001130
10123301130
20123303111
22330031311
23321131111
00333111010
00311111213
22313223100
00311123230
00311203310
33301103213
31331132112
31132132013
10332133211
30300313213
23030300313
32300033031
03003330210
13113131220
13103110313
13033301111
33331310112
33321130312
23311103002
23121113211
01311030003
33321200330
23321123203
22221231203
13333001312
13303213112
32101303131
03201031313
13030113103
12320133210
32331323210
31332320310
31133200301
03113210300
02111110301
31110013013
11120213301
11110012300
11113010312
11111012232
12313103231
12310332231
02313001331
22330301031
12333030111
02310011303
01313300321
20331300032
01113200030
11133032220
11331013120
11133000213
21112200313
21013201303
32111130002
33130133022
02113130322
01321131032
03110123312
03112323032
03111300320
33110303230
30131003213
33310033212
31221330120
00113030130
10130001331
21213003031
20111100302
10133231101
11303201300
32303231321
23230230320
00320113320
00221131302
00001123322
33002332131
23023132130
13330032131
03310003131
03101033031
11230003131
11203012332
20211123032
20111132012
21113320210
02111032030
22113030010
23313321010
22113312120
22312321320
22300130030
21113101010
32111322321
02111321131
32112301310
31131201320
13133100032
12013313022
31031303120
30331321203
10301332213
20313312232
30031312312
21013302230
30013020330
30013033012
22013321312
22333212131
22103221313
21003213213
32023123312
32313110312
23333302112
21133232012
02313232312
01313301112
21132301123
21233311022
21103312112
21113031022
21203031030
33113030122
22002310300
11200230030
11201033001
11212303011
11023301231
11323323221
21120231031
02112033112
31202311310
20231231131
20231303200
20011332200
02112330200
20231312213
20031030310
11033200310
10231003310
20213220300
20233132220
23331312202
22313013222
22300332223
21232330201
21101323101
20000132230
10100233011
10111023013
03313023013
12113023210
11012232310
10310230233
10132301213
11331301211
01331303021
21123130021
31221311131
23123111031
12130311102
12033032301
02213030301
01113031210
01110130100
00301303100
03011021330
03011033111
03011113102
03120333211
03103131110
23311213101
00132131301
10013011311
12011132100
02001332110
02011311100
20310102330
21110100321
22113100111
02013310013
01231312103
01311312110
01231131000
03213321132
01333032110
01332031132
03223111103
31213110103
21121101003
22122131013
21212301302
23232231302
22321323012
11032313212
10012113013
31101212313
33131111201
32312113001
23323213011
03123323112
01111322202
31101213001
23112130132
22112200032
12203213101
11220233121
12032121331
13312101310
21032301311
22303111111
32101311112
32333311222
32011131201
10031231302
10311201332
01311020332
22231110123
23211111010
20311110321
32111031121
22123231111
02233232111
33222311013
31232313002
32033231102
00201313001
00110313002
33230311110
23213031120
23113211121
31233211111
31110321110
02131011310
31321011313
23100231312
32300331211
10102221331
11002231131
13101231111
33100213113
33110311012
13300033102
01121320310
10211203130
21111022310
22112112310
33321323020
32323232013
32123320110
23211320113
23111120230
20112323011
20311223113
21330123011
21301033012
21311302123
10311321110
02111223110
20310312311
32312213110
00231321113
10323121310
23323102300
23323031000
13311122300
23111221302
12311320302
32333102032
33310132032
22233310210
12223102310
13233000300
00221013311
02221313112
01023111312
23331122110
22213122110
20033121110
22033223011
22021223131
22321222332
22221023322
32322122033
02002131113
03202323113
20111011110
23011011131
22221101113
00201111111
21331201113
32211112111
32231131212
30232112313
02211301213
02223312123
01213313121
13231130213
11211311212
21213111200
21110011203
12233012003
32233011010
32233121321
22031312101
22032113211
22030321103
22031111202
22310130102
22313302002
21221110001
31233112000
32031110000
32231101001
02311132210
23203312003
23233112012
23222112311
22033322202
22220332202
22213100023
21221000233
22131213022
12211203322
10212311322
21213012130
21230132232
22012312231
20033110232
00332130230
00323311023
00313321121
01023231100
30323321100
02323110113
03332211030
13013321120
21313320122
21303302203
10011031123
10011111222
31203131121
11213001113
22230212113
11010211323
32030011033
21030011313
00133011322
23001031322
21003131012
23221130020
13213310200
31333221200
23233221203
03233111211
13301231020
12333221002
32330123002
20332322100
13130132203
33211231001
03211121003
12110112003
22112211000
23112320120
21101300120
21013301021
23332000130
22333200200
22220011003
11223211013
11321200133
21232100310
21221031110
21112102103
23111302201
23110122033
22212111120
22230003220
31123300220
01131100110
01121103123
12211003111
12111032201
12130331221
11132231021
31313223111
21133221211
21102233211
11220332011
12230302110
22301112010
01132300131
21011121000
12211223200
20220311230
22120112030
22100123320
11100111322
13101011312
13330111212
00331011112
00103111032
13211010130
03321101100
11121011321
21122011131
23312011302
33311000132
03311120131
13332120313
10332112003
10320113031
23322110013
21032312302
11030112301
11330022303
33031100301
12321322003
11230322030
11030131011
00122332210
23303103101
12322311200
30232331220
30333012301
30112131120
33220113011
13311100120
23331203220
23113012210
02323011230
01212321230
21312211230
31013311220
23223212302
23003302322
22012330122
23012111112
21323211112
12232101100
13212211300
13223011032
22322303122
22332223112
22330212320
22332101020
13323211210
13321312010
13221232030
13211320001
13320130000
13123130201
03232320301
12332320101
13323032011
21323112101
12330213001
02222113101
33321112231
12330112223
12330221131
32331021111
22231021000
02232221103
01132032103
01312003103
21331100102
13131012100
02331212100
11310232003
02203221300
01211222300
01331223010
03320230310
03322230003
01230213110
01223220130
01101221130
01122213111
11022111111
11322110100
11222223220
02221301101
21222231101
11222011230
13231111220
23211112122
21231112221
10333312221
13003312123
02121111121
02332111122
12123101112
01212231112
01112112302
13021111002
12201110110
10220131100
11201121100
02221110322
02231130220
12213110211
12223322222
02222311222
32131122132
32221122230
32010123130
02021112130
02222110230
02221201323
03221213013
00222123003
02221022303
03202112303
03223210323
01222130320
02213023203
32231011231
00232213213
33212223003
00123120313
01123222203
01131232210
03331032211
31231230010
03101123000
21201012300
23001120300
20031223003
30011122030
02102230310
02313213021
02201021331
22103210301
12111211011
02321032131
22210231121
12012013131
32311021030
01123312222
31312033122
02332120332
23320121030
03122233122
03122013130
01101332122
00012313222
00313310220
23031323021
23200111302
23201130232
22211210232
20021123112
22021013110
32212310100
23220211100
32222323102
32322023130
33221003100
32313322213
32320111213
31321231121
30331230101
32210113020
31210011030
30230031103
32221030000
33223120003
30123021133
32230221332
30332212133
00132212332
11222221132
21221211032
32212211132
30233011132
23232321122
12223211221
12320131122
23023223123
30112232131
10311212131
11112100231
31221203231
10120120033
11121120011
11221102031
13221101312
23221001132
13202130103
13230120133
13221010003
13230231231
12322112232
33223112320
13231031202
12200312032
31231103022
12331032102
02331312022
03323123222
02231300232
02312100130
22231201122
23103132122
32230330222
02203331022
11221031022
21122120302
20321231023
32311201231
03112312321
00022312320
03322310120
03320021300
03130121320
33031121322
33312110122
01301031321
13013031031
03213100031
03220311031
20301031102
02120311000
32331300201
33313201011
03013320111
33130130101
03131101122
03333022322
23132013200
33202131200
33310011100
31220213000
30203113202
33003132000
31112203101
31111020113
31222121120
23220131012
22312011011
22233032022
21233001202
33210300310
30231032233
20232232032
30200132332
13213220311
13030303001
33131001003
13130010233
30033111001
01202111031
10220310131
02032101033
33130022133
32101101230
01131210223
31111210122
03311212232
13313112021
12331102321
02322132321
13332212321
12313302121
13312301122
02033301221
03023303121
31330301121
13231223223
30211220323
12201123213
32301232123
00331120123
23012332212
23321301212
33222213222
20031130121
01231120321
02311120203
20131202323
13122132121
12121212231
30122331021
33213321021
13310321213
13323100111
33023130011
00301130112
20030213111
00032112031
03321003112
31221312023
30122111003
00112123223
33221012113
02310302113
02030130213
22112032213
21121122213
03121300013
20212322132
22131220213
21121220232
21232122111
20333022111
20130022313
12130121013
11120321123
11112023120
13110021130
10113222130
30113222311
30003223131
10111232020
12131022320
11102003230
10322032113
32012030133
33112211211
03031121011
03111212010
03110332020
01231211201
03102232130
00122230113
00322121111
32322312211
31223012311
21222032211
22231202211
31202232311
00211221311
20012203312
00012300323
03301222133
23312222130
01322221320
33322223200
13122223013
11122220321
21313222023
01233222123
22311222001
23102232203
21122212201
31123120101
02213121220
00213312102
00113012111
10212123111
01232123122
01122003000
01303211121
01122111210
00221112200
33122112200
33221110202
00121112023
31032111010
31001210331
01110121031
01231010111
11012210003
13022110030
13121210101
11322321002
11022213102
13021213020
23022203030
33021211110
30020113100
32020311111
02120011113
01010211111
01201230131
20122310101
11223100120
30001112110
00321330201
03123032123
21130032121
21123002013
03122122233
03232322210
32332222231
31210310213
13120231213
13132112211
12332122210
21102123010
21022230213
10132322301
33021221301
12132220030
02132112220
31323102230
31203301023
31321220203
33332102203
30333212210
30323122132
33120302033
32011310223
10322221030
31002233120
21320332120
10112213021
10120223230
13112303221
13132010301
20312030301
23122000300
21222001320
00120311321
01021312231
31201132210
21223222212
12302223011
12232212010
22202231220
23121221223
31013221123
33022121230
23201211123
20221011223
21022013123
23022112103
22022132210
22102132100
32121221200
22212302200
32203221231
23213202100
33313202302
33123121202
03310323122
03310213220
13332322222
30213232203
12122222002
13112221020
11311221122
12112110202
10121203302
30121123002
00321203203
13212010323
02120213223
02220132120
02201213120
10122211122
02322031023
11102330212
12013230200
21201230023
22010210133
10331202103
10021220303
10202223302
31311212002
13031212203
10112120103
31011013020
30132101030
30133100120
30321101320
32010213003
02011203103
11201220113
12201322111
11222102213
11213202211
31133222021
11120222010
11102222111
12102121110
32012221111
11033222201
10322203101
21132220110
11011320231
13012132011
32132212121
32031222103
11302121123
21300121131
31303121211
33301222311
31303022331
32303120230
12312221212
13313022231
01313012001
02132321001
02023112201
10212111201
13101211200
10023132010
32003112013
11210110112
10230311211
10232121032
12023011101
10223122101
30233122212
13203302232
02212122211
21212220011
10222230011
00223130211
20012311210
13022312112
13020123132
02131023211
30333121022
11033120322
11012203020
13031103221
30231211222
30313011212
10321011232
21330112122
20101213232
10101121320
22101122312
10130101110
20120112113
02121230012
32123031012
32012300301
22110120123
22110231202
32110122302
22132322022
12123220123
33211322012
12211220121
03211223212
01211102312
10231102232
23102112032
20211210120
10312210123
12313010120
32112321222
33303211202
03111022112
33110023102
21010130111
12122001311
12320023111
12221021011
12110022311
11100320131
12011022113
12212021321
12120230322
31222020030
31210202330
31131002311
31232102123
10121321202
11132102202
10313211022
13322021101
21210212322
11212232022
21010131222
11310112202
12201232202
11231230222
13012210132
03120112131
21321310222
01210322003
31221302112
30132121102
00012101332
10031220131
30220001330
11000011130
31102301100
00132310112
21120221102
21011021112
20200211320
12220212023
32021202233
32022212323
32012003320
33112100011
30312102231
30310121103
02301011013
23011211022
02331001032
30310010313
30310213121
30103111221
33102310231
02101310211
13013103012
20001321111
20201123121
01012013213
10031013211
12032010113
22200302013
22002003113
12012202033
23130310023
32202310023
32221100211
22302130211
32220310201
22210001310
22310012110
23213020131
12103020130
20330220130
21031302010
32211202010
22023201031
31232012031
31121023201
31211021211
31300011111
01300111023
22323020001
21031021031
11311020101
30212103210
20220201033
21220320203
11020132032
23220223232
23132022321
10012122321
00112102311
02012210031
23001112212
33100112233
23310123221
31011232221
33012230100
30111200100
32212001031
31010112011
23112002111
22320300111
03303301211
22323100212
30110200331
00110230320
12210031220
20210312020
00312312000
10213101020
00212130102
02021330020
00112223102
30132223023
30112212012
01021222113
31023213221
31033202323
13122320102
13222201223
31332222122
00133232222
00031132212
11011122212
13212120212
10322312022
13021122201
22001122203
10022322203
30322320231
10003132223
33011222320
33111022223
21022122320
31222102302
30213021302
32223010302
32013122001
32020132203
30023222230
32210232212
32120222112
20031221212
12033023122
10032021130
10023222322
33120232232
30013302223
12011201223
12131120222
22122120220
22320212212
02233022221
22113020221
12232320220
32110222220
30302222303
33132222010
33323220211
33013022110
31012020303
30112030032
31200221301
11212002100
20012021300
22212020312
20221202110
22010221230
22102202311
22023232221
23222022200
22332202222
23210330221
23010033220
30120312223
20301322231
22111001222
22130301212
20233000110
33013032023
31230232220
31123020322
33212021220
31100121220
32130210203
21302213002
00131021100
02310221120
23120321201
30103210320
21220301001
31021210013
22201210011
21201020311
23020120331
32303212001
32103021101
30302110113
30032201113
32202120121
32110210021
22100212221
33113200223
02013212002
21212010000
33312022001
33122200131
33022203321
32120230210
33322032102
33232210101
23102210111
23032201131
32220201110
03232001311
03212200113
02322201112
02023210121
12002311011
11002101301
21002110321
13203210120
13232020010
23300232013
23202201013
31302023013
12002320003
32020110320
03202213102
02312202101
03332202120
23303221220
21330120200
03012231201
22020220310
22100201120
32002201130
30232221000
33230122100
11301222200
11332202000
20322212031
03232221021
03321220321
03322222011
23302312021
03012202331
10330120231
13301020310
23310220312
33102232322
12320222221
12023120020
11321100221
00323022103
00313220213
00213203011
11320220302
11321003002
11320031201
33200323101
01310212213
31021122122
22022110022
22200223002
21211022002
20221022013
32210022103
23023110220
20121302220
10121210220
32222022012
30320023312
00203232302
13012022302
31322012020
33330202310
23200102310
33302122112
33200212321
23230122021
11332030023
13232302023
13303210003
13332200233
13202220230
20302121000
20303301020
10302111021
13230110001
21032210200
21322002301
21012120201
03001211211
12303201232
10023023100
30023031213
00230312322
23131010011
23030110010
23300110103
23020322110
23030322032
03320322203
11320302200
32200301200
32232003202
20323003210
32332001210
12112000110
01301302030
13300322230
13220022233
11021012210
23101200031
31230220103
12320001030
03131220001
32300100311
13210032211
13122020211
31323001010
21200010110
20330101003
23110020213
23100320311
02320220031
02312220023
31132020232
33103223002
22122010212
01210121212
01220202313
33221220022
31022030110
33302300103
33103302102
33102210000
00222320100
00233201120
01223201222
31122201212
01022321211
00012222110
01012022311
00332201011
10211012221
03223010210
33232030212
12312003012
33020302311
33030230312
33031200123
31030320013
31301200111
01300100113
33202301112
23302230222
30023301202
32021001120
33202020100
32032100131
13023202131
21300023100
12013002132
02132002323
02133002210
21212002223
21020301220
21110202020
20211002322
00111300212
30022130200
00003311212
10020233212
30012230212
03020211132
30010221132
02102022133
00103212123
00202220313
00220212231
00222021301
02201222223
03211102220
13312002220
31120320021
33123002000
10223200210
20223200123
10230320312
10223032202
32203210112
32002110102
02230211002
02202310312
33203201322
33001310121
03301130221
20132202210
01032230232
01032122200
10302012230
02103011223
10211030212
10210322223
13100223221
13133022012
01330201312
03332020102
10130230032
30031320221
20110320222
30022210021
03100331222
00221210212
21120103222
11333010222
11323202122
01122022122
30032323001
32032032011
32013203222
33201023122
33030211223
33000111032
23230011222
32322001322
32120100132
31210120032
11100220023
21020222003
12202032223
20130222232
11200222222
31300122322
12303122022
32001212032
00032201222
23100222101
23021220102
30122012232
32022102222
22002121122
23010222122
12002011322
12100122232
21002023233
21300302132
33300023223
13002202312
10300232132
01013122102
10102013112
03103122212
01021002332
03201022232
03201320102
13001120112
01013001232
03023200233
01030022330
01300132220
03001012323
33002312222
31100230221
11022202221
31310201222
01203030112
01102020312
02123102022
03122302202
30102322202
03132032022
01022120223
10223010122
20230030122
20000312323
12022022120
01232022020
01302212010
21322300012
20132000312
20033212021
32000310030
31300210100
02130021122
01002131020
03012301220
01100312203
01003320302
11003230122
31002300132
31003220030
32002222000
30102220101
32001320011
32003221022
20203320212
20023021032
30003322120
20030232120
20303210122
01013110022
03112210022
30300101112
20310202112
32133010022
31332001002
02032021312
00323001302
00332210002
12000312100
02322012002
02133200122
10132200102
10222200322
30232320022
10012320012
12020032112
30000321312
30102021323
30010132102
30030102130
11030103210
03031002310
02301023102
02330011021
13200123012
32200032111
22010303221
21000322212
02003012312
01203023101
01032003231
11031000230
11130000120
01330202201
01033023012
03230220012
31033100212
10330021222
11030213022
30030112222
11003021223
20301021213
12300021302
03203102121
13100102111
13030320210
03030302223
11110300223
11301002323
13120300212
10120033221
03220103221
03202120322
33021003222
33303012220
32030012200
32100013202
33201011021
33010101203
33300103120
33100013030
12010021203
00310222032
12230102201
02302302221
20230202203
13002022213
33022020122
23312020022
33310300022
33300100232
30001102323
03210102013
03013120200
03311200000
23320002113
33201002131
31320003203
20320223020
30323000112
33220002202
33020232021
33000223011
02330003212
30230023221
10032031221
20022302023
03002222023
30321002223
03213020222
01131002222
13020210221
33330010221
32223000121
23032200003
33301020003
02203200013
20313000203
12123000222
31100100203
31300320201
32010202201
01210013201
10323002020
13020012320
13100302320
00110102132
10121000132
20101101022
20001100113
20032100100
11200110221
01300020233
03220012122
03130022200
03103031201
33100003211
31310002210
10121001210
30120120211
11200102003
01202101202
11202001122
12200101121
01220011302
13120200003
03100201203
31023020200
10210230101
10232010021
12202300201
10202132001
30203032100
01022302001
30203302010
02010322010
02202202022
30110102000
00033202200
30010231200
30320030230
13013200322
00322030122
13101202022
21002102022
23300013022
21130010002
13303002301
33000202103
30210001213
00103201310
00112021010
00121002113
11010302101
30103002121
20120210012
03010032301
00100011131
30200031231
10020002133
00021003131
30220100313
02220100301
32020000331
30123000231
32110000030
22011200021
13021300021
12130100021
11001202102
11000103122
01100223202
01332000200
00120300120
03020130023
03200300131
22020033021
22202010221
20202011001
22030010223
21300001221
00211100121
02230020113
00300320323
30021032201
23002100231
20020023222
22300020212
23000131201
20331002201
12001302031
11003300012
23001022001
12230030012
12030200231
20302100323
10200103223
10222000203
01210200221
21010200212
11120002211
12000010311
10301002111
10310300031
03032200211
10103022211
12003220211
13300000121
23300201001
30130201001
23002031010
32000023121
31000201231
02200002123
00101023123
02002032122
02000232011
02000122321
10022012011
20003012131
00001121231
10100321021
00200122022
10110011001
31021002021
13210200020
20022100011
00110101201
00320102211
00020112012
03003120032
01130302002
10300323002
12310020021
11000221210
10001223010
10000122113
00100322112
10013002201
30200222123
20000222311
20020020111
02021002211
20000030133
23000303203
20002302301
20002223200
30002212201
00001222101
02100020220
10202020320
30000230031
02103001011
33002002120
10002101212
00102110120
00221000320
00321100010
00222000012
20220000302
03203013000
10030222000
10031120200
12032000001
32031000322
02201001020
12201300022
01223100002
31230000023
10302001033
21020010030
32000030013
21000103001
02200032002
10201201000
01000311010
11010201002
21300000003
31210000101
22101003002
12010003100
11200003020
12020300102
01020102100
01020200010
02022200200
00202022102
00300031012
20000212102
10200011102
01100001102
00200310210
22100100210
33100020012
00101102031
01011100011
20010021023
00200321203
10000201303
00020210203
00002211000
00300012300
10100202200
30200010003
00000331001
00010013011
02030002003
00230012001
00220022030
00031010103
02032010202
00203000030
00033000011
00030001123
23103000112
23110200102
12100300000
10020010002
10000022220
03000021021
00200200100
23300002030
23013000000
10030030020
10103100202
30210200202
01300300222
03020000201
23020000022
22020001232
02000200332
03000210002
03010100122
03301000202
03110000021
00100003222
00031003022
03001000033
30002000000
20030120002
00012000101
01002200121
00122002221
00310002120
00302200220
00002020221
10001200222
20000002012
20203102002
12001010020
