--- Global Parameters ---
Code Length:			11
Min Codebook Edit Distance:	4

Max Run:			0
Min GC Content:			0
Max GC Content:			0

--- Generation Configuration ---
Generation Method:		Linear Code
Min Candidate Hamming Distance:	4

--- Results Summary ---
Number of Candidates:		4096
Number of Ones in Matrix:	16578
Number of Code Words:		1874

--- Performance Metrics ---
Number of Threads:		32
Candidate Generation Time:	0.01	seconds
Fill Adjacency List Time:	0.09	seconds
Process Matrix Time:		0.04	seconds
Overall Execution Time:		0.16	seconds
=========================================== 
33221011030
20022122322
11032103100
13012103223
11102000233
31111022022
10322022202
20312233200
33021302300
30321310000
32031302112
02031323122
00021311001
20123121122
10220300220
32012002230
11001311003
32110023101
11100110031
03001100002
01221213011
00221103210
23021033003
32232132232
12031012221
31220102120
11100213322
11220111100
33300132211
03021222211
33200003322
22201312321
20123222231
11122322020
22202033103
33222033101
32220332023
02200031200
02301032000
30010133211
00021012312
03021323330
02300100333
22232001303
11300001133
01222132233
32231213010
11223133031
23011302110
20303011120
11101022302
22111022303
01100023100
01203021000
03100200111
22200321133
20001222000
12001020021
32000000213
32300020222
11000322211
33301000122
11000223330
23002030032
13000000321
13321032002
11322332003
11320222201
20022221031
22212222031
21122202131
11302010210
33310222202
13222121000
31223322223
33003233002
21330012303
33300330023
31003010013
21000000132
21200010111
30002333000
22222012003
30222203002
31222311031
11003003033
00130103333
33210111103
01200300222
22203000311
12222033033
31023031113
33322300200
33133033022
30110200110
10022200001
13023102231
10003111000
10123001033
11023022133
11123113000
11301133200
30033233133
30231333312
22000133322
01332111121
03331112233
33210212210
33201030130
10132120000
31111123103
13111111300
23110301310
30111031130
33313002101
02113222232
01112223311
11113222113
21113001311
13112230122
31103222233
33302123132
33000112220
11332022010
02333213311
33211221002
32213021001
13220031202
22002122001
22013201200
21220233223
01032333322
22211200100
02332321022
13311101323
30231232233
20033300002
33330001130
33112120211
13110122112
21031001120
20030322133
31032011001
22233133030
21333232000
22133113001
21132013003
23333011011
13332003233
21123033111
30123311300
22200220012
10133012333
11133100300
11011001010
21201320010
00122101310
22130333302
22330222200
00113100302
22113231212
03111321122
22220003320
32221002122
20213230000
12222231201
21222222100
10222012210
03221333313
11333011202
33303011201
12333122012
33002002022
00320302222
30322031222
33330302223
22000331110
00332201320
11333312111
31203202202
12201333311
13312321020
13100030333
00032122002
11223230322
30033332012
33323333012
23302111122
00233202120
11120333303
21121321121
11110103331
33112322023
22001001011
02020202111
20211023111
22220201112
00332300201
10333301003
20330100330
22330323321
20133033303
12301303303
33333023001
22331310133
33000211133
20333023320
03012131233
12013022002
33222231333
20231002011
22031033211
22231221000
22102211300
22022002020
32302130020
10020211322
00013233003
33023111211
30333110211
31022103220
02013212220
00013031231
22113033020
23112211112
22103020320
33110131132
10011311211
10312111123
11211011033
12010000133
22130131130
21123132030
10312313311
13313213313
00311303230
13312022333
11332123131
11233120331
12113113131
11031222322
10111220322
13023003310
11022213113
30030112311
21023201331
13330113031
33332111332
33011132332
32331120311
23012023332
32012301123
30112112120
20111102001
20331331310
12331133331
22012333133
20222330133
10011113023
11131111023
11111031002
03113132033
00221200103
21223310233
32231011222
33221312323
33122310223
02202222311
03322220311
30211011101
23102101101
32233303212
10231122100
32330311331
03300012300
03102013000
10010223122
33311211010
12330203230
31332332323
22331211012
22230111101
21110221012
11103231213
32111313000
23111233023
22111123222
11110002210
00113302130
11121003202
30322233010
22322022011
23020000211
11320323320
22100002211
00031203220
20020331233
02013111133
00012301330
22311230112
23221221212
30312003022
31030000322
33012011322
03303333122
01133330122
10133311020
33312332000
33203322100
01101111233
02211110233
20211122030
33110333300
11220212213
22221333221
22033321221
02223331122
23333312302
32333333200
30101022230
00032023123
01032131110
12033201330
10202033310
10223223230
33033003030
13103210030
00023102110
21031203312
01023212311
22030303310
11020202230
10232302203
03203000223
00230022223
03120023223
01320012023
10323312303
21203331333
32310132003
33200300031
02230300313
33031012313
32130200233
33132000230
03332031223
33312031313
23322031103
23312201131
33112021330
13321230230
13331120223
21331120030
02233120010
33012213110
31030202110
33123222110
32132211110
10310302032
33020032201
30210022313
00202100221
00110023312
00031100133
03300311013
30221023301
31002023201
12102331211
11202323111
01211221211
01100122021
10111022110
02112211020
01211122102
11221122312
21120110101
00012200211
00220031123
00303200332
10320033121
10013003221
01010000212
11000120023
11020000002
32132013322
10332031102
12003031302
23203112322
22303131222
02330231220
23303122330
13302233201
10200220201
10033022321
00311202311
03312212111
00321230111
03321101133
31003111132
13033111131
11010331111
10233331011
13221103131
31111321331
32112331131
13233101112
13231110231
32301112111
20101111301
20131123101
13120213001
11300100012
03310100121
11012023121
13210300311
11213000310
11030013302
30331000013
33111003201
33131123220
31331112020
33210010022
32120110220
23112112201
03111022231
00110122233
00011121033
00001132333
00002011323
00322111333
32110122020
02110301222
02310012112
02102000112
00120011112
03210031012
30212231202
13102223222
21230321002
22100200023
01120200232
21320100122
22321000120
22023031232
02221023112
22231023232
12211023302
12231103323
21312220312
21332201212
21011222212
22020112222
20311112022
12001222213
21311202223
01132202211
00132310222
03101332222
00300323322
10330323132
00102322022
01033201011
20133330010
21133323102
10113132312
22311133201
30202222102
02122021012
32222121132
02202121002
12212100312
23122120001
21223112001
22102310221
21211131122
21231110022
01221110302
00103113002
01312130021
12011330032
10013201013
20033201123
31213112211
31031132011
33121031001
01311013031
01101313001
31131300231
12311310003
31123100020
10023130100
00031001012
12131220001
11221221001
10220201301
02013010012
12002103031
10232100031
12211320011
12122013002
12111300020
20111300233
11130122231
11133001221
11203211222
02103231132
12121031133
21131031132
12131321120
21333131313
21003321310
21211333310
23232113330
20313103301
01301000331
00310033331
03321303301
21302130301
13333131100
33302321300
33323131220
13323122200
33331230110
30303122011
30321211121
03213211311
13223211101
33221110111
33311310131
33320113311
32211333031
23231333033
23033332333
03333200203
22333200331
23312003303
23300302033
22131003203
32132310031
21233101301
13301013102
01320311330
33120301100
31103020001
33310020030
20212100101
22012131301
22122331321
20230233031
33003130311
31320033013
12003332011
10021323011
20330001211
21012002111
33100221121
11022011321
10310001321
11022110200
21010211000
30001210010
00013130310
00001330101
32001033001
30013313112
00030331113
30233021322
32030133132
02103033300
02121300230
00121022300
02132230120
30232113011
00230321130
01020032012
01212302201
01220220203
01212100033
02100213003
01002002231
10200022033
02130122110
11230102200
21102021203
21112331210
03111123310
03121111110
30131111111
01012011131
11112013133
21110320133
02122120133
01231200311
20231200223
23120232031
23320222012
23332220031
22020310010
21200111030
12210111031
12221110023
22110110030
21211030003
22100301102
32231110303
12031210013
31212121003
01311211203
13003321103
00033111210
00310231103
30102000301
03112000300
03111220003
30101220002
32122000022
30311120032
30211312212
03301120033
33321120103
13321133123
11123210313
21123231323
11202121323
12212001233
13200111223
12300132323
20003233323
13013233322
23033233212
30320323212
32013233210
12213133100
32313312300
31300311200
33213331200
10001001202
33010101120
00300121110
30121201102
01132101102
01123121010
00112133110
00213322101
01202311101
01203120121
20013022211
20021100213
33021100132
33002103103
31001100211
12110030121
12021001121
11220010021
10312010002
11222203130
31131201310
10120221330
01102331130
33102331323
33233013013
33130011113
13000202113
21320001003
12320012302
12231200030
20031210200
00012002023
13210003002
32130002001
00320001131
00300020031
00102021331
00220233311
01222033312
31223223302
13220233030
03220102333
03320033200
31321202033
12232020333
32032023330
32232033313
23102303333
00022232011
00002213111
00003022131
20002200131
01102032223
01032030031
30111332223
31313122203
01123222303
03122230332
00220332230
32230022030
30020303223
00000303313
30300203233
30012023013
03000230103
03003010200
00320100010
10323011010
12322003021
13320100331
12223303132
12130312332
12313301320
12312233013
12203223113
10202132231
30233223110
20202210112
23003201012
22332332002
23212330002
33212302012
31313023322
01302123321
33102133111
32102021122
13102021010
12220220122
20330302102
03021020023
03301021112
20333221112
23232311102
03312111202
02311120221
03021121102
01320210211
20332111013
02302111010
23210123113
20232121001
21213223112
10122331132
22002221312
22010322210
20011330221
23331101213
12332111200
20313200012
20300330302
20011033132
00122303122
33010303312
01123323222
20331032003
12003130223
20033102230
00033313022
00330311122
02333011123
30003300212
00003321222
00001033212
02203013331
02200233032
02322332322
10222113331
12121233301
10231320332
11002333132
30103132032
22201011032
23022011132
32301211202
10033321032
00312321301
10032213301
20323131101
03313221303
23313131030
01323131033
31303131103
33131321012
21132310310
32112230010
03311230020
21112230331
12112223030
13230220330
11320020033
11130320003
31333200010
01313200120
01302022200
20100221200
21102322110
20220022103
11222100223
02222100102
10223021002
12231002202
12330001002
11323002102
21321230023
10131300303
11031323203
11311223213
10120122023
11210220013
11210022221
31200022101
33100023313
03313023131
03110213211
03102211232
31021121311
20310121230
12333023133
23323002311
22303232131
22231320121
21132211231
11323103023
13203032233
21203032020
12313002033
13023300003
12032333003
12133132031
02223230003
01322300013
11132230201
01102230011
22210130001
22130030011
32231312131
32220130211
32223112320
01222231120
01232222220
10212222222
11332220222
11122120212
11130221122
21331322202
01321322122
10132322232
10101233022
11112310220
21111212200
32001132120
32111212121
11103132100
11131212330
21131233300
11333213030
00333030300
00123330330
01331230303
03102310313
13030230313
13102322303
33302022013
31033022213
13300222122
20032030103
32000303100
13202203213
12302220313
10211200313
02113020000
21122000303
12332212113
01302321113
02313232211
33233211221
33302220221
23302212231
21300222331
11310012233
12110232313
11201002333
23100213131
23030013111
23001311210
30001311131
03011311130
00301112302
02030211211
02232210111
32230123111
33232323112
03231221132
03112202132
22231122313
30232311223
31002320112
10022301120
11030211130
11001113231
10101130331
13132112331
30311223321
10132223313
13032122323
10323213222
13133121123
23131111230
13301211330
10300113100
02133001100
10110011302
33111300112
03011210011
03211103321
01111300301
03201011100
03232100310
23222100030
23322130022
31233230002
13203230001
02323200011
02330330301
02003003312
20300033011
03200321001
23121003011
21301013311
21031100001
23013111001
23211213012
03331310001
02133100021
23110002003
22030000003
02020000323
20021001332
20130011232
22010021103
00101300113
20113012203
00213021212
22230212212
21202302121
22233032111
12233211313
22222113122
21212012132
32210201302
32220031330
32311000330
30201103320
10022103312
33120103332
23331000332
23200031332
03310203232
33103203010
13101300232
10120023102
30133100232
13311000202
31133210033
01122310030
13223310020
32223310112
22331013220
32213120120
13112331003
11301230113
13133323311
13032320111
20322300121
03221030000
32233000101
13123330011
03113330201
01313301001
00302332001
03231320013
10303333203
03033321313
02301133121
31033321100
30233322031
30333312023
31031330223
31323312231
13232033221
13230321211
10303131031
20302321021
30123210221
21303301321
23103330121
11103033021
12011033321
21100333233
21203133101
01333023212
13333232213
32133323223
03303232003
23323200123
03233032023
22313023003
23023321033
21030133213
21312321233
23132331133
03133113133
03101233303
13103113323
33101212333
31301223133
30333011330
01331133010
03133311301
03033123121
00033010331
03002320301
00032320230
20003130030
00003220303
20013220023
20022023203
02012023200
01230233103
32013332331
10333103231
13330012110
13320302103
33223202121
13122000110
33202012001
33002200210
30320121020
32320100203
31323110003
33113113003
30110103203
23123210100
23022213300
20113210031
30113323100
30301331100
10320132000
20122211023
32121022113
32011222133
30101321123
20122112330
31102112332
31231122032
31232203210
32302031101
12303110212
21300121022
13103012202
33113012122
31331310212
31130131211
13131031321
21130103201
11300302220
21110023220
02011100210
32021113020
01113113210
31222113203
32120213133
33112223102
33213032113
01323030112
12122310311
13123231130
01310121302
10312212230
10033123200
12010303220
20120103013
22100103330
23121102130
23103132313
23123311021
20321322010
30221320012
31231320200
23212132230
32212012213
03201312213
21232132113
23232012211
22131201031
22301322333
22213310302
02203310022
21333030232
22330020032
20123020003
22333301210
23133001032
21130200112
13113302211
23312300010
31012333212
23002333321
02213303322
00211333222
00213120333
01202113333
00100131133
20110131213
21021311133
31011311323
10130131323
10101031210
21101003332
20010303033
23003300133
31330020313
31000133003
00120110033
21101201100
11112211301
30100110103
33001121032
30022011213
00233101233
31302300123
02231131333
30112013001
00112032031
00122202003
20223202200
00312022012
31222210110
32023201010
30130221010
30303023130
30022213021
00231213203
30021132203
33013220302
30313232002
03103222020
23113222300
22320231100
31322220102
31130232102
13110221201
13002011002
13022131023
10032110012
10331112112
12101111112
13021113112
02310311201
03210332301
02131212011
01130312013
01233310113
02231333101
00121321013
02103330013
00203133033
10210031333
31022200133
00202302013
01223303213
22203202123
22213112130
32132112203
11321013221
12122112123
21022131230
20112223223
20221213123
02221221320
03222012131
22110213323
11021330103
10121313003
01201333030
10221333032
11212132023
11211312320
12101212201
11003201201
11032200213
10133210101
21331021111
32133020130
23202222223
23222203323
32201320331
13102120131
11102303120
11132133112
03113231320
13212311032
11201103212
10131201222
31312212302
32213322312
33312130232
33320210002
31311331312
32331223002
12321223322
13020322132
31320132132
33203120332
30201200033
33002301331
23300001320
20010000320
01021001200
01110030200
31031033130
30300001001
33200201110
30230201021
23020101330
22011113230
20011231300
00232033100
03213310230
10313221022
00310132210
00223310301
00203331201
02033233320
20333122201
10332332211
10023233213
03320132321
12133231322
12100320132
11212033102
01233211032
02123113321
22121212331
21120312333
30211213333
20212302333
32203230133
12123323103
11223331203
12333221301
13312220101
13201122031
10301120312
32011323012
01300132002
03110110102
03001001123
03131201103
30100011022
31200123020
33121130120
32100131320
03131300022
33130110032
32101102132
31201110232
02331101321
33233112132
33023212102
30323200202
33212001301
32200111311
31123001101
31100103011
13213120012
30310311012
32130301312
21301310002
02313131102
31010322131
32010211321
33011033213
22300113313
23310113101
32300121303
30100213210
30120333231
31000331231
01330001323
10000331303
30010331023
32103210102
32020322000
10002320020
00021210120
00002110202
03022200320
13032221030
13133222230
12121332220
11033332120
13002213230
13222323232
13323023321
01232323301
32323023213
03332332130
30332321231
23302313310
31323213310
12312130300
10332130023
12011132200
01011132121
10021121223
12311013310
10311032133
13010211213
11312102031
11031121031
10311133012
21313011332
21033111322
23011100322
20303213312
23301331221
33003332123
12302321232
10213211030
12013220230
10010120231
00010112221
21211232231
31212222310
32123132311
32022131111
02211011312
20223101113
20231103130
20202311033
22223120330
32222323300
22201213200
22212323110
32212311100
20213133313
01312332213
11313131223
13310231222
13030331232
13302130112
31333301131
31303333331
30223331331
30033031301
02323301130
03233331330
30330330112
33333122120
30133203121
11330231101
12331331103
32123330123
32022333323
33030223333
30122223033
30322130303
13223013333
21322010320
13320203022
13332102312
32122303331
31233032230
31120320323
01122013323
02210220332
02032200132
23032002232
23220010232
12002200322
30032200321
00321032323
03130333230
03001302230
01330302030
31013300000
22202231331
22332031311
23210321321
23311021232
23102202212
31223021130
21121022232
21021012220
31121010222
12301202222
32020223121
03220003212
03032011212
00130301101
23000223123
23010230223
20230031203
21202100313
13212210113
11320121112
31112000113
31100301223
32211030322
01121031212
20121031320
11200031121
12300033202
22320330021
11300203301
13133020002
11330330020
13100333020
31130333023
31113330012
21123330202
21230220123
32230321323
03232302122
30222302123
03213013123
10331013033
23111130330
00231011031
22321303233
23200130213
22323011203
20320113030
22032110201
22323213031
22322123130
23202323302
22001302302
20211320202
32112032222
13211030210
03212323022
02232113202
02221320201
33221213202
00322212020
12232323020
21220332302
11200332232
22033022132
21020021032
20120002132
22030101122
32013031022
22033220300
32033212310
23233223231
13213223301
33321223210
32310330231
13310132131
33001222321
00330012231
00023300322
33033102111
30310210133
30312201210
30331202221
03322022123
33301303231
32303103232
33310323323
21331223323
02233223303
32331322123
33311013222
00303103021
03013300213
13011020233
13020120300
30113222021
31112202321
31322123211
30221221133
30012122132
30121300023
32023003222
10301223001
00120312201
21001132201
00011222320
02031121310
00201023231
01202012212
30312300331
01123020131
10122032221
10203303211
10123302320
32330210210
33203223021
33123323031
23021231231
33011231021
32302332212
13020021221
10330020221
10000230222
30122021201
30202121211
20321223131
21323221300
22310203300
02323103302
03120320130
02030013023
02131010223
23233120122
21231312210
11020101123
21201221131
10212121131
22020211131
20200201231
20301202031
02000120302
20031012032
32020120232
30000223202
30202323023
22002320233
23210022032
12310121023
03123100233
10123100112
11010230030
10313023210
20102331002
20233013332
32002213302
00022333130
03022301201
03200220120
20030223012
01311310322
13121321332
31210233033
32312123320
00230123302
02303023323
30013212033
20322201000
01021100321
00101201032
30110301031
02110002131
02100110310
10211103000
21002011211
10021020302
21000202300
11210123300
13212113200
22300012232
02232012323
12201232230
02330132133
02013313301
31222012322
21102120322
02021033131
00320203303
01030120233
03302003023
02322031031
03222210303
02302212303
02021231303
03001203311
30123113132
30111233302
01121233020
01130213132
00302031312
23211312133
22113132101
00211131010
00311101002
31132021013
12300231030
13200212130
13210102123
13212012321
32103012330
12223000221
32303200121
30310012301
13202100100
11232210230
12321021110
31020310331
20113113322
31332031030
33223303000
32303301000
21303200200
22313320310
23100312010
23320020220
20313002220
02000021223
02210321213
10222311103
00102223103
01013022323
01032232203
31303232210
03031132202
02331202032
20220123022
10231023021
00331021023
03033022000
23302010003
00210102202
02201002012
02230102121
02310210320
10223120123
31001203102
31032110120
33211023230
31011012030
13313110000
00131031000
00303002100
10000032010
03023031300
32203133220
30213101303
33202210233
33232222033
32003123203
32102322231
21003022003
21033010203
21020322321
21022030311
21030230100
12020230101
10212020010
13031203101
13003123331
33210313331
23321013032
32131130332
03201213332
00232231332
33202311312
20312031032
21320203231
12323131312
13203331120
23223331010
21310330110
23212033311
22200123301
01210010231
11213101231
11301331032
11113323032
11231131012
11033130312
31033123332
30023123120
30032301200
32202302200
00230220011
10302300011
13013031110
13313011121
31203101111
23313030111
33313103020
33331133203
13303103300
00310330022
30003102020
20103100022
22001203223
11003102112
31100002130
30020000130
02220010300
21103012011
12130110100
11121201030
20111201312
00220130002
20032131022
12200300103
11200130000
12023010202
10210332020
12333320220
30223032022
02132032312
23201200312
22301223212
22122032032
23300203112
33230031122
20122013211
20032232331
02022213232
01220321322
12233013121
21221301110
10230313120
20020032120
10020013110
30030013230
30121003330
02020303030
21202203000
21212113013
22201110113
12201131123
12013123123
22033123013
22210332233
20121332033
01321120310
22233230323
22223322102
22232302010
22112202000
23221023020
23213303210
23020303102
20013321102
21023300210
20323030020
22312212023
20213331121
21013233131
22112101313
10113033233
01132303330
13112032310
11111332311
11101123223
01211023023
21011020020
00102120210
10021222130
02111130202
01201131202
01013123202
20312332321
31003212221
31000032122
31210332112
13120312120
13010013021
31300210321
33131022301
22132322021
21131332221
12213230213
22123001220
22300210000
23031020303
02300302101
31211002013
32030032013
30220010113
30000120111
10003010121
20010101201
23101321202
21002312102
10020310203
01301101210
31131003122
21010112313
21103210223
12111102212
20031113113
03003111321
01300231311
02120030331
30203112003
00201221003
02332220103
33330203302
33300033330
33220022222
33022122003
33022023122
32222222221
32113100111
32111111232
32013130103
31220300312
31200220333
31133311112
31113231133
31112303200
31110213002
30221122220
30122322112
30122120320
30003201333
30001113303
23332123322
23331202100
23330132001
23322233331
23110200231
23100110222
22220102201
22200022220
22110011111
22011311002
22011012311
21333333121
21332300333
21111111113
21032320302
10002221101
10001302111
03331013312
03330121021
03311133333
03113033112
02332022331
02233322222
02223032231
02220313013
00333333013
00312123133
00231312322
00222222032
00030230032
00020120021
00000000000
00010310013
00111111021
00123231211
01110232032
01112021123
01122211111
01221011223
10233133223
10233230130
10332233330
11033031233
11033233001
11100011110
11110301103
11330033333
12211122223
12220321003
12221312211
12223101300
12300330111
12330100123
13021210201
13221200222
13222222313
13333333332
20002103222
20003332202
20113311110
20311211331
20311310210
