--- Global Parameters ---
Code Length:			11
Min Codebook Edit Distance:	4

Max Run:			0
Min GC Content:			0
Max GC Content:			0

--- Generation Configuration ---
Generation Method:		Varshamov-Tenengolts Code
VT Code parameter a:		0
VT Code parameter b:		0

--- Results Summary ---
Number of Candidates:		95326
Number of Ones in Matrix:	21548194
Number of Code Words:		2571

--- Performance Metrics ---
Number of Threads:		32
Candidate Generation Time:	0.06	seconds
Fill Adjacency List Time:	36.15	seconds
Process Matrix Time:		62.07	seconds
Overall Execution Time:		98.29	seconds
=========================================== 
33333303210
33333310100
32103033333
00033333333
00000003333
00000002222
00000001111
00000000000
00200000321
20000000231
00000310211
00000321200
00000320322
00003303210
00022222222
00011111111
00011112222
01111111122
11111122222
00000111122
00011113333
01111112233
21111111331
32102000000
33232033333
33203323333
23121033333
12223333333
02132133333
22103322333
21113333331
31333333330
33233333311
12103322222
21033333222
00022223333
12222222333
11122222223
01112222333
33221022333
21332323333
10332213333
23032113333
20221323333
03212313333
33102213333
21110213333
32220213333
11111003211
11111321100
11111210202
11111320213
01111310323
00001210202
00003310100
00001020221
00003110021
00002010032
00002003102
00002113212
00002210313
00011003201
00001012103
00000112233
00001031232
00001321311
00011321103
00002122100
00002120331
30000011331
20001210321
00011310312
11111012103
01111003100
11111010330
11112210313
11100000320
11112113203
10111112332
10110323333
31111133330
11321033330
13132122333
22111113323
01111321312
00111013212
02031023333
01222103333
13132022222
02031022222
23221022222
00111320202
02113333323
11103333320
10022333330
31222233330
12133333302
33123333300
22013333300
23223333322
01013333312
30000333332
20001133330
13003333301
23303333310
31033333113
31003333000
01022333303
01213333233
21203331333
33002333313
10303332333
32003333223
12213333222
13323333223
31323332233
23011333323
01323333321
32313331333
23313333133
30131313333
31102332333
13213302333
32121023330
32123333013
22323333111
12211333310
12323333000
20323333230
20322330333
11322333033
21002333321
22001333312
22212333033
20012233331
00212333321
03111333311
03101303333
33111113312
11011113322
23112233313
20111223332
13122333312
33132323332
11213333111
30213333132
21022333112
33313333002
22203333002
31011333122
32313333120
33213330330
32012333111
00103333111
21011333011
01203333122
33103333212
32321033322
32203331111
03322333113
00202333133
00021333031
00323333012
32022333002
30322333131
32022233133
22002233303
13222233303
32122233321
02022233312
33222223311
33021323331
32303333031
01001133313
33322223233
33111223323
33012233322
11022223322
11012233300
12111233303
10012222330
00322233320
00032333020
10003213330
00003233203
01102333223
03312333222
02112223322
33122222322
30313332222
12322233222
21322332222
31323331122
03202322222
01011223303
21011233133
11101333133
21313331223
21311333232
11211333023
10313333021
02011133302
02311333112
20313331112
32111133113
02211333001
32211132333
32213330003
31011123233
33311133321
13311133233
13332331333
32331322333
21311120333
11331132333
13231323330
23010323330
31032023330
31331322222
01131333032
01312333000
33331333020
33211333203
33103312233
33213311133
33333103333
03321013331
03332333031
23302333023
00301333003
12301333022
11202333001
32111233022
21022233023
32202333020
11232333132
22221333132
11233203333
31323210333
31133213331
31031323323
33001113323
23200103333
33000003322
01000033302
01030323332
11031313331
33000133300
03000013311
03002223301
21021003331
20000022330
23011113301
32113213233
32121332133
30001321033
32032332033
32332333213
22300333233
20103330233
30103331123
32103311330
31212332223
11121333221
11110332233
10102333232
11111031232
11210323322
12103330331
12121213331
22102333211
33213331221
23211332331
23331332233
22311233223
21312232233
21002223233
20122222331
20212220333
31022222033
32111222033
30222222230
32212233231
23000223323
10332322233
12331333230
30322331223
32120323323
21032122331
32103332201
10311331133
10121332331
32122223003
11212223033
13312233123
33322233012
11301233321
11322233111
12302233310
12321323313
32302230333
33301233033
13202332332
03222222203
03202202333
33212212233
32102122223
03032122223
01021022233
32101203332
31302233232
00032233232
10202232233
10221322223
32002223222
20001222232
30201333230
30232332330
30021212333
30020322233
11021011333
33002222213
30011222221
00312223223
31012223123
00212223310
00202222321
11312222321
11002222200
11001122323
21022222111
12001223302
22031213330
21232212333
21223213332
21202233131
12002222311
22011222323
20112222220
22312223133
22202223320
23232022233
10322221133
11311222133
02212233113
00202233000
00102222003
12112222201
32311223232
33111222212
13322222210
02322222113
01001222211
00312233011
22322233001
00322223002
30322222121
21212223221
21211232222
21212333120
02111222311
30111122230
20311221233
30000122220
23111122313
02332221333
32032213323
03232322331
22132313331
02102331332
02201223233
10220312333
23232332323
01221221333
01302222310
23322223122
21012222022
33312222002
33001222300
13111123300
11211222310
00032222010
13201211333
23212231332
03212232221
10332212222
33332232223
33201212222
13211332220
23213312223
23102212223
22132112222
13102332221
21032022220
12132232323
23202333200
33212233100
13303213233
20203331222
20230322222
33021322220
00010332223
00102233122
01101223222
20312231222
10202221222
20121333212
20120212222
20301333221
00211133122
00221333110
32211133220
22201133321
10101132223
20121312233
31311131222
31221331332
12211223123
12011123311
32000223310
32032122230
22021322330
22010322220
11011112211
31013213222
00103213321
31003213133
23120322221
01211222023
31311220223
12312223000
13302222023
23102223212
13212223202
10321203233
10101220333
00211122133
00221222032
12221222020
11221233032
03211233212
10321313222
02121322232
33131322231
33211102223
30031312223
33211222103
23001122203
22211222002
22201222210
32231332221
02221233221
30211231223
20211121222
21211131233
13211121332
02211122320
02201222122
32302222130
22232222030
31212222131
02001122301
00311222001
20032332221
21131332220
21031322213
20021302222
00321332123
02021312221
20321022323
02201113222
22001112322
22011112200
00201111321
20001111231
32011122112
12311122210
12211112122
23111111203
32011111033
13011111313
23311113122
13311223022
03311223113
03301123223
20311110223
23101133213
23101102222
03121212220
03211221220
03212331230
32312220122
02001111213
02021332313
20201110333
20211113230
02311113310
00231131333
10211133031
00101113113
22211113111
03211110331
30301131233
22301113133
32001133003
32101131323
21101121223
21021313313
32032111331
03131012333
33121312332
13120313330
23020213331
02100211333
22032002333
03101232332
03101121331
20100121333
01031332322
01032232313
10002132322
01101112320
01000012323
20110332332
20331331332
23101331330
03103331231
03102221221
20311133110
33211131131
13203331130
13212330131
30311222110
33311112113
33311123003
00311113002
11211111003
33301123310
13311113011
01321323302
03311111023
31011112002
33011111100
00021111020
11121113230
21121232330
21311122120
23301122321
21211122031
31000222321
33332223021
20311123021
13301111320
10311111030
11001111101
11101222002
21101222131
11102233012
31001223013
01101122013
01000122312
11101112112
23000112313
11000123301
11100113310
11110133032
21000133033
21001113012
22311112012
20301131122
32000022133
00300133222
01021011222
13232111222
11223212222
21231311222
20021211223
21202231223
21000233122
21102221122
32202221123
11202222112
31322221112
01332221222
31212231122
01200233320
31300333220
01232223230
01110331222
02100312223
33102311222
02103311122
31121211233
11121111021
11132233220
11110223230
21132221330
31102223110
10202223130
10301223220
11121223120
30211223020
01110222120
00100022210
31301222020
31311113020
22331113220
03332222120
20100333130
00120333220
02220332222
00010233030
30010132330
30001023210
01112323210
13330332222
32300032223
33002132123
20002132213
01032111133
12132111233
01100223133
03300133133
00130232333
12130322330
11010212332
21201223030
23200232330
33202220330
33211220231
03230213330
00103103233
21112032323
00020113221
00031123231
10031113213
00013123213
00022033213
10031332232
30031333211
30331132220
10131333203
01131113221
00031233121
01133212223
21331102223
00013202233
00012121221
00012133200
00003131220
00023232332
00003220230
00021231133
00020223120
30002321320
31000111320
01122321323
31121233103
31232233203
31132222103
20121222103
31132202222
10021333102
12101133202
30221223212
32221232232
01221123220
00222132220
01321212323
21221202233
31200132233
00121223131
00112132231
01111021221
10111321321
00112121332
00111020331
11112120331
11122132232
31112131313
30312231113
30032211233
13112103323
33313213320
00213212320
00313213133
10113212230
00033211222
10231311233
10231102222
00113221231
31021213300
00003221121
03003232133
00332331122
20132311223
12232331223
32230312233
20030202223
10003202220
11231221223
12301112023
11201123122
11321232122
21112121212
00321232210
33321232320
13220322230
13100221330
33102231230
31110231332
31121220332
31121122102
31132331232
01112031331
00112131120
11110233121
31020313322
31100233030
30101123032
31212220012
31101133021
11103103222
21110132221
21110333200
31112132200
31132333100
31113321320
21113211220
12130212220
21003212320
21021221320
01113133201
11133232332
11123221331
12113212322
21112110322
01212103222
01232330222
30121113202
20101112130
11110112130
31101111030
31201122130
31211110123
11221112131
11213132132
30211112010
33201113200
31201231133
31231232331
31300031333
33310232133
02011032133
12101223211
12101221132
10210332130
31020332123
01121330122
30021331120
10121311123
01122131221
33112032122
33111321032
33112121321
31112021203
00112210203
11112020220
21101331112
12200333123
02100132331
32100232313
32102302232
31120223213
00110223021
00230333231
00110113131
00131133130
00131111031
33331112021
11331113132
31100110333
31120301333
01100113023
01120123231
11123102333
11103211033
11100111002
31110211123
31311121111
31131121120
10131121330
00301122111
01231122121
30100221223
01310322323
00310132321
01012132033
11212102123
03113213303
00320313323
33310313313
32321313123
32102111113
23212211123
23102311133
03211311112
01210213312
11320213313
00210203323
21010103323
22100102233
22102220230
23010212230
00210322312
30010133212
10113133210
20111032213
10110032220
10221233200
32002103320
20100113220
30011031322
03002032321
30011032200
31111032301
31012032130
00211032030
31210332032
00210331033
31210132120
12100032232
31100013232
11200033222
31010322202
31010212213
31031212201
32101211221
33131011223
03200211223
31113232211
31221133211
21120113212
21200113231
31032332210
31121120221
31220232221
30021112101
31000113111
31321023311
32121322301
32021132321
33121330323
11321012221
33321012230
32121002221
32132012231
11032011223
11010311220
11101032030
11212032031
31132220231
21310332131
21010322311
12210332321
00210212211
12113132123
01102132110
01103232121
30111210210
10112110212
00121130233
20231132231
10002102231
11002110321
12221123231
11010202221
12010312231
12101331121
13021002223
30321022201
30320322320
33110202220
31110110220
03111032023
31112100232
21031002232
03030312220
20012102332
33210322121
01312032121
01310332210
03321322211
33321332112
03121331213
03101233201
00101031020
03012132112
03301222012
03200223211
13121332202
31221301223
31121311111
23121011122
31021302211
11320322312
00320312212
21210312112
31321312310
32131312202
32131011332
32101001233
30120102223
23221011233
00110120223
23112131033
30310303223
31310323112
10310213122
32310312122
10310322022
00103102122
03313212122
31331211122
33300222122
23001032122
31300021222
11100022122
01110022032
31022102122
03132111112
00100112012
12000112212
11000011211
11002032111
11033032133
10310312113
13103311111
10021121121
10102221111
11031011112
33000002211
10010223201
10332223211
10100222031
10011021213
11113023202
10002121203
20010003213
20010301333
10120233211
10100123121
32301223121
30100003221
10201122021
10312103221
30101110122
30100330222
30032220220
13300333112
10300033231
20120032231
33300003233
30131221232
33131132322
30012120322
30321203321
30323213232
13032212231
13031211220
03132211331
03131311232
33331122132
33333102222
03303203222
00322103122
33312103022
01302103321
21303213221
32303210222
33301111012
33331131123
22110311221
21132331121
11132132101
13312132130
23321311323
00302132032
01132102132
01023032122
33223132122
33122132111
33011032111
21310213111
11313103133
11103203113
11313213023
11121120133
13100123203
03100003212
02110032322
13111032310
11112031110
01010021322
03010113210
13021123210
11010033210
11022032320
11120031223
10120121220
12321212213
11122021132
11220331133
11221131112
21031132111
11123211112
11222321213
03222032123
13203301223
13200311122
12110311132
13120211221
01010211231
12010211121
20321212111
20121121132
20121231121
13100131132
00321011121
21021121033
21020212303
12200112133
30300112132
30010331131
30110033203
20010333103
00112033101
33100333103
22112032111
30110122101
00110002130
00111021110
10112101131
02110303330
01131221113
21311220112
13211201122
03200033203
32003132132
33220332213
32121301322
11100033003
01200333013
10032311113
21332311112
13232011133
01232331113
00120031122
00212103111
20210323111
32312102132
22302132131
01231112032
11110001021
00231220222
30031222102
32132221022
12001032210
21021331210
10001031303
00013031130
23312132021
02321331320
01310232022
00132102021
00013110132
20110211112
30100121112
31013103112
32031331022
31030331321
00133321322
11123320322
21222121322
20112321022
21311032102
20310232120
20010031221
12311032120
13300022320
11300123113
12000002313
32031312311
20200031233
00200033112
00200022123
01300003122
32300033132
22200003223
23300033321
22200033310
21330211223
00110330112
21312330113
31102330111
21100330123
12210032113
12200023321
11130023221
01130021233
21131231231
21321302321
21322103231
20313103232
12102103213
12201123013
32201112031
20210302123
02210311213
22101121110
21100021113
21110301111
32010132022
31013032021
23101123102
23201233103
13101120232
12101110131
31301130112
31331331110
33231311120
20231311111
33201211111
30300233110
33232311231
33303212210
31313212130
33210212110
03210212032
12213212033
13213210232
02210232310
02210221321
02232223121
20210232031
33101130130
32300113120
33100112100
02101130220
11230113220
13303132121
13331123120
11301123000
13300113022
11001321021
11220223021
33001031023
22201032130
22211032021
22220223230
22122132320
12012132310
02100223200
10321012312
11321120320
31103032102
01001032001
01002131022
33122131022
11003232022
10032301222
10020013212
10201032102
00020022132
10103232103
00010220133
30010021230
00132220123
00030013230
00012010220
30210221032
30010201122
33102201112
10210202112
10022021323
30220311112
30330311123
30210301321
10210102320
33121101121
10210211310
00310031310
12310212202
12320322203
11210232000
12012032023
10122032203
11122003200
12112030321
12110021323
13121001133
23101201123
11120002131
10100030133
10010030232
13000012302
10030032331
20020231330
30220032332
31222032212
03102230131
01123003213
01330033232
01120033110
01220113132
21220211113
20112021313
02202103123
20200123132
32020032112
02002032012
10002321012
22000022202
31200002121
22200111210
21100013121
33200031220
30010023102
00120013032
03200021332
02322032132
22122032033
13200121231
03330113231
01120020222
02300223022
12220021222
30122021212
11133321212
30003031213
02222123213
20222032313
01222023202
11222013211
21222132203
21122121103
00122101113
00122112102
00123033202
10130003202
11203102321
02220003232
11223133202
11333133213
31133123210
31123121312
01122310312
30112310320
31123131203
11122010121
11220012120
01122120120
21120131230
32100101220
21000112001
21122031202
02100301113
02100231120
01230033121
10200133020
02330233220
01133031220
02110232203
00220230223
11031121200
22300122310
00320202322
01320132112
01210132011
32000122011
11200022013
21200020333
01310221033
11300011023
00300023013
00320032033
02300122033
32200110223
31100020023
31000022000
33300223000
31300023031
31200013020
31320032020
21030032023
21000001022
32000013012
01200001310
21100003010
01200012002
02300012112
12300003111
23000111202
22000011303
11000001100
00200111003
00031110123
20100011030
31300112010
31103103130
30200003130
31220003203
33330013220
31330113203
30300012021
21011031030
21030313300
11130333010
11130131113
10300131111
31321011103
01303032130
03100030230
02020311232
22100020221
00130122030
11331223031
23331223230
00230112120
10301230123
30102230023
30210213013
10130101122
10212330022
30200330113
20211230113
30213210112
30021101112
11303212111
12303202133
23300002123
12300002022
13330021223
00330002121
21230003212
32230113212
32203103231
31133102231
31230121232
31032001132
31303330013
10101330012
30020002100
22100002100
21101230033
22101300223
10110120132
21320323022
21210322003
21220301122
21220033102
32101330102
31210203022
11210031012
02111031012
02012031210
33102330032
23200330232
13200030331
02300033001
22220333021
30032330132
30132301133
10221330121
12223032221
11223021121
11220011031
12222031331
11202031020
01120001030
01222121131
21203213110
30200010033
30110010231
31112010102
00020010023
33210320033
10111030302
21123032312
10123231322
10122131311
23122031321
22121331311
13110331313
12120032311
13320311213
23020311121
22203212123
22221131123
22031011123
23211101113
23200221121
33201120121
32032311212
12021001122
11021301232
12222121120
10221122100
12020331323
11020332301
01010331300
03210323020
10210313001
20310313012
21230031332
21030331012
12010331212
10030231132
03120211132
22021211131
00202031031
13021311130
10120133100
20220113203
30030233200
20201330023
30220101133
30120013101
20110223100
20132233103
10220223103
10030013103
12100330110
10132330120
12103213102
32010311302
32120332000
33310332011
10310132010
30320331032
32320213112
22210213300
22210303313
01010030313
02030032213
00030121113
20032231120
10332231230
30330221330
30010330020
31120330021
21010221210
20103212032
22310323301
03310312201
22210302202
22201111002
21310301320
22100010132
22131001222
22020303332
32123103122
31123010212
31321001212
21110020131
01113022101
21213202120
21231223202
20110010120
21321203123
23321211212
11230023130
12220033030
32200123030
32130131033
32100031101
32210031031
32312032103
32310302033
00220002020
02200002011
31231133102
32221123103
30331113100
20331133202
23331133131
31330131131
13210103131
11213103310
22213102133
21221220121
11210301201
13310231321
01210010210
12110020212
11310020310
33310030210
33110010322
23110031212
01110330003
33110302331
33302032031
33302103113
01221032100
31020311100
31010031003
03010231213
13010010213
31020330310
31223132313
00122320213
01220222010
11020231312
11033213312
31123201120
33103210120
30003211110
02121211110
20012020212
22223233212
12221220112
11120220111
11123123101
10121220021
10200020111
11330222110
10330221121
20300020122
10300010012
10320232021
00330001032
20220021331
02120021211
00220221111
31220020231
00222020121
21223031213
22130023210
32220222100
32110220320
03200120220
02203132120
00223131121
10230131221
02320030321
01310303311
00222130132
11222120230
31222320320
13200013101
13122021310
11212121010
12002131033
01121220003
01122020031
10220220232
00223023211
20302230112
13202230120
20300110113
23300123011
21300030111
12230022031
20130012102
21330031120
12330031133
11330012032
11230010233
31130030032
11233031231
11123030230
01223021230
01223231132
31222031303
02222133100
22222031110
00122321100
02222210212
22222321202
00233232230
12112321030
32022031030
11130130222
21213210022
31201230022
12100230021
11113230031
00113230330
30110200333
10230330332
10320303310
22320311312
30110020010
02300000210
22120330322
22220012032
22210101322
22222030232
22222003201
12222012103
12222310322
13320330320
22232231133
02220030133
02230233032
32200030002
30230023201
32320323011
30320302111
33320021321
22220121112
12231121111
22231233110
00231231112
22110021102
32100221302
02210211102
12212131021
11232103021
01210202301
31210211001
31122321001
33122021033
30120230131
31320312001
32320212023
32222021101
32223211121
32213203130
32310313000
32021211202
32231221130
12223233101
11222320102
12220130122
11320131022
11120230002
03220231322
22012021321
22121221201
12010031301
33112031011
13220031211
33222131210
30222101221
20220010221
03220301221
22120030213
12320131210
22210131013
22001021013
12221111010
12021331201
11122130010
12223313210
21222210310
32123232110
32122102210
31320202210
11302101210
12020221213
32233212330
02120131312
13220301332
33300001002
03120332303
02020032300
00321312301
01321331011
03320331023
01330330133
32321221031
22223121221
22330121222
30222121313
22222320311
31223221211
20232221231
10203212010
02003212303
20231112103
12120231103
12131231213
10130201233
01010300232
32110300213
11131230112
02131231322
10031221110
32132211100
10233211120
01233211111
31230201112
23130211120
23203213202
21320212012
03221001111
03110201121
21110200122
00310211301
00310201212
11321211301
23310302213
23330012110
01323211210
02320221310
01330123021
03211120110
33110101110
02230003110
02203203112
32332233102
31233221322
33123211323
20123211130
10122110323
20012131303
20213132101
02132332301
22022131012
22212103012
22020331102
32030302322
02030311110
01330013010
02213213011
22203203033
21303203132
30030020332
22313232132
22330022132
22302032020
02212021020
32113031020
12230011020
33311021020
03310021011
20320021020
23012031022
22321332002
32321132030
32221330031
30321102022
13222321031
12220010013
12223101233
00222310303
02122031001
21002021031
02301021021
02113321021
02123212201
32022121021
22112010210
02013232111
02032202221
22003212211
21032211211
12032001111
12102300133
23202301111
22132301110
20202102120
10222021200
21020302200
20322032101
22232103131
12020202232
33010101232
30122101330
03310032000
11323232030
32301120022
22230112021
22222110220
12130331200
02131121203
02203221031
01013321032
31013021010
11110110011
01132103010
31221230110
01020201110
01022021013
01013231023
01320231000
01020131103
13222132013
32220110131
31222130101
33020131313
33212102101
01023212311
00203102310
03221132312
32211130012
22203102022
10202230011
12322102111
22020132211
20103202110
20003202331
03112021002
20230021110
23020021312
03020330212
01303213012
03323213111
23022032011
13023232112
13222031002
11022121002
21321313000
21023132020
21102330000
10320213000
10323210022
12302021010
13301021032
13003021321
10113021300
31202102032
03120202231
30002030202
33020031202
30022010211
30001030311
31002101013
33100110021
30231110221
10313202121
12313132031
13013211211
13032231212
23032211132
03032302232
30003201232
10223201131
32330021231
32321002313
12330123131
33030121322
13010130322
11020120212
01002100211
01222110021
11221120011
02121120313
03221110213
01320110310
03320212300
03022121320
20223321320
13222130321
01321132003
02320102213
13320102323
33323202123
32113102111
21023102113
01030110213
20222130211
10020030110
20023031311
20020123101
33023032310
12022020210
22001020320
22010010312
30010110110
33310202312
22002110310
12020110311
33220010311
03222030310
03220102330
32223101110
12032330312
10021130332
30021230230
20021120220
30220120330
31031231011
13331231111
13313203112
10332201112
11313102022
11012102301
03312102310
03121231300
33221231201
22021121302
12022101313
21020101311
01020221301
32020202311
13221202331
21223231301
12121330300
23323212321
11333121221
21103210011
01123130131
21231301133
21330101333
12120101130
21032301323
20022030322
31223110322
32222100332
30023103332
02223131330
32223120212
10223030212
21121100112
02021301331
02110101231
01223010331
22222100113
23201330110
21220330030
23123132210
13003131310
11023010310
11133010132
10032102102
21333131322
12223020332
22220220022
01030220323
10002020300
13102103100
13310311300
00310302300
01030132200
33010132201
03110131200
23220032200
11220020000
21200130012
02320021002
32223132200
33022132000
30022110300
23310110320
03003010320
23013131321
22023211322
11023101322
31033131032
30133131212
30223131302
30222020302
31032303302
13121103332
12030101332
12003103312
02003131011
31023202012
33023120321
12120120201
32120102302
23320103312
00321201313
02321103323
02310203302
01310301102
02130031303
10223031103
10103101032
02223013102
00033133102
22310231002
21310101012
23210102010
13131301331
31133031311
32233031102
33303101321
01002101300
01031301120
12031302220
33002102302
30113232302
30003132301
33213103202
33320302202
33321303303
11321102302
11310200323
00310100313
32310100321
12310300312
12320103301
20303103121
22320201323
20113020322
22210100211
22321301213
22031232212
21030202312
01031231203
03321311200
01313131030
23302131010
20011010102
00130010111
03200300112
02010020201
03130032202
20321003302
32100100032
21021201102
33021201332
31021100323
32131103303
30131120131
31213101031
31012100310
31010300301
32013203321
32103210301
32021301103
32030101213
32230002103
32130030310
22230030112
32130021000
32331130332
20332103213
22030231313
22030301131
23203300133
33031001113
23220021103
13220131300
03010021100
00310121000
10310101023
30210102003
00213101022
12010121103
13021221103
11010130203
02210300103
30302101020
13010201130
13223211302
31030201303
33130021313
33130231211
03110220313
33010120303
33021220313
33120020203
33120221101
13110030201
13310201203
30230030230
02230020223
31023103003
30233032323
11033211103
11013201313
20122010103
32223010300
10113010311
02130330211
00220330011
01020100121
00033320212
30003220312
30223230311
21123220313
22113211313
12123021013
32113211002
23013212312
22233321312
23021110312
33220110202
12321121003
32333232322
22033032320
22032220322
01023230320
02123110321
02222010030
02233013213
00203201013
10120300113
02323211033
00232101030
22023232013
02123201212
03232001122
00113200113
23113211101
21113131300
21113030203
21233032202
21330233201
21033232031
22132330202
12112101300
10013101230
12003211200
12003221023
22013121022
22213221010
22332221111
22102200111
21032221003
23013221033
21023211000
12023231002
23123231012
23321231003
21330003103
01133013103
11123310103
02123132002
22113232000
22320202201
22310101200
22330001010
23323132032
22323231020
13323221021
20313211021
22313203310
22303201012
32323101032
33003221011
03303201310
03033211313
12033021310
22003321030
30013221301
20003121300
20112120300
30023121103
10023321000
20023221202
10023232201
13313212000
10033310320
22233310323
12233113103
23230131203
00233113201
03230130323
13230032303
23330033030
33031332303
23032331300
22031130323
12031231300
12332103032
12330110333
22131102332
22110110202
20230110232
12333131232
12233201222
22223020120
12233010121
10330010130
10030120230
22120010301
22130121301
22131110311
23130132311
23010230311
23020030303
22010230200
02010110300
22020110103
02012101203
20123101231
22120300231
02312101011
02303103013
01203103002
23120330101
33131331101
03230331100
33110230102
13010330100
33130232300
13031131102
11031330103
33232330302
33121110301
21131120230
23231132300
33231121301
13021230301
11023203301
02013201300
33013231000
11013131001
23012121000
23133121310
03113120320
03310100202
13131130313
13013220310
20123310310
21230110110
20130130330
12013110210
12010100120
12233003200
11133002100
13233032210
33232221200
31033201210
33033321020
03123321010
23223121013
03133032113
13113232013
12033032011
13003032000
30233321210
22233012100
23222101102
12233222102
02033221012
13230221312
13233131012
03233032022
23022103300
23131221302
03131220211
20133201332
22123203302
20033101110
10023120313
10013130300
20123130301
10233132203
20133221213
03133221023
23003131003
02013021003
23133031000
33133132001
32033202113
32003202000
30033031300
10003010201
30013030101
10333031312
22313202023
33113201213
23112100213
23320120210
10323102130
13232201330
23230201232
23231130212
10231230130
03023101213
11033102212
03113102212
03013103311
02133101311
22113100312
12233100112
02113102303
22133101102
03112100301
33123100313
02023200313
23113200323
13003200322
11003100303
22023102301
02033020321
00133030231
20130230221
12133221001
10303203031
21303102031
11233320311
11333321300
01233321203
02223320101
00233223100
00331330111
01131130011
02033230210
02010200331
00333231131
03032231101
03031330201
12213102000
12131120302
10223110101
10133100331
12323100310
22223130010
02321101101
13321101211
10321301001
11323201003
01103201000
31321101000
02322102000
23302102003
12002100101
12321300202
23221120201
23321102200
11320100103
10222100031
13320200311
33223102211
02323202011
32302220011
11233310200
03230010201
01321200201
23321200322
23120120302
02120220102
03030230302
23030221201
12303101001
03223101301
13123101202
03123201103
13020220200
13013102203
03013101102
13133212301
13231220303
13030020102
13003201101
01033101201
23133103301
03021120102
33022100203
02122100202
02003100200
20013100221
01313100210
02131202230
23133202211
23003200213
22021220100
02032220203
31203210000
23200110030
20331220120
23100220110
33031230100
03132220300
23131230203
33223202300
03233102200
03131110200
13130110101
32030100102
13230230213
31233020213
21330122101
21233100121
21333321011
21233230211
21330220331
31230220120
23333310213
21333120212
23333032221
32333132211
23333321202
20333131103
31333221101
01133320102
00333022102
03333112103
13333223103
33333021110
11333030110
32330230130
03333033200
02333003101
03333132330
22333031331
23333201133
02233121132
00333121120
22333130120
23130101221
23131101130
00123020130
10113220101
31123220200
32233220201
21133230100
20113100130
30023100120
12123200100
12013200201
32121200203
00320200100
02333101223
12333220220
11330220022
12133100203
02130300120
33233021003
33332101031
33013200103
20033220103
30233130100
32333121303
30233110313
33330120113
32333010203
20333020201
10333020323
10230300223
23330020012
22330010023
33330030122
31333020302
20233010302
31133110300
21233120303
03223200202
01223120032
02220120003
10112100020
23033100202
10333110202
00330110022
00303202002
03313203001
20320203013
30313201030
20223200230
00033010010
03333010232
03333020020
13333100123
13333230231
13333120332
03331230333
23331120023
03211200133
00233100133
02231220013
20200220013
12331330013
20230120020
10200120002
21300120003
20120120031
21202220001
21032200200
11233110031
22333110032
00333120031
30333201221
01333230032
21123200032
21033203002
10331300122
02330330002
03330220003
11330030001
22330130011
30030110031
20300330001
20301220002
02020200020
31311330001
30100130000
10030100111
20002100030
00022100012
32132300101
32331100111
32333100230
31031000220
12021100230
32321000100
20232300112
12032200132
20031230032
02332230023
00132230001
22231230001
23333230010
30333200110
30231330010
20331110010
02331110001
10101110003
10132220032
10010200013
11133200023
30332330021
01233200001
02100200003
12330120000
11231130000
00223100000
21120100023
11021200010
10331200011
03031201231
33031102331
03130100332
01031000111
01031100330
11030300130
01032300021
13102300011
33212300123
30031200133
03010100030
33103300003
23321000131
23032300331
23231000333
23130200131
33230100130
13120200030
33132300230
33221300132
02121300030
02132000233
01321000032
33201100033
03101300022
23202200023
23211230020
22131100020
23211100002
23213300011
03231300031
13232300020
23021100021
12121000023
20021300013
21221300001
11031000002
23132000001
03131000013
33121000002
33131200021
33220200121
31230100011
30131100012
21331300012
32231300002
31232300033
33030200032
23030300010
10230200000
30020200001
20010300002
20332300003
31331200003
30232200022
