--- Global Parameters ---
Code Length:			11
Min Codebook Edit Distance:	4

Max Run:			0
Min GC Content:			0
Max GC Content:			0

--- Generation Configuration ---
Generation Method:		Random Candidates
Number of Random Candidates:	10000

--- Results Summary ---
Number of Candidates:		10000
Number of Ones in Matrix:	216248
Number of Code Words:		1716

--- Performance Metrics ---
Number of Threads:		32
Candidate Generation Time:	0.01	seconds
Fill Adjacency List Time:	0.44	seconds
Process Matrix Time:		0.45	seconds
Overall Execution Time:		0.92	seconds
=========================================== 
01131211111
02111112010
10001200222
30320111000
00011222112
00301331100
12131133233
00133000311
31313222110
32013331000
00020210000
10000023221
00013001111
23322000220
22000122221
22211130100
30230310222
11110100113
00333300030
31110333213
00032333311
31000333310
33330000023
02233300123
02231133111
10223221111
00111301332
02111133330
00111132100
31111130012
01302200332
11322001222
23111111011
01333311002
01111330102
21001333212
20111013330
22011233301
22010322330
32203113330
20222333312
32202323232
12233310112
23333102123
13333322112
33000322231
20020022201
02303330001
02331132001
11311120112
11021311011
02320000120
10300010030
00122221113
03302222111
33202333311
33022333210
11123333011
03323113110
10323213100
13233111100
03311113031
12212223330
12212102233
12200333331
32222333001
22202333030
22213321131
33112311121
30233311123
32213310323
33202311223
30222231110
32000333032
30002233323
33322310022
33333100333
03132333133
30203333133
11021333333
20333313331
32023322313
33113332223
33300033210
11133331033
11223310300
01132000030
10110000230
01300000233
11230001230
22200003231
22302100030
02331000230
23000300131
00230002220
13001000330
33330031111
11002302300
10022022010
31002202002
00121211002
00322020223
00331323223
00302330220
11322331120
12233331210
20133332010
22022332011
03200232211
20030302030
20020331223
10333033233
00033313323
01033130313
11033313102
20103331130
13000333220
11100333000
32132033000
32332120000
20200331000
13003300020
30333210003
32233230032
11333330302
10330310002
12133131332
31233333012
11313332003
11233232002
10033320022
00033330221
00000330022
00001332223
00003320003
12000033203
10030033313
01032033333
00230333322
03213331022
03300333321
13001133321
33003330031
10031111302
11013133001
00003303312
20103333003
00033023011
02203023031
10313333312
11203331121
03203332220
01312333323
33332333300
23033333303
23331213333
33233023303
00233133033
32323333331
12213330031
13231113331
22233122331
22233320300
12303033332
13330330311
03113330333
22313333023
20203213333
32310333133
30212331003
12223322033
02213332233
21233302033
22003233033
23300023033
10300233330
01310232330
01010110213
01122223300
02231323200
02131233100
02313333300
03033332002
10033131200
01130332030
31333321130
33331331313
33302331010
13023233110
33032230110
30022230003
33013320303
21331330031
00101333032
00320013322
02103333213
13313203310
33333103100
10331100100
12113311002
11331200002
13313000011
03020033030
30323202331
10133311203
11221003330
02120033132
12210002332
21222231330
22212133332
12220332320
12221330302
32103303322
21032300220
12232300203
21023000010
11030030000
10000030101
10003311101
12002000002
21003300002
02222110002
10111010002
20001331303
12100011101
20131231003
22113323103
22213132003
33203130203
23333313010
02333130103
22311300330
32303331211
03303331312
23333331121
13331231120
13111033022
13312330121
03133032332
13000033112
12003013111
12301233311
03331233132
03302113313
10112133302
10133103300
00231130312
22203231100
22200320210
21221332230
21013320233
22231233320
23112333321
23103131321
33021013331
33332033022
20332333020
23213330230
13122233200
03131033303
23013133032
03301313000
33313030030
33012033003
13331133003
13331111222
33312101122
10011101112
10000101210
13330131012
23331101312
33311130322
31333133321
13313233222
30313103022
01313133131
00113332131
00333312310
00303311321
20102330121
22023311121
02020011221
10333223010
32221323321
32220032333
01023033310
12223033103
30222233233
00223332303
12100333123
31100303012
13020303331
10013030331
02020331331
30022303332
33223033002
33101300002
33120301101
33223223331
33301011013
33221310121
33230300332
03030000032
23230332330
33313012233
33310022131
03310332111
13033230332
03301310332
33211331332
32011332302
03023320310
03330303102
03231332232
03010203332
03320101331
33010100011
00301100321
00223310311
30223330322
13230032322
33231001322
30231133323
32221033122
00123103322
11233303220
12303332020
03233113322
12312133000
10023332030
33213320012
33120001232
33100010110
33120332302
33131133311
33100003133
23023303233
23303322133
23002103333
22110303331
22322303301
22312330103
32231211333
12222301133
02200001111
01201033113
12010332223
32033302321
03233212311
32323123111
02333231011
12333201331
31033300330
31223320001
10032000300
12000230120
02302000311
23130030331
12203301300
13303101110
02023313100
31033131010
00331131020
10331113320
12333123021
12332113101
11333103313
11332310030
23322131320
21023203300
00231001100
30233033111
02330332100
23323301012
32032211013
33230331120
32233131320
21231333132
10331331132
11202313330
13202030000
03300230000
12332030200
12333321103
23233323113
13233323231
13313132010
00213330110
00113303000
21103130030
13223133332
32322120333
03212323332
03311231333
11012333202
03231203003
32232010003
02232013330
20233301312
12023303010
22330302113
22002300213
01300133300
11200130002
22333320132
21300330122
22203300332
20303130022
22333230220
31332330211
32301303021
22033000222
33033110122
33000111132
22330233000
22133200003
23233230010
02332230030
33321212003
33231312000
22221311013
23321111100
13232330033
11323300031
20323300133
23230013332
23000233213
23331132032
22233133223
22331321033
03333220033
31333000322
10231000022
03331300021
03322330003
32022330020
03222230011
10322233013
10231333013
33323230001
23333300200
30233002300
22223002320
20013302200
22001300120
12210133012
22221030010
13220233020
02321233002
23111330023
31201330022
22131330221
32123132322
31223133211
32101330101
33003001021
30033322001
33133122103
33323311133
30133113213
32330133310
22032131310
20021323330
23323132333
20103013312
10133010322
10210330020
11033300201
32033032131
11113301210
22210303213
32220303200
33223200020
23230030002
31232130310
32131303102
13213033320
13101133010
23110333010
23100033100
22120003000
12330013300
22030313321
22120133323
32101233022
32210130033
22230213023
12130103002
02213003303
32130030203
22020030303
23303001000
23301231030
23310310312
20230230130
12100130210
12311000301
22113230311
22123311333
21113320010
23132331200
23131213000
23130312212
30333121311
32333112102
12003310202
23330303223
23320323230
13221301230
10213001120
23332220313
23313223111
01303213101
00221330201
22220031201
22123032202
02132333220
21122033233
20210233222
20300332302
12023323322
22031331322
02013332122
21300000100
23102100100
13330301001
33311301301
22232322001
23233002101
13233122001
11303113000
01012130300
01101133323
30000130300
00030313010
00023103130
03003130320
20033103210
32003132230
30220322330
32313223302
00310233102
33031033010
03133113030
03333012130
00233010010
00222303220
00313230320
00213031030
10133021130
10122302202
30121133222
13023132300
13022320100
13222202300
13302220330
13300223001
13100200003
30202000031
32222000301
12220010100
33120000300
23020013310
22001033102
23112303102
32111110202
12111300020
32110300201
03332020100
03320200013
33230200201
22320203233
20232020000
20002323010
30023323020
23001111310
23302321120
33302302323
03312203202
03332322320
33331223200
13330113230
13330203133
02311013302
20330011302
11333011132
31322301113
30331201113
21021331113
21103313111
32323012303
33232323220
31032323323
01220323311
33301223123
12322110300
03322213020
02033222301
32313132301
32233232123
33332031203
33222013203
33132301020
33310223020
33010233200
30033301202
22033101103
22212100303
30113310102
20100000302
02023000300
20301303300
02021301002
01021210103
02230320321
20210200301
12000102001
23200010230
02310120330
12200122300
12201230200
12300321200
12221011031
32321031001
11220113131
23013011331
10230020331
02123001331
20222100330
00323023300
21320003302
00310300302
00332033101
00130323330
02303200303
23233031023
20223011001
23220101000
23222331102
01023302023
21311010000
21311313103
32011133113
32023230113
10203230132
30233211031
20233100001
20323210301
03223301301
31222302331
13312232301
13130223313
13012030230
23301200133
33302201100
31022031103
12321131133
13231213113
23210031303
33123222000
33322221301
32332221330
33132021033
33132002202
33322132232
33123231233
33101130330
03110303130
23112231133
02311223101
33210113323
02311230203
22331103213
22333223201
22031223233
20031332331
20131321102
22332033112
22320323021
22312030022
10012323333
11311323302
31113233003
33121132200
21102133301
31132331301
31233203231
03213200031
33211002331
30130023301
32300012331
12002033021
11102330231
13210310331
13210323303
03112233030
10103100333
11322000133
13202220013
11102300013
23203203013
22320231032
21133011030
10200200111
11020003113
11300032311
23233320021
32300210001
32000000010
31000320033
02110231000
02303100132
32303021032
33312210300
33022102000
30302100002
13230301313
12103111313
11003010303
31233101303
30331123002
02013232031
31120131331
03211030111
03133001002
11201002000
13100131333
31130123333
13310212333
13021213303
32310032000
32300022023
32321103123
10210302003
11120031003
11330021033
00312301033
20312300000
03332301123
31333231112
13032031312
03303023012
01103102002
01303123222
21333203023
20332302132
20022322133
20131301213
00130301201
20133003020
12133102010
22023101022
33213101032
30213011012
30023200101
01103300131
33203212200
31030231300
23133123310
30003312331
10130331011
10303022011
33032202230
12132100230
32102103200
32031003032
31033100023
31102003020
31022002320
33202103320
33102020223
32000203223
21230023323
21021000333
21213021330
12110101330
12123031300
02103131110
10100031310
30101001300
31101331320
13103213320
13133003321
31103321303
30310332320
03233023120
21113323332
31011110100
11310323013
11131301303
11032102203
13031222100
30002220210
30322001330
01011203133
00002020120
30020302022
01320002200
03003002100
03011010200
33001330213
12311320313
12313022101
23031320101
23011210002
23202320202
32323130212
30330320010
00320332032
10123033032
11130030132
12132302333
10020233232
00002030302
03102111300
13230210102
10230212301
10222113000
33220211300
02203032102
23330322002
21303322022
20332312200
31133302200
32111002230
11102023303
00012003301
02111032301
00011311301
11303202301
20320030231
22311203323
12230120120
02122323201
31003032301
31002010330
31130313232
03110033233
32013022300
00010022230
00013302333
03001133033
12031313023
10023130023
10131303230
10310032031
03200132303
02133022320
20213032322
13131013011
13022331323
03000312313
03002301311
20002103111
22203103311
32230313031
31300130323
10000001123
31030001102
02000300102
31200313102
21232001310
13113001312
23103002210
23233110220
13231123202
13113010033
13212310002
21230103203
01332332203
22013230102
01222100110
11001203102
11001310130
02000001330
03012310110
00023011102
00232100202
13201010202
02003020233
11212020333
13320220302
12220203003
12022031033
12201310333
12213001033
21031033023
20200123023
02102023023
12231020223
02230002103
11222303023
31122130203
22302222333
23200222100
02200310000
12203100231
01200310323
01210331001
10221020101
31213013123
21213201302
11211331023
10211231103
10310231110
11321003101
03232003210
11312003210
31321100010
13111032130
13302110010
00202203010
10011013010
01011023300
10013232100
12013023220
12101100302
10210112330
10000213200
30201011220
10310123220
12031001202
22133001200
12200010022
12110332032
02003013022
30303211302
22003203122
33303113201
13123103201
11103032010
11201320103
21232130003
21022300311
01022233031
31222200132
01222201001
10221103031
12332200011
11103223100
11302231102
33023312322
03103320222
23313321223
12121030120
23011323120
20332210010
32132210210
23222123300
20031211110
03222312032
00322212001
00002312112
01202103102
10110201302
31320200103
32212000133
32202002100
32231220202
22231202212
00330122201
30130322120
13301303120
13200311320
03200311101
32003110311
30303301112
00033111133
30031001331
03030321333
02301002333
30033022223
03211031202
10210130311
30231022232
23032310232
33332211021
33321320210
20010320110
31123130021
02312113012
33112300212
33010210033
00132101003
01321130023
30211300103
30210103133
31210010231
33311010211
01232313020
02323101201
01133210301
11131223330
11320223331
13220023130
23200202323
23020100332
13122013030
01312001203
01210000202
03112001320
01022301322
01203010222
01303302213
03210230103
23020313001
13022130012
13222031022
32220301312
22100321311
32222032111
33020020113
12201321022
23022031131
30020101131
00300010111
20201110101
20302230211
10330233211
21203302110
21233001122
20130100112
02013013133
20220021010
03221303132
03220133123
03223113231
30032313201
33032103211
30022131030
30132103110
11133023112
01032103032
01320320102
01130201010
03030101130
30323012120
33031120232
02311111313
22231101130
33003210130
03003203231
31330202001
03111100001
21203020003
22030001023
22300013012
12232001021
21000010133
23001010023
13010010323
31303110033
02030010333
00212000323
30232003122
30210200120
23033023132
33320211012
32213000312
03221000030
23110230032
03311002032
00031100233
31031102220
31113103233
11331002323
31313101320
31302111220
32002101332
21100032323
30110320331
30201131032
13012113130
20030020021
11100000121
22211002002
22000222002
23022200201
20002202031
12012210001
31111003122
01233112330
33013112330
23301311323
01231101033
10312110033
01000213033
01103311023
30103012133
30301130113
32012303203
32021000213
23302111033
02322011133
02212311123
02323111030
02133231133
00332213033
10022201333
13022012003
00022120033
00123120000
30113112000
30131100031
11301110301
30311102030
00121022030
10312130210
10311102123
20301010310
00030210312
10030112033
12030002233
20003011230
00011203310
02011321320
02120113210
01001120200
10012011200
10010311312
00202013001
10302011303
10300322110
10100022103
10032220321
02203220002
02113120302
03110322000
03020120020
02002322032
02132213303
30113213323
00212213311
30312133201
20321332203
20132233313
00101012303
00102113233
20011003033
00310002013
20120030012
23121032020
01332102020
03032210023
33220102223
00131220220
01033122100
02123102303
22231122103
21023131220
21201111022
22113100232
01201201110
01123322110
01233002313
00313101312
01130031113
20130010103
00110012022
10221002223
30111110133
31312010023
00013123122
13030302122
00112331222
01113130220
00020010232
11123210233
01112102033
13122320322
33121203021
31220213011
31322323010
33122321110
31100211003
21303221031
31123032231
20113012301
13223100111
03213131211
03121311130
03123220230
21130220030
22132221000
00201232000
21211223000
00311312133
10001032332
30001230102
30001003202
31003021112
01002011113
01310302123
11032010112
01002002222
13120002022
13002002132
12020202032
21101200323
13132310113
30122030113
31311101131
12112110111
21121111133
11130111123
11031011223
03113111223
23112112003
33122122023
12122003123
23021230123
31210022033
31301202203
13012220223
13000121223
23030112020
23321013022
23322123031
23101103031
22030100301
22131010131
21311032312
20110312332
23011101232
23031011122
32110011120
33012003112
03010030021
00100001213
03300312122
03001301122
01301301232
32311202122
13210222320
21130113322
03120312233
03320120232
03331202222
23302120322
02323002222
23233022230
30120223023
33331212231
03130212201
13132212233
10332322221
10321220232
10222101312
13033122323
11022023121
12111321223
11110221323
20001131222
12002110322
11110012223
21030322223
12103021222
01132021223
01132132331
11323220310
01123312031
01003120031
32101120023
32231123010
01311203011
12121220010
12321102021
32211321030
32201001313
32120213313
03211022313
12300313213
12320311232
12220111023
02220310213
02221131303
02201332013
23222110233
01120120013
30201220223
31211102323
30022021220
11202210120
20211220330
20201213002
21010230313
11110121000
10102111030
01220011130
20122013100
10120203120
21202022101
00323232210
00103122310
00111310310
01121110311
11111013201
11011123020
13211230313
13211221012
00021112031
01121001313
00221311212
00220210133
20111223110
01112320113
21111202100
01213123013
33212312301
30212122200
00122032300
21222321003
21022331032
01122021002
01122013332
30312320032
00012203022
02002231003
02000012200
02022031200
02002101223
12202012223
00212312021
02021102200
02322012310
00321211330
00232122303
02310312220
01013222203
21003232210
00210112223
01111122320
02002232220
02021223021
03221023222
00211222201
03112123022
20310222033
10121221033
31021220030
31031321233
32310211030
21300122003
31011131203
31101221200
03103221301
23310121001
30200021203
00000221331
00232232133
21232311012
20132102323
22322112023
22313120011
22123020113
21300110011
00001130211
32001123001
32031111031
20321013131
30021120302
32203121302
01323011021
10020012021
00200302121
02223201122
01223132222
01223321123
01202111121
00131110121
12222232222
23212032223
00122300111
01232011200
01022123220
32122113022
31221302212
13121202220
31232023202
21032110211
23210110211
23002211022
20023110203
23231011233
32030112313
20321110012
11313111201
01231320120
31123031110
21113211310
22102210130
12312220132
02212220233
22222211132
21210013112
21212033011
33221112133
12012311233
30132311032
32022221032
20232320332
21223220232
22122112332
31220102302
23123223012
00312022311
30112122333
10102231131
11021232001
00021320121
00001021101
00300210203
20230032213
20232302211
30023112221
03110011111
03011021133
02030203110
02312021300
23120202130
12122022130
01212223131
31322220221
11301220131
11223223021
03123210121
12122132310
22122323122
22102213322
11322123322
11332222012
11102221022
21332123232
20103112202
12101101220
21302232023
20112223203
12322222103
20022231321
32212221321
00121222322
13111112321
00203221220
20233120122
22212220020
22210222223
22012022213
20123122011
20122303231
23223032110
21230121312
12123002111
12010022311
21123103131
22130102120
20211311120
22212012131
22232120111
12233012211
12130022210
13300222213
31333011211
01210021321
10320011213
22130111233
22211113220
20211123132
01130010221
22120002221
21130132021
12101022021
21100210202
21211022203
22110202112
20110210020
20111022012
21112222302
20131232232
32321222230
21321222222
12312022222
12212023112
12132221312
02332221121
32223211213
12232112312
11203312312
22202113112
12111331312
33102231312
02112010312
02102101131
03122020313
30012332212
10112203221
12211203222
11201231222
32010203101
32130203011
32200122011
30113220011
02323211323
02232121332
01122212133
02120221102
23120021123
00202031132
02001103012
22320101212
32200022132
12201212130
12120312013
21202332133
32213212002
31033212011
22212213202
02222022021
02220121222
02100021231
10222111221
20212101222
20122011223
12221102113
22110212300
23111232303
21131201230
02130203232
21020123030
21002311301
30220220211
30102002311
30101031111
22201020121
32200213210
32221111311
31212131111
32210021101
30021221100
31221121120
32101211132
22012211303
03121221203
13023221202
13023222131
11231221201
30123122130
12112223011
31022132311
33032323102
20002012211
22301212031
22020212331
22011210210
33011121210
33302012212
21020102122
31302023122
33003232121
03020223201
21002122320
11022211230
11022222211
00102223211
21313223220
31112023221
31000022121
31020222220
31010032232
21000102213
00101020212
10110323211
01030223121
01031231123
11020232112
01000321120
01132033212
11310132133
11003221313
12001122010
31101022310
23110101213
33120123231
30012321310
03201123213
00002122213
31011231021
32021210201
32013203212
02003222113
02020221313
00310220012
02010121012
10100112012
21010123123
23010213103
22001012113
23010031210
21303013120
31310131212
21010101201
33001322012
31013102012
33002112103
32302021110
23202212010
23232202120
20320131103
20300211120
22120211220
20310212321
01001012311
01020121301
30032212322
03132212122
33112211232
33112220130
31122222122
31133220022
21123200221
22111221022
23021221332
31111121102
01101131202
11101103232
11112111132
01113210212
03111223212
21121220312
01312121030
31021103312
10231203121
10233102133
21030202131
10121211311
13121323113
13101121122
30100220122
31300232113
30210231213
12210312110
32110131103
30112221101
30211123311
13112231211
21110201021
11132002011
32112201213
21222011111
20112001131
13112012310
11130112311
21320112113
23012321111
11310300211
11121102102
21121232111
31211212131
30221321231
10013313221
10301131231
10130120221
20101002231
10132012132
11211011122
11311213212
11211322130
22211122211
02111322111
20013221123
21001121211
20003120212
20030321232
30323321222
30301322202
11123232120
11020132221
13321332131
11321312210
10331212213
03321012113
10323012231
12112020231
23200321221
02301112221
13013202021
23010222121
21100222132
21310122332
21011222331
21112312231
20101213221
03201201221
30320221121
01122112221
30321132312
30132122212
02302132212
30210322112
32103111221
22133023121
23330212111
12331023212
12002123211
21132312103
11213122032
21223121102
20131112211
33101302211
30311020121
33213122221
21132122201
20332111231
21322132121
13322213211
13031132111
32120200321
