--- Global Parameters ---
Code Length:			14
Min Codebook Edit Distance:	5

Max Run:			3
Min GC Content:			0.4
Max GC Content:			0.6

Using Generation Method: LinearCode (minHD=4)
Bias vector: [3, 0, 2, 3, 1, 1, 1, 3, 2, 3, 3, 0, 0, 0]
Row permutation: [4, 0, 5, 1, 2, 3, 6, 7, 8]
Column permutation: [8, 9, 6, 10, 3, 5, 0, 4, 7, 2, 1, 11, 12, 13]

--- Results Summary ---
Number of Candidates:		228423
Number of Ones in Matrix:	50368792
Number of Code Words:		4012

--- Performance Metrics ---
Number of Threads:		32
Candidate Generation Time:	0.15	seconds
Fill Adjacency List Time:	76.10	seconds
Process Matrix Time:		65.40	seconds
Overall Execution Time:		141.67	seconds
=========================================== 
11100022200011
00011101000222
00011101110001
11011100011001
00011120001113
22233233311000
22200222000202
20002200020111
22200020111000
22211130333000
22200012223000
11100010022232
11000200020222
02220113330002
21110311133000
13222111333233
13133311133323
11133302111333
02333111332223
00031113133322
00013233322202
00011133222001
10003322211100
00033313221113
30233311133311
33321222133311
02333223311133
23000222111300
00022121110033
02000220011103
02000222333131
11100031133320
22110001100100
31113111011000
33321110110001
02333111222000
22211102001000
11200220002000
11133022230002
20003221222000
00311122210003
20011002220002
02000322211011
22000222012001
33311121113003
00330111211100
23331113133310
20001211133302
33301112113331
33310002221112
32221222331000
33211211333000
00112111003000
11001213330002
00111231330002
02000211120002
33110011100020
33321113313100
10131113311100
01331131121000
00031122112000
00020111021000
02200011121300
02021133111000
00020211000202
13331011131100
23332311120002
00230111220002
00113111310003
23032211131000
00320211133320
20013111220300
32010011122000
00333133111220
00012131112300
20001222100100
22023311100200
11333133311022
11131321133300
30011122031000
01112220010002
00333011101022
00011220200020
00021222320003
02002112223300
00012223321300
32200010022200
00100111331200
01100213311000
20001311101001
23133132111000
01113001131100
00022200200012
20021110132000
23222110010002
13322203311000
11222000331000
13212200011100
23311100031100
33111201000200
01110222033300
03020011311100
30003211311200
02002120111300
12221221033300
03110110121000
23010112113000
00022112303100
00231112330100
13201313111000
01203202111000
02300112321000
00101223331001
10012111331001
10010231311000
11123223331100
00122211330030
10333111320001
33313101112200
33132331311100
11100012300200
31311131002000
20311210002000
21200111310001
20010011020001
23301122200200
03202220021000
30001200111010
11101133200100
21110133102000
20111033320001
20011120230200
02000210221200
10003211210001
11013322101000
30021322110002
33002122312000
23300131110020
23302312211000
33102111310300
33320222110200
33322122010003
13223221011000
12312300111000
13200112110300
13202001110002
21122000110003
21220011003000
22232231100300
10302101211000
21331100111300
31033312111200
12330221102000
10300011102020
10212001001000
12220202003000
11133201100200
22332122003000
02023222000100
22330220001100
22233220202000
11312221000100
02332221010010
32300201011100
32330122111010
33100101121200
22001101113320
22301011302000
20131101301000
02133002311100
23300221331100
01000112000102
02100011102001
23221001201000
02322230122000
00122201200200
01122012203000
02011211020200
32320112202000
01113223100100
12002321100100
20310221110010
13002022111010
10002223101110
21311100230002
11121002022000
23223222100020
22011312200020
02311322002000
03021222022200
11010010020200
10220111330300
10001112113303
11001131113030
11201000222300
01130001022200
02223111000303
11031102232000
10002210202200
11103320221000
31131322231000
02321332220002
21001002200010
31102020012000
31101110022002
30323112231100
11200132231000
11220330001100
12211033300100
12200312000100
22200011200230
21123130001000
21101132303000
31311012313000
01110231120300
22013223332000
22021123300300
21122331000300
22202223000330
12213331302000
31123311130002
11323031122000
22122203002200
12123323001000
11311132300300
32212031131000
31112100313300
02231211133030
03121110300100
33130211322000
21022302002000
31022110100200
12232000220002
13132110022200
32220100021300
32131102000100
33110021220100
13331102100020
11321100010020
22033101010001
21300221130002
22200021300021
20212221330001
11210033311300
21323113330100
11322311330003
12223110002002
13231113030002
22133111331002
22313331131200
02213320010200
22103133221000
22213330201100
22202113031100
22101320200100
22110330100020
22322130002003
22122323330030
02122131300020
32120223300100
11313320020002
13112202200010
32220302200010
33122122002200
30212212000300
13022022100200
03332232220020
33211332022000
00111221130320
00221121000320
01022311100022
01022102110300
00113111200220
30231220221000
30002022022100
10231101120003
10232011120020
10220220220003
30222023100020
30220213312000
33221113322002
02202320110002
02232323221000
22302003322200
23212002302000
10112023000200
22022200320020
00331220012200
01003110220020
10111323213000
10110332111300
00123212110020
30222032001100
33312332221100
21231232233000
10112011332200
10213112233300
12213220321000
12230222330003
02221020022100
01022122300010
11333223200010
11313332232200
01332223120002
00133322011002
13131312301000
11311311300010
11123133110020
11123011010001
13231021110030
21131133310030
32323213310002
33223222313300
11311310331300
10113102100100
10013222030002
23222033301002
21321313202000
22231321010100
00113112223010
02112123200010
11130120132000
11232120030300
13123112200030
12311120030030
10103111020030
31012101023000
02212100230100
12121130020100
02221303320001
00212133002200
11133003011002
12223000320200
12223033313002
13223213323000
10223330220020
11333011211003
12023111311003
03120011320002
33320011200011
31232123332000
00132223031100
11302123330200
32332112130200
22330233112100
03233121120100
31110313332200
31121133020003
11131333011010
11330230211100
21113002233200
20202133310200
30021031022200
32232110003001
23200201220200
22330012320001
00300110022201
12230001000201
13322011000120
12233101200100
22333132000102
10333222332001
02320122230001
01032120321000
03221123310003
32231131010003
20222301310003
00222031110120
01222001113030
00022032211001
22022033210100
31032233011100
02302233110020
02220232130200
01322013110001
01231322010003
32333201311001
01110331002220
01210311011100
01022113101003
33210211020003
20330131100011
20203110320100
30001112322010
20032103110020
22021133100022
00222123330021
13001001220020
02111003210001
11122130330030
31202202220030
01021313320100
22000300112020
13003331110120
20113202323000
21130002320100
00110103220020
32220320002220
23113112310100
30132231021000
30201321020002
10301112200110
10300112223001
03001231120010
32011132120003
01130312110002
01201123320020
00113120111010
31011220011200
10301132010200
30001102212220
11023203220200
13010212330100
21003210210200
21002212001100
22100022300110
21020123311100
02000211210110
10202200230010
12023200011010
10200210001110
11030031210010
31001232100020
10030221230020
22021001020010
00023301220110
20232321023000
10112332210030
20030321110202
10110333120010
02330202122200
33001122210110
20313022202100
03030222122002
03312223000202
01011011001010
01021002310001
12001012010010
01201020001001
21010231010003
30010331112010
11220102320001
11011011032001
11201100210003
21113101002002
21102221003200
21112002030020
11202010210020
33320122201110
31133122303100
12323332002100
13313312113100
22331320320200
13213033322200
13100031222001
32030020222020
32232002223100
23322321103100
22232100100220
20301100210010
12013112020001
23113301210001
21310310220001
11100131011200
13100032021100
22210003311010
11100032110110
13110111303030
11001213000110
12011103000120
12112003321100
13100021132100
03010002220220
00120013210010
10213121130010
20122110331100
02122133312100
01131323332100
13332311322300
03223313012200
01110233022003
21320111000201
31333001110120
31331112220330
00100122302002
33220022022020
31220021130200
01101022120003
32220123302003
00122002100023
00123210102100
21120332322200
01220223223300
12322232323200
00223223002220
00222320030202
13222130002010
13231031020200
01220003200220
32322130301100
03120200322200
21332300220020
11032313002200
03201022302200
10332321210200
01123012000220
33212230320002
11102230300022
00012113020022
00021210012003
30022200222021
11222300200021
13022231220030
12302220210300
03122212011003
20312223203200
31212120300020
11212033010030
13112233001003
10312223331010
12332233321020
11131022311003
32111031100032
00220333112020
00021133310102
02203122202020
21030222002030
22333022322300
33012112001010
32031211103200
33120101130010
03222111030330
13032221103001
01123002130010
11123100033001
11032000200110
11132003302001
13123102330200
13111020333100
31231110133200
21232030110200
12012230110030
01131200023100
11130020010120
11203002201002
11233021100021
01003222023001
03132220020021
13032013222100
01311100221020
01012013111020
00012311131220
02220233101110
00222310200101
00221322030011
00322110112010
10232311011001
23003322311001
22003112301010
22001230113200
23331110110120
02031110311010
03110322200101
01110022020201
01300212002001
32120331120001
02221331012001
01203331110101
11213331000203
22203321003002
22113331123003
01220311123003
22213301110330
22203031112030
32200331222002
23031203111200
13130200102010
13233233100220
33233220002202
20122213003020
20110301320200
21003032221200
01120130222020
03112132022100
01200221000301
10200022100320
21000310010101
21133113201010
10132012210003
32020212200103
31013013220010
21203133230010
03120212200110
01303232200022
02220001220011
00312122022001
00132132001001
10012123003001
13032200322001
22332210200021
22303120230020
00221232202030
00312231110203
02031201011003
03101121110303
00021123110220
01000223110201
00102312000201
13313122000210
02132213220030
31112322322300
21100121103003
33113312000102
33322201022010
33322212131010
32332220223002
00101012213001
10120203120001
11011121010330
10031132101002
03111311300031
23111011000303
33111012320030
11100212133030
01112102233030
01110022130022
02221002220330
01121102313200
10110022330220
12310222130020
02131022200120
11311203300220
02200102110220
21113021000320
10022321200031
31131211100013
31002111300031
31110321110023
12210311100023
01123321102003
01120321110330
01323211312200
00102110001220
21302101000220
02211000120022
02231100323200
12010002020022
30110200200021
22113200020201
22010002002011
22100231200011
02110310031200
02013110001130
01033221202220
01332210113200
23103222312200
11302301301200
23113031001100
33133110100110
33132210012020
31121200032003
03221311301010
01130111030110
01211333010110
00202312023100
03223010100011
13221010012001
22111323300023
32113102310020
33312213122020
03311231310110
22012310310010
23312331011010
03112301112020
03113321101110
33303112212001
33301220020202
32002112021002
01222010322002
00102113022010
02101221032200
30112311302020
31100021322020
30113022113200
31323331112220
32323002312200
03332111302210
13031110221300
02223133022202
31332201300201
01011313302220
03310111232001
33110311031001
30013113021100
33003121132010
13000110110023
33202000200222
13322202010202
21333210301002
10002012313002
20002322210022
31133322200222
20012120002202
32232312002020
33300120202220
32201123000210
32201202130100
01232233201001
33131022011300
33100033111011
11212213303002
32002221033002
12022103300021
13110322103002
01211210031002
13200202221003
20320232201001
31022013331002
31122233323020
33122230231200
33000231211020
00322002112220
00212230110011
01113301110302
02212221030302
02111332300302
00033221121210
33303322121020
12333022210110
13313322233020
31332311022003
20110020210110
30111230103010
01112033110103
11221321303200
03221001300201
00012113130201
00232211320201
11100312321002
03121231100302
03222321123020
03121323230020
01212311200013
03312213100013
03021121200103
32110131001003
02033211220103
20311011200120
03013112220203
03131101102002
23110211300201
13002111330220
20102211330202
01001103302202
30322211210023
23302221120013
03322333120011
11322233100130
23132220031003
30123220200013
02011021203002
00201322201130
31222322103010
31203312031100
32121110001103
31333113110310
22302001110011
23002103100011
30201123131200
03201031211200
01002132221030
00202112210330
03113311221030
11203021302030
03201222131030
22033102213100
32002132101200
03033112101101
23012000212100
11212330012002
31013222302010
03131222130011
30130122122020
02213032223200
33112002022202
33121020300202
32021210101020
23021221320100
33131312200201
33233212220021
30333201220011
30011212110013
10220200300201
10213310012010
30332232100210
10330222010220
33321221220033
13302122100012
12202231100013
33323312210310
23331002110310
33022320122100
33323222322202
33313202220320
23332022132002
23312021100022
13130202220022
33303022100222
31020033220022
13110303322002
13121302202300
03111020120220
13211330311010
32211333110011
30011233001101
30012322210103
02133130101020
01332300101110
11313203001110
30312110002120
22202030010012
33011300212020
23002233021002
30201103011002
20222030020031
22120200100031
23111330020230
31213010301200
03111301010130
13023331321001
33112203330101
13111233233001
11311233200031
12331311013003
00211301001120
01310113131200
03110111000133
13101000110320
00011012211033
30011011210230
30221310010130
33021011020130
23312123300130
20123231002030
20233120022300
32110010212300
33121132300032
10113220013020
10110200211003
01210330100012
12103201330100
32122320100120
02130002213010
12330331110310
10211003111030
33102322000111
30022103110101
00211031210021
01103120201110
02033121301110
32332113101110
33322011011102
00212002231110
22333002132010
32111331301101
12103332331001
12131232310200
32233101121030
21301203201100
13110223100011
21332233001210
10233003201110
30221203021010
32212000220230
21332332112020
30302322130220
31311103000112
31110330011103
03232312213200
21313230100102
31032000121020
21101200010202
11102203223003
31100222022203
22322100232300
21203200222010
13121310010102
33122323310103
31112300210022
33122002000122
03222023000121
22213123301001
21102103000103
23313220011101
22132113300033
33322111203130
02220123100301
13222122300031
33322022202031
22212230030023
22121301300202
22011333021020
22201333220022
20110132300103
20213232200110
21012200330011
22012110033003
01202122303003
12111003223010
22211300220310
00121223010303
10012220001033
10223002023001
13222101203003
22023331310110
20230023021100
02112020301300
32021202203001
33122120230011
32000122110031
33012210212003
00311232121300
20231211013002
33312110120012
30323102121001
30333111001131
02103011000111
11001102030011
22023322133002
10222333220301
22030202220031
23233022120011
12331133022003
13330221221030
12232002102030
01230010010202
33212200110301
01321122001130
00321322111330
20231311201030
32213323011003
31233223110022
31220223021002
03220220001032
20023322332100
20022202203110
20113022210303
20312002211030
01301002012002
10313022110021
32010302100021
10102302103020
33222021030032
33222000211032
31112001200130
32312102101003
03231100220101
33221130221030
22332101100032
20102201200032
03231221200032
33322100032102
02310012100102
02132300121002
23231200300102
23012201100203
23020220112030
33013211310021
03330021201120
01313211330120
01330121212010
20300222320021
32331022010021
23311032221020
23321132231003
20011033311103
13313130122100
32221020110310
31222122000332
22020022010310
02322021030021
33201222003220
03320023110022
22130020110021
02003301120021
23223000131020
02211330001031
21022202030303
21131120203030
10121132103030
02213110233002
30131013222002
33231231132100
10201211233020
11023131133002
10031311231200
00321133223020
10012300223020
13332132322010
03023233222010
20233321220220
00102202232220
01020022123200
21020201202020
02100221231020
10021031123001
22001310221030
20220022203011
30122011031010
02201112003101
20110310001011
13233132000111
10200120210011
02310100010111
30122303202010
33132020321001
32212220203310
11012202300102
20221002300302
13120221200303
00311223200111
01101100130201
32011312013300
00230222102110
30212223311130
00122323120110
00122013001103
20022002120103
02230010312001
00211011000331
10111011230310
21000212210013
01113111033033
02221100200113
22000213123100
02001130123020
00032110322110
03210120002110
30111221002130
21211122003330
00111320023110
00113013110111
31110032202110
10120302213100
00100321222110
11131322330201
01101231020102
20203233022001
22230212302002
20002023020201
01113003123020
02313302113020
02010002103210
02113130330101
21133020200111
22313011120023
32223031020012
21132322030013
01113132200113
11211000301013
32121102033030
13111222002033
13121230102003
13021102220303
31213202100103
11133232203110
01122330310120
32312001220022
20020012201220
00310121120230
13113000222120
11332312230120
11103112230013
11033020213020
10332231132002
11333121103220
10132333100022
23222133113030
30121012110330
30210311200320
33112311000223
20231011330011
23220110131003
22001101003103
22212331033030
33221131030011
00133221000131
13133322100121
01303212100111
00213112200311
01031221103110
02111023000311
21120330110011
01102300021210
00112200033101
11322233230022
12131232200023
02210322100230
22332023330101
10013320230110
10111300310032
12111331020031
23311321203001
10111300200211
01223330020222
11332111310032
00113300202022
31101031011030
23303320100111
13332110300111
13012011001101
11121132000331
32211100020131
30311200321110
23112012031200
32111300100112
30120113020011
31201210020101
31103201203010
11201300133010
33110110013210
32032211001310
01103213123002
01112312310301
32113311030210
31131323020021
20002113002130
20011130120301
32100133310101
11233113310101
12210011031002
32202101030022
03110033100112
00123123220012
10211311322030
23301213200320
32322101100113
23220011132010
03320102123010
02311120003021
31112133320102
01310021101011
12101002001101
11133130320011
33201302001102
30001032230111
31300213101101
33202231232001
32023322230101
00323122203101
30201321310110
00230221301011
01123221310031
10102203010210
00122110100213
03101302110013
03022310220013
10312320010031
13313331100311
33322321130111
02213001120110
10020123010103
10032111010303
02310231010031
33322101113031
01331023301101
31330221031110
13311102001013
32132210331010
13123321330110
22133200031011
11032320031002
23200333210011
22200133300211
20221313000311
12322310003110
13222312033010
22001132030301
32311203013001
32031221003011
31011020002301
30232102010301
32030111231001
03121310313001
22010131003110
32130311213002
22133323100320
30311312101011
01100020111032
11310010003101
01331120200211
00110123300222
03311000232110
03110101200211
03021113202011
00031113023101
20033311222011
01233321002011
01110133003201
11210203202010
03303113311101
13020313201010
13212231300330
01100023202310
02311101002310
03000220222310
03330211202013
01213021032003
00231132120210
13331133211210
02113212003310
33112201102310
33211202000331
00011210300231
01012223002330
11312201300033
12200122003033
02102110130230
21311100010333
33201313100022
30033111022230
30011322202230
11012313013010
10123113023300
13123311100213
11031311002013
11031110130021
13113120330021
13123203100023
10310213200023
11331320220301
11033102313001
31302122200311
30112231120033
33101222310033
20003110002211
21313320222300
21013331120210
10310020220320
01321320220220
02322200202120
03023020102220
10233320103011
11032311230011
21033123000211
21033232300202
20013322310220
01031202000122
20103022003102
32110220031102
21013200313100
00332022001112
20331223020012
23212122030230
13223210300230
20001123110012
30230122011102
03012211201320
03103221320012
20331220113001
23220302110031
01331222103021
11011013310033
11001331100131
01321031300102
03111333102201
02011133313011
01031113300131
01101011003022
11123031200311
01013101312030
33111001013301
20110010310301
20012301010032
32012211100323
33011131110311
32032230110202
32033032202220
30110210110120
33222111012303
32022313012003
12110220130303
10202231031003
23021110100311
12121110320033
21031102210033
10221112000133
10102102220033
12231201300303
12323113010330
11311301100332
31132201312002
33022131120302
13122110011330
10022310001022
00322131003102
21010010112010
12010002310130
13020112003130
02102201100331
11302311231030
12130311202020
10011213020102
10013011100122
13002111000332
12020130302001
20101313032200
11003113100313
12112330003012
11121210003032
10313111001303
12120120023002
12022100013303
12223101233030
31210013110032
31010113310203
22101113000132
22101031100113
22100100130023
30102011130023
32100332002202
01203223000112
01000313202022
10033221002022
30013233210012
31010232000222
00132232020203
10013332202023
11020333210202
10302221200223
12220100030322
02220232200312
00010132100312
03011302002202
01100320200322
01121322000232
20103311011102
01031212310023
10021122002302
11200222320032
13033122212030
13031221331003
01310232331002
00020002230211
31021002002120
31222000100313
33312100010222
10033323022201
13113311302202
22131332030022
11201211000233
10120011101033
10331200101013
13332000202022
01100100113310
01232021220033
21001130320022
03032002200212
03302121330102
03112120230302
13311211203303
11300301220201
31133101020203
11300331010102
13112000201031
13303110121011
00031203202021
00232020202201
32301310011011
10333210110222
01232003132020
02220210332030
01210130223001
02231021130103
03222100201302
00310210210202
30112021003302
31101102100312
01311102103012
00333212021130
22320221003320
33200020201021
33130132020101
31031312120022
32303111002022
22203101130301
10100110333101
33232110320031
32133310320202
03233111020311
21031331100222
02133312200132
31130222000123
12300221030103
03211100101203
00110001130311
31130021120031
10013020121200
32120200133020
21001011313010
21201013133002
01020110113011
31101131133110
33312111331033
00300111013111
00120200310111
03021201031011
33321220031012
00022012001311
20022011303011
01202201331010
01132001103201
22203310202011
02312001202011
02130320120201
03102200212011
20320120032001
13322120013101
21320312300022
20230012000222
02332110320022
21312111013303
02110131023030
23100220022101
12103010002210
31133220110113
01003101011012
13322202320310
13310012120031
13330113022011
02032321001012
23200110300122
02233203020102
02323321302220
03001222303102
31300222300112
01130022031011
21302220310201
31100220300231
11210001203031
32211012020301
33022122033302
31102210101310
32100311101230
31100112103210
22200022013303
33023111023011
10313012230101
00010122030122
02001310230012
03221232320102
03232020230110
23021201130210
23303301101220
33002110310112
33222310030112
11323302200112
30202101101032
01213300012130
11000201101311
12200200110113
31200111013102
11223100100123
31221200011302
11100130200221
13130123020220
13121033202220
03132021002230
02131000222021
13312302000221
01231101230022
12012202002301
33223120320022
03022210032021
11002210031013
11302021310023
11132031300113
10322031002210
10110313000212
13031120101220
10231200310220
00100121011320
00121230013120
02111300302210
01131030130210
00213110302012
02001302022210
02011032200221
11002102202013
33000221101121
00300211122130
30003111220221
00031122002223
02100101220203
30001223102201
02130013022022
00210101301022
23213101330022
03301311011210
03210031021110
03110113322101
03011230302101
00121032012101
21030310122002
00123311011330
00011022021330
32001131200211
00021331021031
02001120013210
13020002011220
11302020231110
12000102201120
13200102020130
13103102321010
10303133100111
12331003110111
03003131200122
00131130001212
02333113010211
31302113001302
02013111300332
00113300312201
33001122030221
02011012010131
02000110310221
31013310222022
00220011331012
12003113202110
12030002211103
20330011012110
20300300110112
23201000111012
01223213001330
03222100131210
23321020321010
20230210001203
11320103010301
32130110101301
03120110103320
32131130332100
10301001011301
10100010211021
13103011310130
10200101301103
13000112102103
13301112012130
33302223011301
30012201011320
20003202011120
23330121002130
23230022202230
12032303010102
12133010310022
12011131002032
01211030322030
32011213230022
03201213000131
20001021200323
23113220003302
21223220313002
23022020310022
13331120032302
10131312003203
01311311003113
21021110031301
33101110003231
10332100022301
03132100031202
23102210223020
01310001311301
10100221113310
02020002121130
33202121103302
33202132100121
03212103310031
21133101103031
10213000103022
22030031130220
20013011302220
12000131102230
10030311122203
03002202011302
03002221002113
30032211020123
00022211301132
20012210303120
11003222100233
02322011200322
22212132003301
33223232003201
03322213032110
02310010222130
12033232020032
01232112001203
20133011102203
20330113212002
22300300021102
33232030012201
11023203000131
01131233100121
10100301001211
11230011012103
11020030032101
01033102100321
10131220033012
01113000320121
01133311301230
30321331130120
03320002221201
00300120212102
00012210312102
30310103210210
03132023320202
02301203002102
12301020121020
13322302022101
02030211012101
32013021120301
31011131021301
13101102130103
23331310103021
01310110002213
01321100023031
11321330323001
03302102013201
00332101310112
20133210120012
10011201012031
33033211211012
30101022001331
10131323202210
31323100210111
12023130200111
01013110213110
01133220022303
13223301103101
12213302001310
10230100202310
10232110303302
11013021103032
11130110302303
21312020220013
00012302202111
31132102200213
33310210020211
31310030022102
31320232001203
13232013100211
20322210302101
33211130023021
33011100201121
03011022013021
31120113303021
03221032003111
03123020023101
02300102031101
01231300032102
01231032321300
33321022300121
33033222002121
03233022021210
33120231101220
33110131102302
32210103200121
32101130310220
03321130012230
03312132300211
31321210330301
02121323113010
32011010200313
02023211303210
30121030022012
31130123100212
31120231030230
31210101220310
03300120220213
32100200302101
31130120033201
00111303120122
32211130120320
11313003012011
10320130210310
11012232200313
21100203320031
11100203032110
13200201312010
21103332101012
30313121330201
33323133202120
20203102202210
22010300121110
00031033201112
20103133020102
21113320230103
01201112301302
00233131022021
33101033202012
30231333210120
32001302220112
00132310120222
22313200302110
12001200301130
23110333020111
30020233110113
33323003220211
02312013320301
12221200032031
10001010133120
33230201101023
32103022101103
01010303211101
03001013221102
01133020121021
32133020021120
20331110032012
00102332210111
01101323130111
00032320011131
00323001112101
02200300111201
20223100201120
20032113200121
33013220221120
30032201110313
30031211122033
20020101100212
30312331230021
13321323301011
13021300331101
31030320101021
13300030201112
23300011002121
33031220201112
22331332202110
30132121130032
00120110131031
13030212101021
33020202103120
32012020202012
22010202321002
02220320020213
01123320203201
00111332011023
23302020012021
20220331001301
20123311220023
22230320002301
20313321020203
22203220330103
12300322201301
22302310120110
20321102033011
20213310300131
22232103123010
10211030032011
00203110221301
23331022030112
23031220102011
03312202111310
23330222110321
33303211120121
01020023112110
00231300201311
32302200101211
01300200120311
12003020203011
22001101333011
22031303130021
12020221332100
10022100032130
11220231332001
12230213131010
02233110002123
11021301011130
00230110301131
31330022001221
10300202002121
22100030002131
30033122101211
11311003203102
11323100311310
22230003210023
32231200010123
31031203103022
11133001003122
00330012130121
32322032101012
10322002031012
23012133213001
11333231102031
01133223111310
11332313021101
01123301202130
31231301201110
23313110020331
33132102001311
03313211021201
22133310023301
13331320021203
01122023002013
01022232301201
01132213302102
11200033102101
21220300033101
23320111021032
13220211013301
10220221301130
21022000301230
11022202012330
01102200013113
02102200131021
12200332210210
01302003211310
02322100333101
03322201330131
03312001121021
00101200102121
02002001032111
22023300221011
30202030222101
33230330222110
23020013022110
10001133222120
20002031102111
23200312031011
23130231101301
31300120113101
31020013120111
21300013121011
23100021110133
21023203312010
20321002331200
31302001001132
33302001130122
33323010113120
33113201301130
00120002201313
01203222301310
02030222131120
32100233001211
30010200011212
11103120012230
13103302112220
33202002122210
32232031120210
11000320202231
13133200220231
03232113231011
30020112310311
00020132212120
31113302221013
30101310202310
31103123310130
12013022002330
20313220023210
21020321020033
21132002021230
20220200102103
20021233230101
02120130300112
02310302011130
01012012030113
01120121323100
01131103201203
01203320101202
21333100120122
20020332120111
10101130010123
32330311021130
31330112023110
10330210102111
10030112002311
02310233002111
10013010201320
13321022201320
13010300220113
32023003120120
12103332001113
11013033201013
12330102130013
33010001221023
21100100232220
31003002022112
01300201001222
20020100131102
31331012302210
23331013101013
00301213113101
20030031221101
13103301201102
10110312031102
01012000112203
10210320100132
11033211001132
10233312011320
33023211002213
30120320110131
00120311333111
20001001320121
22012000311201
11001333002232
11313200022320
13300200312202
00130100122112
23320110320230
10030001123012
30200011212012
30221013012102
11013230101230
13320331020121
10202220130123
10120020030132
10123020202130
13231031200131
11323103002032
11221030003213
11321103033210
10321110203220
13331022232210
31011301202103
31201130301230
32011120332201
21231032110013
30011220222013
10203120022013
01023110321013
02011100320213
00321002320222
30220102012013
33112130012013
10323310221103
32333021112210
33310221331021
33031221010133
03313120131102
03020103201113
23201133110113
12201010010333
31300132211120
03213332211120
03212301021102
00230002211122
31330002211131
01132002210123
00213030210113
00120202302031
03310010231012
20210010003112
00110030221121
33211010131120
33223013011031
01222303030131
00201330103111
22200103130112
00021321331130
22232033011102
20200133011130
32203133011021
32203010210202
32123303310111
31031021202130
01010221021032
10100233301112
00110223011132
01121010133301
01221002032310
11202020020323
13210001002133
02320102310203
32231000113201
22103122010032
11033100301121
11300230013111
02103220212003
11010312103301
33103012102013
13111300012231
31031300112111
11103332123021
01133030011211
31133320122210
32132010102220
31123310011131
33203110101131
31010020311302
01313200011331
31022310113301
31122110311033
32203110112013
30210011001213
20010011310113
21331201011031
21131000311131
22300031311130
00222000311133
30123000113021
13313300211121
03103303110121
33001232211301
11100201130213
02110201102023
02033102202122
30100011321130
10222002110333
03120022203023
01211300203023
01320230211021
00302030101122
03030110101312
00012100133022
12000131012013
01333032101311
20133300022121
20333010211202
03030323121011
00331331211131
01333121130231
30323331011121
01000130312111
10020210332011
22323022201013
00202102100231
10300312010231
00320200122023
00302022133011
20122303231001
10002322232011
10200031233011
11200310020331
10203111003331
10031022003131
13003001121310
00031011223013
00110201123210
31023201113210
10311301113210
31021030110211
10120330211012
03011203111032
13022003101131
10100300120322
01110100210332
30131030011122
02011003001232
31021103001133
13122003310302
13213232030103
10223133300132
31012303022021
02202110003312
00021010111321
00321101331311
03121003111311
00112103121310
30013021011311
30021002101221
32032100031211
30332301101311
23002321131011
23301200133011
23101103303111
23330200312111
32331203002211
30131302122011
30303012122101
23320001123101
00203010123110
31033230231110
00303101021231
00322303012111
30223323012110
30032023211201
30020032022121
03210202001213
32200020212103
22102230200123
01323203010221
32323010010221
33313030101221
33111223022301
23213330302201
11001313302301
01311013030231
03211123002231
10221033033101
00222031330211
10103023010221
10010223103202
10010100131211
30131013112110
31013010023111
10100231023120
10111000331230
10320003211211
13301030112111
02233012202031
03022233021230
10010133012230
00011133112113
03023102112022
00231023103210
00211200332021
00331101302221
01303023022111
03132103102211
20113211010331
00121311130331
30002303112210
11332001122013
01020331101221
22031033101211
20321121130023
03222001132203
01322201131033
00330311132113
01311313011033
01301033213011
01301002102221
00330023221311
30133221022102
00131220220332
32031032103110
13012133101120
02132131333110
03331021222031
13103030311201
32312130103111
02120231200223
03221203301220
12001223132010
13233031011022
22323303001211
20023320010132
12301320100222
21300110310213
32001110311303
12011201303310
10212301310310
23230103101310
30210300121131
33010013213110
31301021203111
31010310230311
31022202003312
20100300102311
12013301300231
33013130110223
00301313121202
13013301023201
00323301203211
10013220132301
00023211102312
00132221203311
01232133110311
10032330112310
33022002211311
00322202101321
10032021302120
00321220131113
10202110101313
00311301210313
13210110131310
31221031133302
31321032121030
23211103203103
33101110113012
12300011213301
31232001012310
11332031022202
03313310022212
00332133022112
12303002202211
23200021023011
32001212102310
32101121031031
31232002031120
13130001210313
30122300221220
20223300212021
00202300321121
11220203330113
01120031331210
31120001303211
13100012231210
33120001232201
11303302121210
21103003011311
03013031201311
01002331211301
01001001012133
10033021011123
11033032001222
10133102001133
02311010311202
01320101031230
20003220213310
10201012203311
20231022033301
11132100203311
13132003233011
03112220031231
32200231210301
33021003322111
12200310102203
13310012030212
33000123202311
30311201130131
10011031101321
00311310021321
10312230002321
11320130023103
13132101033103
00113102133111
00311332223111
11122300333103
11010230113103
31223002311013
32110132132010
23203010100223
10321301201022
10202131230130
30002123021113
31322120023310
13112221033130
33221331023110
13220033022301
01203303222101
10103320322301
10103321023103
11221033310131
31120003311331
13001210112330
12212330310201
22133031113011
12203000111321
02123130132110
03230203311201
13121000231022
10001100211322
12322001303103
12002011131330
32120212011330
01030201220132
31202012303301
13220022303110
12120032203103
11203132333110
02100122233012
00220220213012
00233222330112
02003200213120
00032031311122
30320011102212
31003220013112
31323221010313
00313223101221
11003120133111
13331210113311
11120020313102
11231000130132
02003133021211
00313331011232
20003330131112
33220331110222
31222331100233
02333121012303
02133011022231
02123202001023
13213132011301
11022032011203
30301020111231
30033021110322
10301020320122
10002203021312
20020320222130
11020300113112
11000100331132
23100311031120
32113330031121
00101332022113
12201103311301
20003310321202
22020313010230
02001020201222
22003332012022
30032030212022
12023020302022
33003200112123
10333011202121
21003311123301
22000321113311
11200323103310
11023213130301
31232133022101
12323300110231
10121300112023
30123120111303
00021202130313
03210312323011
31101322033011
22300031021022
03111013113022
12030131300221
32320011123021
32332021131301
13323322031031
33230220100312
33223012130102
23233312331110
01313302031112
13301011333111
02002111310313
02001021320311
30112001213012
01300223203012
11302200302213
11313320130221
13022333200213
13202232130301
20100010233012
22113302330130
23110013301220
23001323201310
30213031023101
23000130012212
02301012110123
01033212011313
10133101132120
10323001301221
32200021003122
31002022031022
31300223221021
32302233202101
02300200222112
12231220301032
31001213011132
30101303131021
23332012302301
10313301122032
10331131231021
12002031011132
31120130020322
01220300312031
01020021230122
11132032103012
13132202031131
13131300223310
20303313231110
01112130321301
00131311323130
20201012331101
00112013203112
21001110130332
03332010121132
23320200011133
21200201201033
20023213011033
20201200310133
22033002001132
22021000101123
20302202101113
03311230011312
03132022201331
10111011320133
11130213300331
11123020301231
11233222020133
13102331012310
12103001013113
21213023031101
31203101311330
20223330132101
13301302131201
33113021102321
21120030201301
21130131321001
11303132302012
12301003022012
23303112001321
21130130200132
32110300213111
30310030211311
33303220231311
33123202120311
22023220333110
22002023331120
22233100033112
30223302233110
30232103311103
31331113031311
32310133221011
02201020213021
03201200113131
32033310201123
13210030203120
13121123300313
03311033311131
10210203301311
10310101303131
03220102002331
12001020102321
11100301012333
10032010233021
13303231101122
13201033320112
10202101330321
30200120131121
11332102203032
11120311023130
11003110303212
02300222020322
11300223010332
20230221310033
10300201131132
31010311131113
31100103112113
11003230312031
13001223031311
13103022233111
10100221333021
10333112213012
10023122033120
02322312202310
12332300320121
12032023001321
20203230001231
22033001022302
23031101032301
00331112121333
00331100223312
10320322321101
10331030322211
10313213032021
11333203320212
30330221132211
10133033012112
10321022233031
01100212230133
11002322331310
32133132021310
23213013220031
02232200310331
22003311001233
02113013201230
01130323021103
21031100202113
11002200231331
12313223003220
23102000210132
10220100101332
10002311201213
03230311201212
13302110232012
10011132330123
00011102203323
10201132021302
00111011133213
33130113131013
31113001113133
30111232001313
01201110133113
00213133311203
02230332201121
10023323011331
02102003011133
10203032202112
12130003301132
02331101103323
33301011232310
30100113121022
10101230031321
11301333131310
11331203131301
01332022232301
12333133233110
12203331331130
32003313130121
30213332311021
10203303312211
32223020031311
32033132010212
33111312031320
33210210011313
33213200133210
30230303113111
30003313111312
32100010111322
11203323111023
31102023121013
30300111211213
03200011312113
13002203323111
12003231131301
22003230032201
20103211023201
32133202230211
12033201233101
00033112313121
00303331132121
00122301232103
00102031122031
03130231110323
10312301101123
12210230133011
32232233031012
10322323101302
20320123101012
10231231331102
23103321213110
21033301031211
22310320312101
23033110232111
32210323223001
00312131201113
11301211031331
13320121013033
10210123130203
10223103130231
31210313021013
00011233133311
00121330311331
20133012301302
00032121123103
00133211230232
10113312133012
21201133021103
31000112022131
10103330212131
20010321011231
21333221010232
13001133210231
11012130233031
30011211203331
10032112123310
31023230022311
23301203110221
11303010132121
23130102113301
22101002313020
22332303011230
22320001310312
22303001203012
20131030312021
23313001113112
21233301023012
21233032031012
21302000223102
20331310021113
12331310312201
01231230010233
02200122210313
32230213030211
02201303331211
02202323023011
22323213013101
21233201231020
32013122311103
20110330301122
22200303213101
11023132220320
13232130031120
33312301302121
22310310032021
22200120033120
21303312303101
22113003100313
32131133201113
01031020211213
20300112021303
22001320011333
32310310111213
00102333111313
21200331113210
21002302013210
21000232330211
22100330133110
12202030212310
11120010213313
01210002033121
20003011221133
20010200202132
23131020030231
21231310003133
31300201023211
30131002103213
10113002132203
00032231032131
10033130212212
10101033111233
10033012132102
02012122020133
20002022101332
02321112313301
10111022313331
31012213030331
30121021033311
31222033133111
22111300133103
12021112033103
13212130130113
13010223131113
13230310203113
33110002233311
00020122322310
21131221303301
33123110313311
31210303331112
30131233311301
03320112233111
01300102223121
03013232101132
00013332321211
02013320332111
30031230213210
00123033322121
00022031322012
30121023131012
30023202123102
32000120012332
12000301321032
33030101132022
13230112132020
32123222013031
02223112133310
12033012113331
22133300113131
32003301012231
21230033012031
21001301312201
20002312020321
21002100012231
01023100121331
20120021203120
00213131123012
23331030112202
01310121023131
30003122123131
32000312113102
22001012302131
03131322012131
21230211023031
23300022301231
23302230131310
22300300131321
10021300123121
31132321310320
21133210313201
02032120313311
33133312011312
31133311103132
33111001103122
30221201303022
20023203211311
20302123121020
13323203332111
23323200113023
23212001231013
33231330131113
20310123033111
20103223131130
23111323313101
00103232131211
01211020032131
21330233120211
30311003311221
22213300031203
01323323012103
02311331001223
23212311010133
00120101120332
20202020011232
02021232011331
02223010113133
20232221011303
12220210031133
20101122330131
33023132210131
21020102310231
32202130231031
03122213020313
20310201210123
01022320031123
12312310021230
23302011123120
20302101103121
02311022313310
22023203010213
32100223311310
12301100123302
20120101021133
23310220223103
13113332201230
13111303211330
13113003311133
02002100211233
32200131011232
12203130203102
32303231013201
13302133001132
12230333023111
20330130201213
20323132012201
20320100222311
32012010302203
22023133311131
22110002033113
01313322331021
30302223313102
01030033231121
22330302321210
00032202331221
12033323113211
11302021130312
11023330331122
02130331131102
23323131113103
03101301313112
30031011131132
03103130130222
03221301101332
02013023110212
02030122110322
03203112131022
01300031112132
20123222331301
20323232303111
32200200231023
30133131313201
13133231311330
03032202123201
30032203322102
12323313113012
10013313313131
01122313303331
21123033010133
23102223030113
11202303102113
10233203122103
10311320332210
10223301021033
10032220320331
13013323221031
22011020223330
30100111023321
33201031103321
03120312322030
31001011230222
31020100221123
11013000322032
22002010122013
30322101121320
23133223211013
03310322122210
22102210010233
22302123100213
22022011012330
20122121020330
23311131230113
22332210130133
21322130210023
22032203000232
20022003111213
23012003321113
12211023230330
21023301002321
23233100130213
30220011023133
20212200331330
02221200331132
23013201033131
23022322103031
13123221032301
23312022033031
32221203330331
12213002130331
12233023210302
22233113030331
22213100202033
20230200311302
21301233301311
21013131133311
02303001122122
02033131101232
32022123101313
31230121131033
22021301331300
22103233130310
10123001133313
20123200023312
01031023012312
00211013232120
20113133103211
03101331123211
22232120200313
20203012030231
21112330103113
33112332103211
32331321322101
23131210303210
13323101031321
23312010031123
20211233130130
12130123303210
13223330302112
23120231312100
11130033323211
12032302131031
00331211033122
02233322103313
03223132110213
23132123213300
32321012123300
20021101123303
22100033131122
20213100113312
23313301132310
11102313321130
12030132323011
02230232013113
02223020233013
03222003120323
33032311130312
13032220022132
23033111313022
12000233021331
01232233131113
02330333131221
02313032302121
00021331131212
02201233313120
32013133120131
01322233313210
02212103303113
02223323231021
31233122320201
03323123020231
10210003132121
31001013332121
03202203032211
22102030303201
33202120022231
11310332220133
31031032201313
21021312030320
23021313200132
21011311031230
11011313001323
13002031332102
23033200103212
22113000303212
01130001312312
30313110131212
30011013132202
02313323112311
02231310310312
22312032330012
22213132310302
12013130332012
21313033200321
01213233013031
00121302023331
02230322331311
01220132033130
11202320331033
12303320311331
03230131332111
02002123312201
13002302230321
13102103113120
01312331131022
02131231030133
01221203100322
02230331112203
02232300232211
02212330323210
32231302300212
02310013311123
32211013321103
13021203320032
22111201020333
22131131330201
03131203131320
13223312100322
13232311203021
13023102301302
13022323110312
13020023230220
33312210231302
01323122030312
31221330303121
31312310332011
32233233322011
30321323102013
02223323101133
32233030022232
30220202033211
33022320302231
01302302021133
03102322202213
00020221320322
31102202203331
11020001323331
21210003323301
11000102233231
11020021203133
33110331221311
30313232132111
31333213131112
33033132113113
33302312112103
00201202203212
00102330312212
32301330311122
33012321201022
33002332321112
33001133021122
33103113231112
31033312331131
31100331233012
31123021321103
11233132311230
10103211331320
32010321113230
31103321131220
02113033321032
02012332103202
23113021131330
20321120101333
03120022133131
02032022113203
12310331231012
32030230211132
12120310130312
10012103213311
00310211331331
11021001030332
02221133233311
03231131131331
30321110032133
13023030111222
00332333211322
00311003113123
00022120121323
11012003232130
22232213302130
22232003331022
31203200301222
33212300032221
01321233301123
20303201321103
21000201213230
20022311232030
13023201213113
30202021323021
10032022231133
13310233312130
00322022212313
01322033210132
22033223103121
11200323323021
20321322100312
31030022312032
02123020210312
22130123011331
20110231302131
20313313022311
03130013211231
22030201023130
23210020021231
21110202012303
21301322012203
22110202200323
22020102012032
22310110311032
03001102312321
21300032120320
21002333122311
00210321322102
03031210233113
00312023201323
21001201230321
02301030132022
00013301132322
03110011302322
23002013112301
01320203112331
23212313332101
30211310302302
30123131230112
01323012012023
32102020130132
21333012120312
32133003122112
21330031121230
12233032131113
20020021322201
20322011230133
22022330302311
02203131201203
01213303121123
02210303011322
30233232112203
13003323122013
23000311220313
13200111023313
10321021120313
10213323201123
32300022321302
02323013321130
23032133022120
20310203312220
01332131203221
02302131033121
02303130311232
01311133122330
11220023313033
00202003103222
23220323331031
30223001231122
00233000121223
00200210122322
02200012232022
13232100201223
20311203001223
20221023301033
21310203301302
23311233313012
30110232312310
11213033213210
31103313203220
10302021123230
33030111222123
33203112223103
31231311331320
32331213312310
30020121323113
30312121313310
30320122103313
31032022323210
30322332231131
03321012332120
13012111033202
13221310033203
12202011303202
13310311032220
10313123223120
33113103222031
11102113332031
11102233103123
02032213031203
20102310333211
21002131033113
20133010133113
22023311230312
10131310321231
01102103321033
11220103021203
02220003232131
22233032113120
23233302201320
31012003223112
21133103331220
12313003130123
11101013132330
12210131033320
30102100223131
23202002331130
31220302102213
33120332110313
31202031130221
32303122031220
32203332123013
31020103132201
03102200302232
31132030320221
31322130333211
13012032232021
11001003123221
30332033212113
13033230131213
32002033102213
23033133111212
22201003031123
32213131300123
21110313031303
22133133313103
21100331020332
21230031110332
12110300202133
00121121313133
01132131031313
02102210331303
02032013132121
32203011331331
32213321333031
32300213313121
03210023323131
02101011031333
02122203233113
22013032110133
22100313210213
31010301331231
01002002133213
22101313013033
12112023021033
13022232023131
33213133121210
10132230001332
30202220031322
32022133031123
20310312001332
23131031021132
20012001301322
22022231301302
30313012221123
13330323201213
02332122322130
30031213310222
30313201321022
03133232121220
03311233032122
03123103112230
13233123321300
13212013331330
02321211311333
30001311312321
02330211301312
03020212321231
30101201331133
33123203221113
33220232011132
33230103022122
23301100332122
13330031212122
21323301311132
33320111322131
31012013133013
33031112332021
33320211033221
33310323311202
30011233111322
10231121330313
02203121331033
00313003212213
13320032022113
31033213112213
31233031311321
30212133310321
33200311311322
20031103322022
01220311033220
22323033120202
23203011311202
22031130220230
32333131320231
20021322123013
31002112013313
31230332211203
31333132221133
31303113022213
33130323312211
32311330322012
20222131203313
02203321232311
02013300212313
20132313002213
03131033312122
20312333031221
12112133303231
31121113230313
00323220230223
31333012223211
12030130221312
32020123020312
32031112231320
10011222331332
33032231312301
23122021310230
03232021311023
00300322213123
13320223130132
13000322231122
13003212311303
12101300302331
22213003033231
22230103332103
13021133131133
20233302103123
12333211230213
23332231032103
20002300232123
10002120323213
20233323102212
01223102301323
11223202313130
01103213033221
11030321121313
01331301122133
03312313022133
02312011002333
21303201002133
21133303012233
13133313121203
13320313112203
23132303230220
03203130113123
22101030131203
12033221313303
13032212130203
33130222131133
00101201133231
00103220103322
01220022311332
32111323113303
31101322213320
13101311210333
10013102311333
31011123233103
11130220333133
10311233213113
20211100032313
32213201331313
03232312033131
33221202312103
33231223230121
00100011123232
30100202331212
02102020002322
01220010023332
03301132101323
20002312310233
22213023113033
20312323231103
11032230023312
13323222003332
10232023032311
12201130322103
12130200331203
22130110022133
02200220333212
22031230021303
20121032003123
23210323133020
22102133132003
32301123211023
32302312321310
20001023212203
23030320223311
03331311123313
03313121320123
33300201222313
20322230222303
32333201201222
23332003203221
20332230121321
20101031121320
02313101213203
20230100220323
22030100213313
32203132020331
32310333012221
22301131300322
22311010030332
22231010320132
32231303221321
03223210333221
32223023232210
03120301321213
22312031133113
03321303212202
31322032023120
32332202311320
33232200321220
31223130321202
13100021312231
32312233101123
20113210311133
21131103120333
12310213331033
12303121333120
12330322113133
23002022133023
32212121033133
13322122331133
13300110133322
23013113310312
21132203223310
13131203102331
32320131121303
20011302131312
22031012230032
21123023120303
12310231203311
32302300133112
32123232303130
03123012201322
11212203103320
12133220133220
20332031323201
22333131313220
11330211120323
11300022032123
13300322122331
33012211223313
33120121230123
23332202331213
22022301233210
12333230231122
31202202330213
12033223301223
31233233200123
22233232230133
32331023021331
12113133010232
31311313213331
13020001212321
33111212333131
11213210033231
23201333013231
32020210032312
30330100112322
30333020232221
10321201103233
13022311332131
10331023321032
02311120333133
32311020103132
11311330031233
30321130112331
32233012330221
32211233032131
31311103220223
33213302223121
32023002221322
01202332220332
03120212310333
30121320203132
11332331113223
01002210222333
31011022320333
31202233201312
32202023310332
31301232033102
13021221302133
13322130123331
31230010032231
33203103102312
31233310331212
32300321233113
31223203223021
22320321031023
22203330322213
13332232303212
13330222312023
33301213323112
33203021332221
13003130202223
10203123331331
00103312313202
31301033231022
11121003323202
33021322302022
30230210212123
30130222103222
30301231223121
03313010223321
33102122323102
03310221203231
03301211203222
10212303212013
33032022122312
33302322012312
13303320122122
11100232013232
21310023012330
22310130101322
13113023101223
11130200123223
12002031231203
02010033122132
01022031221313
13110302313312
33210021313022
23220003320212
23001012131322
32220303321123
31110200033232
32210100333132
12112030312302
33131122203332
10312221233313
23332220313312
31132003133312
03122013033212
00320302232312
20022301032312
00210203222123
11311303332123
13301312331123
30021311213312
33003233121321
31032120123302
13200323302212
23203220323021
32302223002223
30113323103312
20030212331032
33133023011232
22320102031333
21321033033112
33020322321133
13201103032331
22021022303313
12003102213213
12010021033233
20201220230331
03102221213320
01021320313302
03312322113032
20230021303132
30232223030232
23301222001333
31322022333021
10102302233132
13331220233231
12332123010323
10132123023313
01332123231312
03301223131222
10020132331312
10020032213232
02232122313032
01300323321132
20030133201322
00213332113323
11021333233313
10222031213023
01101021233321
02130012013332
32010102223032
30302102223212
33302022213221
03330211022322
00121332213032
30122200213123
02310023211332
32310002322213
02322321321331
13230010332132
01213022011233
31221222033203
01203313312331
22303323310132
02322022233120
01213321233130
33132020231222
32032032221331
33321223232113
33322312233201
32022312133130
10222330313312
11223320303332
31102133313032
12213301132303
13313221332330
13301223102233
11330102322033
12013211022033
32232313123113
12323032133121
10323133221213
03023132232102
01331332221223
23132230101233
02332231210332
03122332013321
00112312303223
02122321333132
00210232313022
13202323003122
01202310132321
30322123103221
03210131013213
01002131312023
10131323312033
00023013233221
10202032331220
03022101332032
12111013023332
02102301132032
20100221131323
30102313013122
22030313133123
31331222301323
21303222321230
03322103123122
23211031013023
20113001023223
13110210133213
10130213313213
13103130233321
21012233303213
23321002123220
10213330132212
10210023012323
10210200232302
20322021330322
01113323312132
21013321320132
22231001331231
22031000312322
00230120131232
22331203121023
30333121231232
12021311003232
20200032012123
31312010133122
13113103013322
21313000233123
10113312023231
00302302122232
23313020112223
23213032331123
23233103223131
22331321201333
22323301013331
23021300313132
02322002313322
23222011233320
13223020123032
23013130213320
13211033133313
02110321230213
22231120302203
22323310332120
21331123232003
01301120332312
12332220322203
02201132123303
12103311232033
12102032113023
21313020313321
13133223103132
10233203302232
23232331031302
12203221013332
20102020032133
03111023013233
30212130113220
01011220033233
31213120013023
01210133130323
13331013213132
13033113233312
32102202321203
33322100212233
33211303223013
13033103123213
31302321320203
32122200322133
31213120323131
12122203020233
32122022313133
33231220123203
02103322102332
33321021233132
01322133112323
33121330121322
01212003213322
32332032132122
20330031132312
03133012232212
30101202132032
30012020223221
10012320303222
30002210213222
30223210233320
30200122033222
33202013313222
30021112223023
10210002233323
13220002223312
13231220202333
13122122323330
13012012022331
32120223210323
11011232302203
12020112230323
10233212023023
21113112331333
23330213311332
30120313213221
11301132003322
23313002130322
03221232230321
32323132220312
33311312203212
32011131233321
32023202102331
01321130213332
32132231330321
12323132231330
12200132313132
20030123111223
30002232231323
12302333111332
23311323121033
13013223213332
10001223223331
11030023222123
03311031213232
12230112301233
13100213303222
22100212303023
21200301323113
12131032033213
32100322312303
23212312033303
02130012323220
21200010133323
31300022133322
22130032302223
12012233023023
12112300323132
32113130132203
12133200233313
21203211233313
02132321120333
32120302113203
12032203312313
01203201132230
01213001222313
21321302213303
31101001221333
32131302323113
10110132232313
23211202033320
33211012033223
31011203222320
32210200312330
03210332023122
10322103212330
10312030321332
00012210132233
02221021323302
02201301323331
21121021323330
00012120323332
21210300321333
32112130331023
11233023002322
22330001323222
02323113023321
23233011223301
20103200212233
10320301222133
22301322130331
32202331213220
22031310133202
22120313021332
23131333232121
03202321202322
12131333133122
01123133213123
02110133121333
32023323311032
30122103301332
32013013302122
21202330113322
01032330132223
11313131132023
11103032102223
30221203131233
02320323122302
32111003232032
31000332111232
31020133212321
10130212232320
11103032232331
13130022023233
13200100122233
31120010132223
03320021322233
03311223322023
11133233322023
11323233033202
02233233120313
22311322323130
20113222023133
03220223202133
02023220322132
02301332231212
13133133232231
00230213213320
30210021321333
33212203023312
32302123133202
31213022303312
21311323230312
23101231230022
20133122233210
20221320123330
10322020233222
10331330123322
20220330120232
23032031222032
10320011223322
23220102233022
21203002333212
13230310023222
11231100232323
02112023232313
02010130023222
10221030320223
12011003032223
21201230313023
11031320313223
30303201132223
20222303302123
00011320232323
00122123023232
13201331023322
22331231033312
02033123203213
10203120202322
12322300203232
32233102232312
22030332132212
20100123232113
21032333230123
21022322302133
02133132333231
20311312312331
01233223022232
23013202320213
33131223213220
13312320312232
00212131320232
20103301121332
01032013230322
10302301312322
01102130022323
13200131323220
12100201322233
31200111233233
22232001103233
02001221223033
31012210233230
13123220223320
03113233231232
01313213232223
31100223233222
22200201233322
31031223313332
12031332203222
20220232320320
13013113332321
02232133302331
00223230221332
33203232102232
02303123202232
00010231232232
01230002312223
32123301032123
32132032210233
12320020223233
22312000222323
20103132231123
21001232203123
31002223323321
22202322333231
23302113233211
31123220123023
33112003233223
33111010222333
23131110102323
23120121023203
23133131202322
32313021013223
01113012132323
32101103233201
31221002320231
31221300133222
31123002332312
31122330222330
01121310332232
13012103331223
23202113202313
31131103223230
31203312121323
23031221203213
23012020332302
22020332231230
22320033022312
21301013322231
21301012023033
21020120332330
22011103132330
21030122023232
10330111332332
23123203302321
33122233302213
22003120123233
01232012123323
12132033320322
21002032312132
13011232233213
20212113023203
23203023023202
12301032333222
23223003222302
21103123233302
21330131333202
22031021133322
32223221103323
32322203133231
20033132332122
20230123323311
23221013323310
23223230022330
22003022323321
22113332230321
02033232233312
03011332322322
22021033132321
30031210113323
20310132132031
20303132113232
22303102122033
32003031133222
23212330231133
23031203221312
22231201322330
23133201323331
30320233133212
01312231233233
01022332113233
33021231113233
23232023022033
22123023002231
23230333102223
20210133202331
32221333202223
03201313032232
20133222302231
03233212312231
23032131120223
13023211323323
21032310223332
33103012322322
21103311332132
21103313230231
23021033121203
33221031222023
21112300223033
13201233223230
32121113022333
32101320323332
12231321032133
32120032122033
31210232322133
20312123002333
10121231321333
31013133222332
22210123313332
22113331303332
33132313223222
33032110332232
33320233321232
30012303211232
33023033213122
33230331123312
33021302112332
31231330220232
12323012323231
32213323231332
31223031232032
33122323130232
23312313123332
21302331223022
23230232231322
33133212133232
22130323332322
10302330223223
22000132323302
23302213032322
30022331321223
00223113123233
02201203123223
20130302022332
21112320033323
32321320320321
20223132203032
22313323233221
21002033323222
21202133033230
10223323223203
02233312223233
13233012002233
01123233102233
30123123312202
01212303322303
30123033120223
21231321312303
22322210323332
22012321331332
32212023323202
21010031223233
32322133322330
20312330232320
23221230233223
32022002202233
02220322032333
20022020322333
10310332323232
10202232012233
22032133211333
20012332313322
21011130133223
22000113322033
21131303133232
20012131233230
20021323332032
22023323322023
21223332313232
33013321222133
13232233213223
30233223323231
32120033223231
32030213202323
32312333133220
32131123331323
32031120233232
32103233233213
30313231221233
32132010232332
02110231332320
23123331222313
11332331223331
21033023122331
31232233223032
23323323132131
01022023123332
31022301322333
21101213323133
21003113122320
21033201223223
33210232213123
23010212312133
32321021330233
22101013302323
23321023032332
22311133321332
23100303223322
32232013232203
32311320122330
32311302230323
33321132022323
31202302212333
12302021322332
12313103232332
33220313132323
11313013212333
12303313322133
23323012022232
32123233002332
21232333222320
21233232132330
02302333212231
30111332123233
20023233131231
21232013013232
22332133232032
23303131322022
32312032123332
32013022233023
02223132233223
22312233312203
32023103112223
20113213332303
12022323233322
31233131323022
31021312333223
20203223222323
20020310322321
20233211312332
22032231332232
23023212232303
00323212232331
20021303212230
03230131222332
31320211232323
23310211132333
21313321303233
02211233230233
32031322232213
20120113103223
23331232113223
22231313232323
32333223223323
31322323323133
31132201132333
21332302322323
20231332122333
20211130312233
23010031312223
21331133302233
23313102232133
23302132322303
33101230232323
30332220132323
03102312122333
