--- Configuration ---
Max Run:			3
Min GC Content:			0.3
Max GC Content:			0.7
Code Length:			10
Min Codebook Edit Distance:	4
Generation Method:		Custom Method 2
Custom2 Code parameter remainder:	0
Number of Candidates:		5972
Number of Ones in Matrix:	349802
Number of Code Words:		485
--- Performance Metrics ---
Number of Threads:		32
Candidate Generation Time:	0.02	seconds
Fill Adjacency List Time:	0.23	seconds
Process Matrix Time:		0.73	seconds
Overall Execution Time:		1.01	seconds
=========================================== 
2223303331
1333033222
3313322212
3313331122
3233303122
3331321222
3033312322
3133023322
3322330222
3332220322
3312033322
3330331321
3033133312
2330313322
3313313302
3331133221
3332333011
3323303113
3332311123
3132333220
3323213122
3332302132
3332221213
1332303331
0333232321
3032233321
3332211331
3332122231
3320231332
2330322232
3323122321
3320232223
3311232232
3322031233
3322120333
3232103332
3302233132
3122233312
3323221303
3231222133
2122233133
2332331212
2312323222
3232232302
3221313322
3222303223
3112223233
3321323311
3221322232
2221223233
3312133033
3323113330
3212313331
1231330333
3313330231
3230313232
3222132313
3231213223
3212331232
3213231223
0313332223
3223023313
2231233312
2232133222
1213233313
1230333223
1332331033
3233231032
3203233231
2223231322
2323331221
1322332231
1320333133
1332313213
3321131323
2211333133
2322133213
2302231333
2202332332
2220332233
2232232123
0123232333
1303232332
1133213332
3123320332
0233222332
2331213232
2321233303
1312232323
2123123323
3113332303
3132313033
3131331313
0313323313
3131232331
3111323323
3231302323
2331303223
2130332323
3303312133
1333123132
3213321133
2133313303
2313213331
1223332330
2323032313
2233323211
2333231203
0331323133
2323131133
0333113233
2233302133
2233213033
2313322033
2233122313
1133312233
0211133000
0002111330
1121113001
0033111200
0131113100
0001033220
3001113200
1003111211
0002112221
0002022230
2001112130
1011211130
0103112111
0311121101
0031110320
1011122030
0001220330
0001110233
0221120300
0011231300
0201112310
0003212300
0100113230
0020012330
0030011132
1000113302
0030121310
0100023320
0110213300
1112113010
0002233010
0022322000
0033022100
0001311131
1001133110
3000312110
0021131120
0023311010
0121223000
0211222100
0210112220
0210121130
0030211301
0022201130
0003320111
0002211203
0232211000
1032011300
0022113002
0013211102
0003321002
0201131102
0021132011
0201011123
0020112122
2022011120
2002111022
0002031302
2002213100
2003113010
2002011311
2103311000
0202312100
0012131210
0203203100
0202013111
0002103311
2030013110
0230031110
1100311130
0032310110
0032230001
0012021113
0001222112
0022210121
0103211012
0002130122
1300011122
3000103112
0001231022
2000311202
0003012212
2000221211
1010311220
2200031300
0110231120
0101313020
0023110031
0121110311
0321110102
0113110103
0303110201
0003102203
0013120301
0120121301
0200101331
1000121321
0102131201
1000131203
0001302302
0111301130
0010222022
0011032103
0012101303
0200110322
0310011302
0301221200
0013201220
0013031201
0020013221
0300211031
0321011201
1022121200
2001330200
1001223020
3001212101
0300022301
2301211010
0302202110
0312002300
0111202310
0122212010
0323012000
0113220200
0031201202
2032120100
0233200010
0222003200
0220312001
0023002301
0110022203
1000220222
3011012210
3010023200
3121101110
0111011213
0211021202
0200321021
0211003301
1002130301
0221001131
1021101311
0210022310
1001102231
3001100222
0032002211
1300122110
1300032200
1030012202
3030001121
1130111210
0200022032
0200230220
3201210110
3023001200
0023200103
0302310002
0330002120
0301003211
0302011013
2130211100
0302203001
0012003131
0022000232
3000210032
0102101132
1002101123
3020111021
2010001133
2021031101
2030102210
0021020213
3000202013
0030020123
0203100212
2003100113
2003010122
1033010111
1022301101
0222021020
3002300012
0102302030
0101102321
0101022131
2022020111
0201230003
3101231000
0301120013
2031110012
0013000322
0220200122
0311300111
0100203221
0012320021
0310310210
0312102011
1011203111
1011130211
3010220111
2010202112
2001203012
2100013211
0122001311
0120301121
0212002112
2011002311
2201030111
2010322010
2010121031
2001130031
2000303021
2201110301
2020021013
0211120022
0231021011
3301101011
0132120011
3022120001
2011222001
2300110121
3012100121
1013110013
1020212012
0210131012
1011310112
0110313011
1010133101
1300123001
1200330110
1033100102
1031000321
2201201021
2023001021
1201320011
0121300013
1011300230
2011021022
0302002022
2020320002
0210220031
1012210022
0312200102
0321100220
2331101000
1311011021
0113100221
0230301002
3003020021
2200221002
2311003100
1311100202
0110030222
0101030312
0123103010
2012103200
2221012100
2011010330
2111200301
0103200320
1101210230
2021102300
2023000130
2001002033
2212200110
2011030013
1230002111
0320200310
1020201320
1331001110
3110101211
3100122011
1101120320
1203110030
3300120020
3002103020
2320010300
2300020130
2220113000
3120112100
3020102030
2310201200
2310130001
2302200020
3102220010
1302100130
1300101032
1032200030
2113210010
2213011001
2130100112
2130122000
2032010003
0133020002
2122210001
2220010031
2200301030
2210020301
3202102001
2231000210
2102000303
0213030020
2113000202
2100330101
3210300011
2220002012
3021101003
3220003001
0120101033
1230110003
2112011030
1020310103
1102321001
2120102201
2100032003
2100210203
2110110023
2110010312
1210001330
1221010220
1322010110
1201301300
1131010310
1212003020
1120220300
1231022000
1223020010
1113102020
1103202200
2110130210
1112031200
1102112003
1110023030
1210102013
1013020103
1120002230
2112002120
2121001220
1110301103
1112100113
1202001203
1101001232
1100021213
1320020003
1120020131
2303002001
1130120201
3131000120
1123300100
1131102002
3101022002
2121003002
3212010002
3200101202
3210001022
3110021102
1121010032
1020033002
1013003012
1010031023
1222000121
1200023102
1320002021
1130300021
1102030031
1102201022
1132001102
1300301201
1100303111
1310200211
