--- Configuration ---
Max Run:			3
Min GC Content:			0.3
Max GC Content:			0.7
Code Length:			10
Min Codebook Edit Distance:	3
Generation Method:		Linear Code
Min Candidate Hamming Distance:	2
Number of Candidates:		202768
Number of Ones in Matrix:	31696384
Number of Code Words:		7347
--- Performance Metrics ---
Number of Threads:		16
Candidate Generation Time:	0.66	seconds
Fill Adjacency List Time:	359.94	seconds
Process Matrix Time:		73.17	seconds
Overall Execution Time:		433.81	seconds
=========================================== 
1000111000
2000222000
3000222111
1000222333
2333222333
0333222111
1333222000
3111222000
0111222333
1333111333
2333111000
2000111333
3000111222
0333111222
0222111333
3222111000
2333112223
2000112220
3000122200
0002022200
0001011100
3000211100
1000221110
1333221113
1333111210
1000111213
1100011101
1000211131
1000110111
1000311103
3000111310
1000131112
2000111201
1000112102
0100011122
1000101133
1000113130
1010101110
1001011132
1000101221
1100011220
1002011120
1001112200
0001112120
0001122000
1010111230
0003111200
2001113000
0011101000
1000110320
1100111331
1001100100
1010010100
1001010001
3000101120
0100010110
1101110010
1100101011
0010111011
1110011010
1110110001
0110100010
0110001100
0101101101
1101000111
0011000101
0111010011
1011001011
1100011033
1001110033
3001110020
3001011121
0001101122
0010111202
0032111000
0001110230
0001113301
0020111300
0001131002
2000131100
1001131120
0001113112
1000101302
1001101330
1100110132
1002111332
1001110312
1000211012
1100011312
1000121311
1001211310
1001113021
0002111021
1002121100
1003112110
1100112310
3001121110
0001121131
3001112101
1001121013
3000112133
3001112330
1300011211
1100012113
3000113011
3100111030
1000131031
0001311211
0001021112
0003011131
0010011133
0003131110
0200011130
1200011300
1330011100
0300111031
0300112100
0030011120
1020001112
1003001113
1303011133
1100031130
1300013110
3300011132
1300111232
1000122231
1001102131
1300011002
1300010131
1300121101
3000121001
1300113001
1300110103
1301110300
1300211330
1300112033
3300111203
3300110110
0200111003
0100011203
0030111233
3010111003
3301110001
2000110002
0001101203
3010001113
1330111011
1310111310
1302111010
2200111010
3330111002
0030121100
0300101102
0300211133
0120011131
0310111333
1200110030
1201110002
1000100022
1001103002
1001210102
2001110131
3001101301
3003111331
3001113032
3001311001
3001011013
0013111030
2010111020
2001011030
2003110100
2001101021
2100110120
2000101013
2000301110
3031110100
1031211100
0030311101
1003011301
0003211001
1001301121
0001331101
0301131100
1301311101
1001313100
0100131103
0011311131
0010131130
0010113103
1001311333
1010110303
0012111301
0101113030
0101112103
1010121103
1101311130
0103311100
1303101100
0333211100
0012211100
1102111300
0002101130
1002011003
0003110113
3001131133
3301110133
3001100113
3300121130
0200121110
2000121132
1101121030
1001321000
3302111333
3300131113
3000321113
0003111323
2003311130
1003311010
1103111013
1101110203
1003211033
0002211330
0100211300
2002111320
0002110310
2003211300
1010311300
0003211122
2000113122
2000211123
1200111323
0203111330
0103110130
0110011330
0303111302
2200111302
0031113010
0333111013
0301110013
0100110313
1101101313
1101112333
1011011331
3011101131
0101101033
0010110331
2001011311
0011103130
1031113330
0031113133
1003112303
0031110031
1203111001
3102111001
1013111002
3101110102
2001010112
3010110112
2003111312
1030111322
1010011022
1010113012
0010110023
0101110022
2300111022
3303111020
0030110102
1001001023
1301011021
1300101020
0030112001
1010112031
1002112001
1011121300
0131110003
0201311000
0310110002
0103112000
0100311002
0110111032
0112111003
0011211002
0210011102
2130111001
2102011100
2100011021
3100101002
2101011002
0001012002
2100101300
2002101000
2300101001
3310101100
3101131000
3100110200
1130111200
3110311000
1123111000
1313011000
1331101000
2011311100
3011011300
3103111303
3110111301
2100113101
0120111013
0100112012
0020011002
0011011312
3011010002
0011100032
0021110012
1031101102
3003311102
3003112002
3003121103
2003112030
1011311013
3003110132
1200311011
1100131201
1200110201
1000132010
1000210200
0101121200
0100101230
0102011030
0102111233
0100121333
2101101130
2100113330
2100012000
1101212000
1100122100
2110011200
0210113000
0001130201
0201112001
2021110001
0011120102
3001121202
0002112202
0002112033
0021110333
1020011333
2001112023
0001212011
1001212133
1202111033
1202110100
1221011000
2200010100
0121211000
1012011200
1201101103
0200201100
2002211002
0002221102
0002311302
0002010102
3302211000
2302111200
2200211200
2022111003
3313111300
0010221000
1100231000
1100102030
1101010330
0100131020
2100112203
1001122302
2103111230
1000221202
2030211102
2010211001
2300211003
2020111032
2031011101
1001021201
1001120210
2001121230
0011210030
2001201101
0001202100
1110211003
1011021002
2101210100
3010120100
2121101000
1311011103
0011031103
0020101103
0020112110
0311011030
2311011001
0301011301
0110101303
1011013003
1310101003
1301101201
1002101210
2001102110
0010211210
2011001102
0110211020
0310311001
0010011221
1001001212
0201011012
2110110103
3110112010
1031011210
2001001200
0012012000
0010312100
0012110120
0022111230
0021011201
0020311010
0020131001
0020210100
0021301100
0010301102
0010101320
0011201120
0002013110
0200101121
0301110121
0020110121
0202011101
2030011010
2000210010
3020110010
0011131210
0010102200
0011001230
0030101210
2002112103
2001311220
0021112203
0011122230
0011012210
0001102211
0003112221
3001112213
0001010321
0003101311
0030011311
0011102113
3001210111
3100211011
1001013211
0001012233
0001211223
0021211133
0002121303
0021311330
0010311332
0001032110
0011121332
0013121101
0212101100
3121011100
1201012100
1210021100
2010021110
3002001110
3110011120
1301001130
1202001000
0220101000
0221110100
0021102101
3031311103
0033112103
0020311203
1031113101
0111311103
0111011023
0302311103
0003122130
0002122113
0030212200
2030112300
2201112300
0101102300
3230111300
0002212210
0001231010
2101311010
3010131010
0301101310
0103011310
0330111320
0130110020
2023311000
0223111002
0210121001
0101012201
0120101120
0100221101
0100210103
1010022000
1011012020
2011031000
2011010120
1200103100
1030102100
1002002100
1020031100
2220311100
0200012010
2220112000
0002120001
3002121030
3002113200
3002011230
2002221010
0102121010
1022011010
1100201102
0102101113
0013101013
0010012013
0101120113
0120021000
0021221200
0021100200
0202212100
3022112100
0011310200
0002231200
0102010200
0002001201
0122011001
0220011011
0303011011
3002211201
0113110300
0011313001
0101311021
0101321110
0013301110
0033211310
0013021010
0011310112
1012311001
1022101001
0011102021
0100100202
0100212220
0120110210
0111010220
0110113201
0110132000
1110113020
1010213000
1011133000
0102103100
1112131000
1120113100
3112110100
1022211300
1021010300
0111013300
1030211303
0022213000
0022011303
0202113300
0012113330
2022110200
2002312000
0022112020
1022122000
2021212000
1011220100
0111231100
0112113010
0110121310
0111022100
2011100300
2001102202
0001120222
0001020120
0201100020
0001123320
3001221300
3021113300
0011222020
0311121010
0031121220
0031121011
0031112022
2003121120
1003211220
0003212020
3001212003
0011222103
0001221033
0013211303
1032111203
0023111213
0022211013
0012311033
3002311020
0013311320
0031311122
0001301012
0033311012
0003121032
0033121112
0231101110
0003100121
0001313022
0301011222
0030113220
3310111220
0300311220
0100113222
0200113111
0301012111
0013113111
3003113120
0302113020
0201110223
0001102323
0003321210
0101201210
0030112212
0200112213
0101010212
2110102100
0200100113
0202110011
0002210203
0002310220
0001302220
0021210220
2202110020
0202011220
0020221120
0302121120
0032221110
0002331120
0002312112
0002212131
2001312102
0031212102
0200121202
0020101222
0022101033
0211010003
0022100010
0002200110
3002220100
3002221220
3100121220
0022201210
0002012320
0012021220
0010002120
0012001112
0022011132
0012100103
0032110111
3032111210
0032112223
0021001310
1021001120
3021011220
0200113230
0201113202
0201211230
0201131220
3200111231
0100211232
0231112200
0200312200
1021013110
3301311200
3301211120
2002201120
1033311200
1033110001
3201001100
3011002100
1201031110
2010012101
2200121103
3012121200
3011021101
0012122002
3012111032
0012113022
0120122200
0220112103
0022113102
0122113200
0022120300
0120130100
0200310101
0200012221
0100010231
0020001021
0020122102
0020112231
0301112231
2301112130
2300112113
0102211023
0102310010
0322311000
3003011022
0003010211
0200211022
0210001020
2200101220
2300110230
0030211023
0023121003
0023231100
0032131103
1131131100
3020131200
1002131202
3020321100
3010311122
3000312120
3030112020
0100031210
0100312111
0033312110
0230112120
0210102110
0021102330
1020012220
0001322121
0010122123
1030112123
2000311212
0003012123
0300113123
0300121221
0002321222
0023311222
0301121022
0300110322
3301121003
0331112113
0011312123
0001312313
0002322010
0001022023
0010212022
0020212003
0110212001
0010202010
0010120211
0013110222
0003102022
0300122020
0300012022
0102212002
0300221002
0302211012
0100022001
0100020102
0002220013
0012210011
0111220010
0011020013
0011230001
0022310002
0013010021
0001223002
0021220003
0020122030
3000122013
0033122010
0010021031
0022021030
0222021100
0320211030
0202132000
0230122000
3200221000
0100222030
0301212030
0202210030
1002213030
3100021010
3320121000
3201211002
3020113002
3000123102
3200113020
0110013002
3100113302
0121010030
0021013230
0021032200
0110020200
0101002130
0010212330
0011223300
0111203000
0012103001
0011123033
0011231330
3010121330
2210111330
2001210330
0001132331
0031122333
0031322100
0112221300
0112301000
0212311200
3011211230
3112111330
2012211030
0001200131
0001031232
0301311032
0110112233
1010120030
0100120301
1012001030
1002201011
0002201313
0030121313
1002100013
1002212013
1002110223
0002201032
0031201001
0331221000
3021231000
0002031011
0010201301
0011221313
0110021113
0301221113
0012231003
0010031012
0010100312
0201100301
0201010310
0021212310
1001002310
1021102010
1001200020
0222010300
0321010001
0023010101
0220110330
0230111312
0322111310
0331211210
0333113110
0031211231
0012101232
0032121201
0301221201
0312110101
0131310100
3002100101
0121010102
0321212100
0323011200
0221210002
0220110202
3021110202
1002221301
1000213302
0010221132
0221011320
3022101300
0303112310
0013112312
0331121102
1301121133
0113011012
0033011202
0003001222
0011301222
3011311202
3001013202
0013021122
0003022102
0013212113
3031012200
3013122000
1211102000
0211212300
0210112302
0120112320
0130112303
2001012303
0001023011
2011122003
2011022200
0201123003
0211221003
0211201010
1031122103
3001022103
3201122100
3311221100
0311211320
0311201101
0121120001
0321112002
0031102302
0022112332
3331211101
3001221012
1301222100
0103122210
2003122101
2001120011
0113101210
3011102220
0231211103
1301211203
1301210110
1301012220
1201113320
1301121320
1023111320
3012211310
2300121210
2300102200
1300212210
3302112220
3002110212
3300112211
3000100211
2100122002
2200123000
2031121002
1030121033
2000321002
2000221021
2002120102
1200212020
3002102020
1002232000
3002212022
1001012322
0001222322
2001210022
0021120123
0031021133
0031120203
3331011130
3031011032
2031110220
0332110200
0013213200
0322102000
0313112003
0311121203
0013012203
0303122001
0333122200
0311222001
2032122200
1332112100
0300122233
0300212013
0300132210
0301102133
0321123000
0021123201
1031122020
2131122000
2101102001
0101122032
3010102001
1101123001
1101013102
2301122203
0101222013
1101022010
1001022213
2301122010
3301112012
3301101230
0321101220
0323112220
3001132112
0031132130
1300120010
1020120110
1002020010
0201221310
0200220200
0201022210
0202120210
3000220210
0211100210
3021022000
2202102100
3310212000
2312112000
2301212001
2032112010
2021123100
3120211200
1100120003
1002123003
0002130022
0302110032
1302121002
2013212100
1330121300
1002021022
3000201022
1000223020
3032110002
0032210020
0022301020
0030021022
3030221010
0030022210
0100022212
0100123203
0220013200
2102120200
1101100220
1002120330
1021213200
2101132200
0121312200
2201231100
0202231110
0220211310
0020211321
0210211203
0231211020
1232211000
1201201001
2102121003
1102021001
2002221203
2000120203
0202122203
2001213201
2001320200
0023322200
0023012130
1000132203
1100132220
1010212203
1011123203
1011003200
1013221200
1203121200
1300123200
3102211103
1320221100
2012201200
3012202000
3011200010
0012202102
2010200100
3032201100
0213221100
0232221200
0030201202
2213211000
2013111203
3010212102
2030011203
2231011200
0331011203
0131001200
1110201200
1310100200
0320201200
2032021000
0100301201
0303311201
0223212200
1313112200
2331212200
2301013200
2300011320
0322011120
0322211203
0332011002
0013321002
0011322201
0111321001
1011102301
1010002103
0022312101
1010310002
2011220002
2220011020
3020021020
3301113310
3011121023
0010321023
0031131023
0203123100
0201321102
0211003100
0101300102
0301310202
0310010201
0320010220
0302100220
0022123220
3010010210
3003012210
2030122110
2002012201
2003010220
2203011120
2001013320
2200022110
2000220130
0200022103
0130221003
0111002003
0101022303
0010022302
2010121302
0020221333
0012221233
0110221230
0033221203
0033102120
0102312120
2033101200
3032221003
0303212203
0310321200
0010331220
0010321212
0021021213
0220021210
0110001212
0320011212
0102001121
0122001110
0310100120
0312001010
0310031110
0300021123
0320011023
3321011003
0321021300
0320001101
0300213102
1303211102
0321311102
0021031122
0111001132
0101000123
0310010113
0101031013
0121031101
0101013121
0103211213
0103221120
1103021110
0110331010
0003223110
1000223103
1000200113
3010121213
3000221233
0200221223
0020022121
3020012103
3012001001
0211001201
0222001003
2020021003
2021011023
3021102003
0030222133
0202221133
1100221133
0210121133
0210012123
0022201131
0310222110
0310012230
0030012132
0001302132
0313311130
0303210120
0330211121
0300202120
0302212123
3303221200
3002022001
0002021331
0200021320
0030222320
2303012100
2003031102
2101012230
0112122030
0032120130
0333121133
0121223100
0121121330
3102212010
3200212110
0202210113
2010001222
2001002122
2301021120
2300311121
0033201113
3033211133
3331101103
0303101213
0101220220
2010210220
0103202200
0133012200
1103001200
1201000200
0201203200
0211002220
1010202220
1010301020
1100020020
3101221020
0010200021
0103021230
2020301200
0013231020
2030221220
0200120023
0121022020
0313012020
0331120020
0331222120
1000321230
1300021203
3000212301
0002202301
0301202002
0301223010
0302122330
0022310130
0022322120
2020102120
0220120120
0121020110
0201020111
0210020010
0012232110
3031212110
3022210110
1320112020
2103211020
2102021020
2111001020
0100023220
1101223200
2001223220
2200122230
2003232200
2003022203
0302202010
0320022010
1020222010
0020020011
1010221320
1021221030
1020212130
1030231200
2002023100
1031223000
1001202303
1001023230
1003021320
1003231130
0230213100
0302213001
0002313201
1102312200
0132312000
0322120110
0020123310
0101312330
1101301300
0101310301
1301301010
3102321000
2202221300
3330222100
1033022100
3033021110
0320222300
0220222020
0202002020
0200222011
2022002000
0020002202
2220022200
1020023200
1020220300
1220120200
1302021300
0201020203
0231120300
0020010232
0023020210
1020010211
0020022233
0010020223
1000202023
0021022012
0021302002
0012022021
0202021021
0021321021
0002123121
2002321101
0203201020
0202223120
0320212202
0332212300
0022232300
0002123233
0002002213
0031010223
0032021013
0203021002
0212201002
0023201002
0022202011
0002232023
0211022002
2112022000
0201210303
0331201130
0131212130
3102112130
1110012130
3010022130
3100223100
3132121100
3101123300
3133211000
1011010213
1311001300
1100022330
1110222300
1110102002
0110202202
0213202000
0203222003
0022322003
0312021003
3202101003
0311213003
0332211033
0301201023
0311302200
0312013200
0312102210
0312101330
3002312203
3000232220
3003202110
1001232210
1001200211
2001210213
0002133210
0032031210
0032102310
0032012211
0332012010
3302011310
0130002110
0222012203
0212011032
0212012130
2200102003
2110001003
0022010221
0022032001
0020013213
0012113213
2020112013
3020112223
0200321013
1020002001
1001302001
1200322000
1010332200
1033120200
0013120320
0133131200
1200022201
1030001201
0113322000
0333212002
0003220021
1000220221
0033220220
0033210201
0233111201
0310220020
0012203020
1012220020
3012210003
3002210031
0212220001
0012223101
0003232101
1000230101
1003100201
0031022301
0003120231
0003222313
0203220010
0003202223
1003201203
3010201203
2000200202
2030120020
2010020001
0320220001
1210012001
0202013002
3200012002
3202100200
0202323200
0202023010
3102100010
3100103110
2031100010
0311310010
2013010010
0021310023
3002131013
3023211101
0220310020
0210010031
0230101203
0311012303
3011120303
0311120330
0011013323
3010123020
3032120010
0200313120
0003213012
1003010012
1003202002
1000123032
0120331200
0120310001
2000312310
2000202211
1010002211
1010013310
1210210010
3002021211
0013022211
2023121010
0021323010
0023221011
1003222011
1001220123
1011100123
3003221023
3020101023
0120201011
0102221031
0100221312
0120202210
1120001210
1122010100
1022210103
2002200103
2202212003
2002010023
2001030101
0030200111
0301200011
0201300110
0111302110
0013202130
0113200100
0122201103
0322010103
0302223103
0021203103
3001223203
0001203213
3001313210
0221202001
0310220103
1300231103
0200201212
0202202202
1202102002
2002122032
0011220231
0010230202
0023223020
3010231002
3030222002
0030220012
0130010012
0031000112
0002220332
1003220310
0013222033
0110022033
0002003122
0022100122
0023200120
0022202123
0302220230
0031223230
0022023203
0013220112
2003201112
2001202012
2003012013
2002032010
0002030212
2002113012
3002130120
3001203120
0031230120
0031200022
0031202121
0023301201
0021300011
0021200212
0211200202
1021200101
1013201101
1220010101
2020220101
2201220001
0121210203
0321200020
0111300020
0011200323
2011321020
3201220110
0202131201
0020213112
2020113210
2031201210
3031201020
3021101011
3021201201
2020012021
2000123211
0022123011
0302210211
0102100211
0222100201
0222131010
3032211011
3002112311
0320121012
0322021011
3022011021
3220211001
0102202021
0132122001
0112002101
2021020201
2021002210
2100220201
0100320011
2003001011
2023011012
1202311002
0222321002
0130202020
1320202000
1202021103
1321102200
3211201200
2203011003
2010312003
1301022003
2010022012
1010321011
2010002230
0011023212
0311022113
2010221013
3110210110
2031210003
2000222312
2201010011
2200112031
3111213200
3011321210
3002200012
3000210312
1013002010
0221101023
0210010222
2030010022
0222020220
2022020110
2230201000
2200200020
2210021002
2200021030
2202022002
0202220022
2300010202
2201032000
2021021130
0021002133
2100021303
2200011213
2013021300
2023001020
2002022330
2020201030
0202022033
0020232230
0220132220
0110233200
0202302001
0113020001
0203110212
0203102103
0201202113
0202002112
0220001122
0232002100
0232201101
0220321101
0200232203
0231011033
3201011303
3101013001
3111210001
3211101001
0112101031
0110201131
0011203111
3001003111
0020003111
0023001123
0223201110
0020232111
2001022131
0020102313
2011103101
2100010301
2200010032
2100130010
2100020111
0022131223
0022231022
0122131002
0022021322
0032211322
2002001302
0200222132
2300222102
1020021123
1020231003
2020201113
2002001133
2101001113
2202001210
0212200120
0201200122
2021000111
0221220320
0021220311
0013220301
1022331000
2003200210
1300200220
0020320113
0021131303
2203131000
0001320312
0200131032
1001231022
0101232102
0100132302
0100232310
3010322010
0210321030
0211220130
2031222130
0210201330
0202202330
0103220002
0323220200
3023202200
3023201010
3002202230
3001212232
0003212332
0200311331
2003211232
3201012030
3001322230
0032312230
2022012230
2022022103
3022022210
2002020301
2200202101
2201020102
2201200300
0221002300
3210002200
3110022210
3112102200
3102012300
3010020202
3130021200
3300201210
3302212102
3020023110
3102011202
3022012202
2012010202
0012003202
0012022232
0032002012
0032022122
1032021102
0032232002
0202012232
0302021233
2002021232
2020211233
3020220203
3003220202
3001000222
3001320102
0030322202
2030002102
0030302112
0230021112
0120312102
3003122212
1002322202
1003310202
2033112202
3010322203
1210122003
2010122233
3100222303
3202220003
1200200203
0102020023
0020200132
0120210022
0020223032
3300022202
3103322200
3010223001
2002230001
2112010001
2002220231
2100222320
0032230101
3202210101
3031123001
3020222021
0030322011
3030012012
1000322112
2000322023
3000122332
2000312233
2031112233
0300312232
1300222123
3300220101
0300022131
3300222310
0302001132
3030010111
3330011210
0333021101
0330202101
0130013101
0330011231
0020031231
3310021103
3220020100
3201020020
2300021013
2212020100
0012020133
1022020003
0222000130
0220010133
0220031103
1220011230
1220201020
1220121030
1202131020
1202201130
1100200130
0130220130
1302012030
0302032220
2020322210
0331022230
2020312202
1022001202
0222031202
1112001002
0122001022
1222010002
1022100220
2210102020
0231010230
1200220012
0200020312
0220020301
0220221302
0220022330
0122022230
0122020012
1200222302
1230112002
0220212032
0220113012
0123212010
1232101200
1201102230
0221202230
0031202233
2201202203
2002202033
1200020230
2022201023
2013201003
2022123002
2013200020
1013220003
2021220230
3221220200
0322122103
0322121302
0320322002
0322022201
0232102220
0212232200
1212200200
1232022200
0122102130
0132200200
0022200233
0332220002
3200102130
0202102131
0320012301
1020122301
0230002201
1032102201
3220112230
3320312200
3202032200
3201202220
3201102201
2100313200
2212011300
3212011020
1212321000
3321001200
3111000200
3013001220
3013212220
3132212200
3110012202
3013112201
1010012232
1110022203
3202210220
3211210020
2002102223
1032210210
1320012003
1033012002
1131002000
1013102202
1011232002
1031012011
1031002203
0300220311
0100013311
0302121311
2013102210
2031002020
0320202023
2020202022
2023222001
0220223003
0221122303
0223121230
0221301210
0222032210
0221012013
0122012310
0122000203
0203021211
0103220211
1030212021
2103221001
3122201001
3102202101
0313212101
2122200100
0102200133
0101202231
2010321201
0300201231
2002101231
0130012023
2033212210
0210031230
1320122203
3320122210
3023121220
1023122230
1003120023
3033112230
1300312130
1231112030
1032102030
3332112030
1330112201
0130120111
0131122310
0330122302
0300102312
2112213000
2102200030
1022030200
1302130200
1002200302
1002102312
1020012312
0102002302
3102020002
0222102302
0132210102
0132111302
1022110302
1012012302
1011000302
0021000322
2021100022
1021120320
0120020320
2001100233
1011102233
1010122313
0012031302
1302211031
1200221031
1302022101
1130222001
1121322000
2221223000
1102000103
1200231120
1201201320
0102120132
0121021032
0100201323
3032112303
1031132300
1200132300
1200023002
2001130302
2000132301
2000120331
2020202303
2020100302
1120100300
1023102300
1201002011
0103002011
0202012311
1002022311
0032010312
0223002010
0023103210
3023101130
2023111301
0121003010
0230200102
0123021102
0213022101
0120023103
0102302103
0110223102
0102223202
0010223222
2010203002
0130123002
2013113300
3213012000
0123012003
3220022003
3023021001
3220221103
3120122001
3102220011
0101223021
0030123021
0200103022
0320100022
0322110021
1022200021
3021120021
0201220232
0202312022
0203012031
0230022032
1020020032
1020100031
0210102033
0010302213
0210202223
0220200222
0010203123
2023022030
2032220300
2302223000
2221020010
2013002002
1021002022
1023020020
2303222110
2303122300
2320110300
3220110003
2120100110
2302112302
2121012300
2021022320
2210222030
1002122323
3301232200
2322101100
2330210100
2311202100
0111202320
2011202310
2031121310
2012123010
2212101030
2220100030
0220101231
3120101101
3220101210
0220301130
1211301100
0220302203
3022131110
0033101231
2032111031
2022121330
2021101133
0122110133
0201001233
1020131330
0202312303
0011032320
0320113130
0132023100
0102223330
0102023301
0121230300
1031021330
3331121330
1201222330
1012023300
0122031300
1032221230
0103201302
0101231303
0102031133
0103031202
2023021202
2223201200
2220001201
2302220120
2023221103
2232210200
2033221030
2003220032
2022210032
2032010130
2301201030
3001202031
3011221031
3302102001
3302010120
1022012031
0322012033
0202130130
0012130230
3011020230
3322020200
3022000201
3022010013
0202000231
0221000221
0101030021
3102000220
3320001120
0320302110
0321320100
0321322030
0330222031
0010232031
2030212033
3020013201
0201032301
0102301320
2322012020
1222022030
0232120202
2301220202
1032220202
1132220100
1120220103
0123201030
1202220320
2230100200
0112210320
1112100020
1011230220
1012102320
0012322330
0012202333
0112002330
0111201233
1012000222
1312000100
2312220200
1302000202
1302102120
3020210222
0320220212
0310210122
0120220223
0100310223
0120300220
0023220133
0223220102
3023223100
1302203100
0302232130
2022231130
2020013130
2001013133
3313210100
3010210133
1021010131
3303212130
3023212030
3322211130
3012200130
3120210102
3012221302
2022200330
0322210330
0302230202
0100030222
0203202032
0220320230
0202320302
0202321330
0002302322
0230122231
0210200032
0122202032
0222302030
0023102031
0231022011
3021112031
0023311031
1001312231
1002113231
1010201333
1001020332
0101021322
2000200321
0202200323
2000310132
2011201032
2100201033
2021103030
0202120333
2021030020
2031131030
1023113030
1122210030
1101210031
1322210001
1310210101
1100212032
1022310201
1102123020
0322023020
0222123130
1322013000
1321012130
1112202030
0212212033
3202112032
0202232012
3022212233
1101220302
1101200012
1130221020
0133121030
0122130030
0121200033
0221131130
3211121030
2231101020
1103220030
2120020030
2120202001
2121020002
2012102031
0213120030
2211312000
0213311003
2211103200
2311102002
0213101202
1121202300
3110202003
3110122103
1131221300
0111321320
0301322320
0133311020
1100203001
1102301101
1101203110
2021203110
1221203100
2220003100
2210201103
2200200112
2301000110
1221000110
1230001010
1311002110
3311102300
3301100202
3301002120
3032002220
3020202320
0032002131
0332002202
3220201202
3022020302
3220200010
3023001102
0233001120
0333021220
2320021220
3200021222
0332212021
2003320110
1121001103
2120101203
0323102203
3013102103
3013100110
3020102112
3021020310
3321021110
3330102110
1033010110
0321031020
2330122030
3322011101
3312121001
3310211201
3300312101
0320102121
0221103120
0121100223
0110100221
0210132201
0230110221
3200110122
3200122022
3100220112
0201301221
0230020021
2220020022
0233022020
3100120032
3110100130
3101200230
3101100031
3102110033
1121100130
1121002230
2121000220
1220002120
1200020122
1231021020
2012103120
1110100033
2030201121
3030001122
0030301221
0230201031
0030231131
0033020121
3003020112
1030220031
1010220312
2101220310
2231220020
2022013101
1102202310
3022002122
3222001220
1122301200
1322002220
1023001230
1021000233
1022021233
1122011330
3122110020
3321010020
3222120002
3330101201
3121012002
3122212003
3100232001
3300210021
3100210320
3000310221
3300213220
3320212120
3110202120
3121202010
3220232000
1120232100
3300012223
3030021223
2300220023
1330210020
1331211002
1331212010
1131201010
1321032000
1322022002
1233111020
1302212320
2031212320
2003202320
3002213320
3200211333
3200210013
3210011033
3212011103
3201200103
3022120033
3002213133
2002013031
0200213301
2002213303
2001221332
2012310300
3022111323
3010011323
2010110322
2010103203
3010100223
0101302023
2101120023
2111230200
0131102011
0133102002
0331010022
0301020132
0302103201
0122302202
0111032202
0022302221
0022213231
1031312120
3201120012
1101001231
3301001011
3201301020
3120302100
3221103000
2221302200
3202031010
0201332010
2200302010
2202100012
3012102012
2112102003
1120020202
1030021212
0103022121
1330001220
1312201020
0312202022
2332211020
0302301021
1300201032
2000232032
2100230002
2300212231
2122232000
2130212010
2130211130
2030232020
1030202310
2002233020
2123120100
3123102000
3331021001
3032011301
3121201130
0122231230
3120222130
2203221130
2203210110
3203212300
1203213000
2201201013
3302022130
3012013130
3322202110
3301231001
3301031102
0022303110
1002103111
1022003130
1022113310
1031112313
3031132010
1001332020
1011310021
3032131001
3032020101
3331311010
3331022020
2031021021
2030021301
2203002001
2203101201
2201021301
2330012001
2232011001
2330202002
1300202301
1312202001
2302202201
1210202130
2032212301
1032212032
2230012202
2301310020
2302100130
2300120112
2310120003
2101233000
1102230300
3230212003
2230220003
1230210300
2130321000
2230031100
3233101100
3323011010
1322110130
3121110230
2022100131
2321100120
3021130130
2021132230
2201130030
2201122033
1301132030
1011300130
1011232130
1003222132
1011203330
2013130200
0313110230
0311100233
1030310220
0103130220
0230230220
0303123220
0311133200
0313132100
3121132100
3313112110
3202113110
3203102010
3231222010
3100102023
2312210010
2332221001
2302013010
2300231010
2311023000
2313010200
2203210202
3321122130
3021121233
3021222301
3301122123
3301222021
0301320021
0333202210
0303020222
0303122122
1303122202
3103212202
1301102022
3301202111
1300202112
2220210230
0212213230
0312223030
3312020010
3031020012
0312120012
2302120022
2322201002
0312130020
3031022111
3100102212
3331122201
3231122002
0131222302
3212122300
3211322200
3201322003
3201312202
3200213203
0213120201
3210021201
3010220121
3300020211
3201021113
3200220133
3020202133
2100202113
1320020130
1303020120
1310022120
0320121131
2302011131
1232011130
3300221122
3203221102
3002121322
3032021320
3302021023
3320211022
3321221002
3321220120
0332321020
0312321110
0322213210
0320232103
3022320020
3012320001
1303220001
3010223230
3011223110
3021323200
3002132302
3311120210
3302120320
3302201203
3201123220
0311320002
1030013202
1230202202
0231320010
3203120001
3203110103
3030120113
3030121121
3020020131
0122020131
0123202101
3030223120
3002223112
2010323100
3103231100
1023320100
0123032100
0321132110
3233220100
3203120230
3230020220
3200013210
0203132230
3231022300
3221002202
3221001030
3203012203
3033012101
3103001101
1103102101
2103102120
3103121201
3100122131
3130112102
3030132202
0100130131
3101122233
0101130233
2102002012
2302002230
3302002022
0102300022
3203111012
2230202120
2232022010
2233002200
2033002110
2331012110
3101232110
2130021102
2030002223
3001233101
3200023101
3021232120
3212002110
3001230021
3011220223
2020232102
2220213002
2220211303
2200212133
2100021231
2100211313
3111211303
0202213132
1201213130
0130121132
3030220132
3330210202
3230010201
2030310201
3030110231
3231002001
3032221131
1303022230
1203212230
0233201230
2330101130
2230101102
2100102132
0230010213
1201210023
1200102123
1201302120
1230102210
2200232210
1221010203
1221120003
1201020033
1320120102
1300122322
2321010210
3210130200
1303002201
1323002100
1301002302
1100300210
3003002121
3003022231
1130302200
1333021010
2230021011
1030031011
1032011231
1032022033
1033202230
1031022232
3011002212
1102022233
1102012023
1202010303
1202120301
1230220101
1230211013
1230221203
3221021203
3311212203
2321012203
0211022233
1202023220
1212010230
1112032200
1012032120
1032010320
1032322300
1032023001
3033022021
3003321011
3032012023
1012032003
1231222003
0032223031
2032202021
2033312020
2033211022
2033010102
2031013002
0232021303
3232021030
3232013200
3201223030
0231220033
0233122102
1331012102
1021032102
1021322203
0031322032
1001030113
0331110212
3232122230
0230322130
0232121320
0231122023
0232001310
0232101012
1112001310
2132101002
2330121202
2330011222
0232001222
3132001020
2300201222
3302012212
3002013223
3100201221
3110101021
3310001202
3300231202
2331001002
0131001031
0031032021
0201231021
3230111021
3013211021
0132110330
2230211320
0332201320
0332100102
0331101032
0331132001
0332101301
2032301001
0331021211
0321002211
0331103210
2331102220
0333101021
1032101022
1201010232
1031110232
1030120122
1300301202
1300032102
1201031202
1231001101
0221023101
0311023130
1301003101
1031232101
1032210131
0232220131
0203010132
0321110132
0321012232
3011012132
3021102232
3221100102
3021000132
3032112132
0310112132
0131102132
0311002122
0310103202
0310203210
3032103110
3033102011
0032122321
0021232132
0100032132
0211302102
0133112021
0132321101
0102032211
0131002221
0131022131
2130102201
3322202202
0321202303
3012022303
3112020300
0101203032
0102010332
0120122332
0021320233
1003220233
1101020223
1100220213
1130120220
1013112023
2032121023
1010132022
2013101022
1110232020
0311223220
0301220323
0201232033
3031220320
1302220303
3301210222
3012010122
0330120223
3330121023
1033011023
3301010213
0311210213
0011232223
0112320003
0112130202
0102132232
0112320120
0322102231
0130320201
0312012223
0112001223
0231021223
0301123211
0332122131
3302122232
3301022032
1110002021
3101021132
3102001032
0112123103
1300202233
3022102213
3302101211
3021300210
3001301213
1301102213
1001300223
1031101223
1101321203
0320100213
3101011223
0301003212
0301322212
0302322301
0312020301
0112020213
0122321203
0102322231
1013212310
1013113220
0302312221
0312312202
3302301220
1302010221
1031020221
0331220221
0322200221
3202020221
2002023221
0001033221
3202312210
3200231230
3101031230
0212030002
0313020102
0312220132
3031210301
2030020232
2030123230
2131113200
3022103230
0301213233
0030213232
0303210232
3303211032
0332212232
0311202232
0332213130
2322213100
0322231102
0300230112
3012122133
3012101123
3031221123
3231221130
2332211103
2332110110
2331110102
2311210103
2310011303
2310112301
2300031201
2301001221
2330001021
2311002201
2312001120
2311002030
3331200110
1301100112
2322200210
1302230010
2310032100
2310013020
2010013032
2310311030
2202311230
2232321100
2232302000
2320020203
1302331100
3312031100
3312022102
3312120202
3332221202
3332322200
0333222023
0232220223
3032220233
3331220103
3322230100
3132220030
3112220203
3310022023
0332102023
0102103023
1102131230
3320222033
3301222333
3100200123
3102120223
3102023203
3131022202
0331023202
0033223102
3033202102
3301320220
0301023223
2101023003
1110220023
1103222023
1210021023
2110021320
1011021323
1312011320
1311021230
2321321200
1322231200
2032131220
1312123100
1331023100
1310211302
2321030100
1301310230
1301120231
1301320103
1031310203
1031030202
1131010201
3121120103
3101322101
1312201103
3320011031
3310012310
3320010012
3131102210
3130201103
2130222103
3031201112
0332202112
2302200111
2302310001
3311011022
0331100123
2302210132
2303220103
2023100103
1002310133
1001332103
2032100112
0032203132
0221300103
0321130103
0331301201
0032331202
0232312201
0201312131
0032231221
3032120221
3100311023
3012133100
3022130203
3011230103
2022232203
0221231203
3022320103
1002320121
3022232101
0321232201
0212322103
1012312103
1012130101
0013313102
0212330100
0203130102
0012332203
0231031002
0330310222
0032300222
2032320002
1300310022
1310120022
2300100123
3303110223
2000203223
1100321022
0132100032
1132112003
1132120002
1130100103
0212100132
0110012322
0033012322
1210012320
0203112322
3100112321
0013022323
0013312301
2031131201
3001231211
3002132221
2301132101
3023011211
2032001211
2332301200
1031301230
0332101233
1331100230
2331103100
2301301103
2032313200
2031332200
2322003200
0232021231
0322301230
0322332100
0302320123
2030230110
2032220113
1031202113
3032202013
1002231113
1033220111
1232020110
3002302123
2012321230
2001232231
3202321201
3002301131
3002032132
1002332230
3223211020
2331220210
2133221200
2312322100
3313221003
2313022003
1013322110
0313221022
0330213022
0302130113
0332230210
0332232203
2102230110
2102302220
0132232030
0032320231
0032323210
0132311210
0132011123
0002323132
1102320102
2320230200
2112001230
0312000123
0312200310
2031300120
2301202123
2301231220
3102022123
3102130103
3322002103
3012000213
0301331210
0132113120
0112133300
3102233200
3112200210
2332000220
0132020222
0332000211
2332120201
1130010222
2332010203
0320130201
2332102300
2332312220
0212312320
0131232220
1131210230
1231200030
1231100202
2231120230
2033322230
3231100130
0231133100
2201303100
2201113103
0211130101
2202130101
2002130211
2302020212
0322000232
3032001232
2002302212
2032202232
0132201232
0132301130
2132001300
2201001330
2201100132
0201003132
3201201232
2010212323
2110312020
1012002132
1102100232
1032300102
2131020300
0132030120
3131230100
3131020130
3131101202
3131012120
1132002120
1132000230
0132003210
3102320230
3201310130
3202010233
0132200121
3131000101
3231120101
2033200101
3332200201
1013120011
3013121012
3031231203
2131220203
2132021203
1302302203
1302322210
2302022113
2031022123
2211002103
2202002123
2032302103
2232012103
2220202013
2120022023
1303322020
1311322010
2101320030
2031023203
2101023210
2132102230
0132002233
2012200223
2002230122
2131102103
2103010203
2103020130
1012300203
2031000213
1321311020
2021203202
2032100301
2003322211
0110213303
0110231033
2102210233
2202223230
2202030230
3202203020
1002303120
1002030231
1013202021
2301020233
2021222333
2100220333
1012200231
3012210232
1002203222
1002233203
1032013103
1201230201
1311123020
1032100133
1301200133
1102102133
0232112133
0202132123
3202201123
3212202103
2202203102
0232201213
3232001203
0232000113
3202003202
3032103202
3232102102
3012100302
2102100303
0112100333
3101103203
3102300201
0231030201
3110110333
3210220303
3311211013
3330201011
1202033100
2002033202
2022013022
1020322022
1020310122
0133110122
1020313020
2200210322
3210221032
2002321033
3230222330
3210222013
0113221013
0113211133
2112220033
2110121033
2110210302
3311220033
3220001013
0120301023
0310301022
2300302022
1010302122
2203012022
2303222022
2003203022
2123202020
2012302022
2200203032
2103021012
2310201012
0333022012
1330222012
0333010112
0113202012
0213222310
0310232320
3113001010
2210232002
3300223012
3303222302
3303202012
3223222002
3321322202
3220302002
3020312032
2223102002
2223222300
2120221330
2120223020
2202013330
2032311330
2100123021
3100013022
2022322302
0210312012
0220310112
0220202312
0220203320
3220213300
0020320322
3220223220
0210220322
0200123332
2022010333
0222022323
0220121323
1020100323
0222130303
0222113023
1320221023
0120222313
0130200213
1131201203
0121203201
3102123101
0102033102
3020022313
2010020313
2020123303
2020023122
2320023002
2002223322
2220320300
3003123022
3033211302
0113120022
0113122301
0110123011
0110210311
1012010311
2120210310
2110200011
3010012331
0103212311
2020231011
2022203012
0221320022
2022120313
0033120311
0230220313
0320210323
1320010302
0032223323
0022103323
0022032313
0020312323
0100322323
0020322331
0120302301
2220022031
0022323301
0012303012
0130321222
1100302221
0123220303
3023021133
1023012113
2320012123
3020312111
3033221211
1223011103
0223011223
0023322112
3021012333
0021023332
0212023330
0221323300
0231223201
3102021333
3332202133
0111323030
0112013033
2312011013
2111013010
2010003011
2210013003
1012113133
2022311133
1112021033
1112010013
1220210031
1223221003
1120121303
1112120303
1122022303
1122311003
2122210303
1102223032
0111312302
0013232302
0012223312
3012120311
1102103330
1011210332
1300220332
1330110032
1311010012
1210200123
2110230120
2020230320
2110103220
2101301202
3203121033
0223021033
2232221033
3103212033
1121012033
1121031010
1122203010
0122103012
1100203320
3110320020
0113023020
2112320010
2131200102
2120013102
2313232000
0313213010
0110320032
1110320110
1110001123
2103001122
1303001022
0303131012
2303231002
1330310102
1333001102
1330101122
0320321122
0313211223
3303211221
3020321221
0203213023
0232130001
0231213330
0330211332
0323201133
0223200023
0213110123
0213010320
0130213310
2130223300
2122123300
1123023000
1110030002
1210023030
1110310030
1223010030
1100310013
1220312010
1220030020
1122003300
2220030001
2020030012
1200301122
2020300021
2020313001
2221013001
0211013022
3011313020
1203201012
1020023013
1230020013
0210203013
1030312013
1021031033
1133021003
1130010031
2130023001
1233020001
1033321001
2130210021
1103110021
1303312001
1103312030
1203310020
1211320020
1120032030
1003312121
1100310121
1003300122
0210213021
3210110011
1210100021
1211010301
0211020321
0111030301
0211012331
0213211031
0223031001
1013031001
0223120011
1321020021
1323012202
0333012213
1321011032
1011312032
1011320033
2110200330
2013220330
1313210030
2203020320
1103210303
1301010323
1311020303
1210230003
1303121021
3110213030
1313120300
1323110003
1012322023
1021103303
1122320001
2010230301
2021023033
2311010033
2013110033
2013212032
2003310021
2033110121
1230301002
2211301002
0011331032
3230321020
2230023020
2230010310
2230213030
1200013023
0220013121
0202013323
1200132021
3220102011
3222002012
3200301012
3213001002
3112001303
3112201013
3120031002
1230131003
0220130031
0220032302
0222003032
3222013030
1213001110
1013021213
1321021013
1300210313
1320200013
1310103010
1200030011
1321321001
1021311302
1311030001
1321003002
1310020111
2010310111
2320210011
2223110010
2330113010
2330110211
1203010111
3103010011
3223010001
2330100012
0321030012
0311003011
0321010313
0322013302
2221100013
2122001013
0322203013
0323120023
3323220010
2320320020
0331312023
3213223000
3113120003
3223120300
3222123010
1222301010
1322001012
2210120301
0310122311
0310023021
1321000122
0222310033
2303112011
0310201313
0111000313
1101003013
1201033020
2101303020
2201023022
2221002023
2201002232
2211022330
2320012330
2310122320
1320001133
2320110223
2030110313
1311130110
2100323010
1200023310
1310102330
1310002032
1110023101
1010023221
3010113221
3330113101
1202011331
1213010202
2210310102
2120130003
2121110033
0120230013
1012230012
1020230112
1021320012
1131220013
1033200012
0133210013
2103200013
2203210033
0313200113
1013210123
3023210023
2012213023
1113010120
2110010223
2133020010
0133320110
2103113003
2212120330
1330102013
1311202013
1212002013
1012003023
2212002032
0212002322
0211100322
0321120322
0321112323
1211203002
0320131233
3310102233
1120110233
1012131023
1010231123
1032301013
1132001011
1222001031
1221001302
1323101030
2323121002
3022003011
1102013011
1232010021
1332220021
1102321013
1201312013
1102322320
1022321320
1102020321
1102001322
1100230122
1302213022
1110010321
1102031303
1302031013
1002331310
2130031020
1103032020
1130200032
1033201031
1033201222
0033221331
0230221321
3233221220
3330221301
3222021301
1222102330
1202210332
2320221031
2300203011
2300223301
2312022310
2312002011
2320002111
2330022211
3330022113
2320232110
0320322211
2021032011
2011002321
2111002302
1011003121
1011331110
1201100333
1201301033
1231331000
1221131300
1202203033
1131211033
3011001332
3111021302
0311301302
3322001302
0022301332
0120001332
2020002332
0221201332
2310131300
3320102302
3020101331
3111002022
1203200031
1221202033
1321122033
0221132032
3222101032
2221132003
2211020031
2212020023
2122002320
1022032330
1022000331
0120200331
2012003310
1022202313
1012203113
1032221313
1023212302
2102322130
1032223012
1002213311
3202213012
3212010012
2012310012
0121002312
0121201313
1021210313
1031220333
3211202032
1110020333
1220020223
1311022031
1011032231
1011030310
1322000310
0212030310
3212110310
3211010330
3211021310
3312021330
3021211332
1321201310
3011030011
3111031110
3201030210
3211003020
1212003120
1032203320
1002003321
1302013301
1301123012
1231103300
0322001323
3010032021
3111022013
3211100033
0112312013
2012232013
0312212313
2012112333
0012130313
0121123013
3121220023
0211230012
0013132233
3011232033
3111230030
0121232023
1101132023
0111032123
3312112023
0212123302
0212203303
1212101303
3011302013
2021322013
3021202312
3022203310
0312221331
0312121323
2311101320
2310221133
1021201331
1302201333
1103201330
1103121302
1103122031
1303100011
1320100111
1322103110
1311101031
1333011031
3131011011
3131211310
3231013010
0101301332
1201300302
1100302302
3030212313
1101232301
1001230331
1101330001
0100231331
1010031233
1021123031
0221113031
3221211033
3221110301
3101110311
0121100311
0321122331
1321120301
0323110301
3323210002
3321210303
1321221303
3021203032
3321100310
3322103020
0223100310
3322121013
1322112303
1322302300
2022301303
2032101333
2122312030
2012231320
2302221323
1021130011
3321020133
2322102013
2022132310
1321131002
2321101301
1023130002
1301131303
1301223033
1130123030
1230101330
1131101301
1132101320
1211231030
1012231031
1212023203
1212001133
1312022133
1013023103
2202031033
1132031030
2112030030
2112010133
0232031023
3211031003
1313001203
3133012010
3100032012
2131012013
0310132013
0112130011
2132110013
2101213013
2321220013
3221230003
0212300013
0112300302
2212200302
2012200311
2012130021
2311100011
3312100013
2332200013
2320200133
3330201132
1333220130
2030201332
2011301330
0232221332
1232201032
1232200011
1012300111
1321220032
0321231033
2322201233
3023220031
3022210321
2023213003
2003223013
2333010011
0323210111
2223210103
2311221330
2202101332
0032131332
0233211132
0220231132
3312220113
3202131330
3132201330
1133201120
0133231010
0233202013
1133100010
1133110033
1133211103
1133132000
1133110202
1113100102
1331120113
1332101113
0332120313
1331010111
1333100120
1130100211
1130101131
1322200123
1022130113
1022233120
1022030121
1102230021
1032230023
1232120023
1332231003
2332322003
2322031003
2312002303
2312203300
2111231003
2302320013
2312230003
0122300031
0313231001
1112230103
0122233003
3102231033
3102200332
3122200022
0202230331
3101230013
0232230013
0222030111
0233012111
2300132023
2321132020
2021131013
2312131010
0011233013
3031223013
0131203013
0231100313
3201103013
1320120333
1011130333
0201133310
0213131300
1311203120
3122030010
1203001221
3312200032
3312002320
2323120030
3122002033
3200022331
3210020233
3130022320
0330022321
3130012301
1132210301
1132212330
2130200301
3212000301
1302002323
1220200333
1030022323
2102002333
1330010123
3310012121
3210002031
1231110133
1033012233
1203000123
1103030101
2102032101
2110031101
2210001132
2202021313
0202223311
0132220312
0132021311
0012321311
2002323310
3002123331
0110320313
0232311011
3332210310
3330212112
1302310310
1202320011
3202302013
3222020113
0222302113
1202232103
1313222103
1322321103
1322320120
1302300113
1122103103
3122100113
3112000111
0112030221
0012233032
0321233002
1210101233
2121230001
2212300110
2012301113
3123010103
3012230111
0002233321
0102123322
0201213322
2202123013
2230122013
3232112013
3232311003
0322103133
2202300203
0022330123
2010300123
2013310103
2130100023
2302110311
2102300310
2121300300
2021320303
1023020301
0023123302
0023130021
2023100211
2023002221
2002312321
2303012221
3003131021
3103021031
3100321301
3230021302
3000322321
3022322011
0130321031
3100312031
3230322001
3032032201
0121312031
0112130123
3202130023
3203200022
3233120020
3023132020
1103200221
3222132001
3322023001
3322113003
3022123113
3332122011
3022030022
3011300022
0113010233
0213013103
0231301013
0231213011
0131210321
0323213103
1321113103
1210213103
0133000111
0133201211
0213100111
1302100331
1032130031
1312120031
3102132011
3102122313
3101020313
3330212233
1312210233
2330220233
2333120013
2310310013
0313122213
1313121013
2301312033
2331123003
2331020023
2331102033
3331120032
3331100021
3302200321
3301203022
3330020122
3130220302
3112202302
2321020330
2302113033
2310210333
3131202033
1320213033
2002130323
3332312001
0233232001
2013120223
2223100220
1323120220
1020123223
1020230233
1333112022
2020030223
2120012233
2012031223
1312020223
1202030222
2202300122
1020300213
0220003223
1320203203
2333202203
3212032030
3131322030
3131121031
3101211331
3121212330
3221312020
2322133000
3322232030
3332220331
0301223331
3011200331
0302203312
0332112312
0322132012
2302312012
2302202322
2002232311
2301212313
2302231021
2022320223
2022233033
2012332030
3332131020
0232133020
2021233300
2301123330
2301022321
3301102332
3103122330
3201121332
2331010301
2331110333
0311310133
3131210333
3131010302
3102003021
2331021303
2332020031
2332021012
2312021302
2330220121
0330023111
1332020302
1332122301
1323200230
1332302020
1332103001
2032030011
2032031032
1331200301
1331013020
1330200131
2333200021
2333110320
2302103320
2301203302
2302232303
3202203301
0203203101
1332011223
1330021121
3332001123
1300021331
1333002011
1321023220
1310030220
1322020231
2320120231
1023110231
3220110131
3312010031
3300101321
2220120133
2220131230
3201000321
1302320032
3221320030
2331321030
2133011030
3212113001
0223113101
0222033301
2200103301
2001103331
2001003312
2201123302
2232110302
2232123001
2232122303
3132123003
2132023030
0333200122
3332023220
1130001233
1330011313
0131001323
2201003031
2202003111
3202023031
2231021032
2333021130
2323023100
2321301110
2323201120
2313120110
2312120133
3330231120
3102322021
3132022012
3101012312
3101212323
3132112320
3232100320
3221102320
0232212323
2322023303
1232202301
1202231302
0220223131
3202102321
3101101322
3232201021
3132102022
3330100222
3231012022
1231232020
2332320230
1202323030
3311020222
1330202221
2202032021
2200032320
2303022031
0232032031
1200302031
2000302131
1200203121
0332022332
0103022332
2101000332
2111003330
1112023130
2303102032
1101003222
2120032220
3101232022
3120231110
3111023120
3122231020
3311023203
3113220220
2210320220
2203113220
2200013222
2100320222
0213113210
2203102330
2203201303
2223103300
2220113320
3301132320
0021132322
2220001333
2221003303
0222003313
1220023303
2212000131
2213110130
2210030130
2110123130
2010123113
3320123103
0320223233
3302012331
1020223231
2020203331
2220100311
3200200311
3102201311
3113201300
3301321302
1301021312
0301130312
3031100312
0103100322
0301103321
0231101321
0101131311
0311103313
1310002313
0103102313
1313010023
1013000131
1030102331
3330112331
0131112331
3210100331
3311201333
3331201302
0301231332
1301212332
0331202331
2301201311
0311302031
0313202221
3320202211
3120002121
3230022121
0230102332
2220203210
2220103202
0223133200
2320103230
2312113230
1232113010
2230200221
3331201221
0313120121
2200310211
1113003100
3211001123
0220232333
0031130321
1310223330
2310023230
0223223330
3312001233
3320211213
3322020121
1301313002
0312032032
3312302002
3022302301
3011332001
3312212301
0023002311
0311132333
3322102333
3322210223
3312202223
3310302220
3321000223
3323002210
3322100212
3132211032
3102311012
3223110022
3002332012
3320002132
2320022232
1320102232
1322103202
2310132202
2310222332
2102232031
2110232203
2103232003
2213102203
3223100203
3221102133
2301332002
2103310002
2333100202
2321300203
2321100232
0233210302
1223200202
2231000222
0231003012
0131013032
3221200213
0223210213
1333210203
1331200222
1313220202
2313201202
2313220012
1013223022
2013223210
1313201210
0323201212
1323201011
1310223011
1301232011
1032130222
2332130002
0213230203
0213210333
0013310213
1023310013
1003232221
1103202232
1113102230
2110322230
1010213321
0320213221
1013012321
3111310033
0121313003
2122013203
0123201223
0123200112
2223200012
3122011233
1220110313
3120010313
3111010113
3220320013
2022330013
3220012213
0320032213
0323000121
0331001312
3201003223
3211023033
2211102333
2212100233
2012003233
0212103223
1230210223
1230112233
2230110232
3220210123
3120030120
0120230121
3213000120
0123003120
3223012120
0113030110
2012030112
3222120323
1222300303
1221003201
1210302201
1220203011
2203120123
2232100123
2033120133
2233020103
2323203010
1330203110
3302203113
3202320310
3302321031
3310222131
3201230032
3111200132
0131230031
2221030033
0211030133
0310322133
0111330203
0113310023
0113312210
1112300123
1110102323
1110131013
1320131210
1332100323
1132200333
1132120233
1321002333
1322301033
1302103233
3323111033
1123001033
2123211033
1113201023
2110321103
0110332103
1110323003
1121030303
1110203022
2120200322
2120120323
1122000132
1120003032
1120202332
1100232131
1120023021
1120032201
1120012331
1130013230
3120022231
3123002203
3113031200
2223030200
3110002133
3131001133
3102301233
1331310013
0331232013
3320312013
3001232313
2210032033
1210032210
1233012220
1233000210
1013300220
2023231210
3110120231
3123110201
3120223201
3131320001
3130220221
2213012230
3220021132
3202011322
3320221232
3332020232
3332320110
2323221230
2220220332
3220230130
3123230200
3320210331
2120110331
3322110231
2221200331
0221230231
1321230202
3321223330
3022233302
2022133201
2311130201
3311130002
0331213302
3332213203
0331031113
2133000201
2211300201
0121330002
2101300221
3033200221
0233100223
0230130012
0231013301
1231012310
1220002311
3111002231
0111023231
3110023031
3130213001
3131130020
1311301220
2011302223
2022332220
1333212120
2333211201
2330203201
3112301120
3132001112
3131200211
2011130213
2313110021
3100213121
3120321011
1331110321
3311101213
1231001213
3311200121
3311120131
3311301130
3321201123
2311000212
2310300210
2300302213
2120302033
2323202033
0323212333
3313222330
3311122313
3201132303
2011032333
0111031333
0121302333
2031001331
2211001313
0313022331
2021302231
0110313230
3200131301
1321031201
1311330200
2113300200
1210300230
1103020212
0113103203
1113123200
1133122203
1213312100
3133113100
3023113203
1211130203
1233130100
1331231110
1201130123
3200030121
3311030120
3301230123
3332231230
3232211233
3213201033
3213202210
3321231210
3020233210
3022023323
3312010323
3332210121
3311322120
3331102122
3231010121
2331000131
2133100130
2113201130
2112201333
0211320223
0221313220
3321113220
3121203220
3120203023
3110130023
3113111023
3120123033
3231300220
3031013021
3001023322
3031002322
3002310322
0312023122
1310202322
3020231122
0302031322
3023310220
3130310120
1301330120
1330201323
2330113203
1310310320
0311310221
3211310210
1010030322
3323111202
0320023132
1330012332
0323122232
0323220332
3323122101
3313122021
0321230122
0311131123
2311131130
2310102131
2320131101
2321131203
3222131103
1121133200
0313111321
0231130222
0322320222
2322320101
2322100321
2322230022
3232200222
3200300222
0222300212
3202230211
3203000211
3313100201
3313202031
3310203101
3331020321
3103001213
3302223221
3302203232
3323220221
1320220321
2320201321
2322031210
2301031310
1301033210
2302003213
1321233030
0320233120
0313230220
2303230201
2322032202
2322022331
2332012333
3323120233
3312310230
3311203230
3311011231
3331012313
3222101313
1223101013
3201031031
3301023231
3301300211
3201032221
3011031221
3301131121
3303101131
3313001021
0013003221
3112013210
3222013102
3220131033
3012303220
3020003222
3012311223
3012231213
3320023223
3203202233
2103302203
1011233201
1312301201
3133101013
1133112130
1230311210
1232031220
3233011230
3230301110
3230001131
3130131130
0123302230
3122302210
2330301101
3302030111
1302130121
1332131101
2332201131
3332111321
1301032121
2332002121
2233021210
3320230113
2032030123
2100030123
2032103221
2321200312
2031220312
2333220302
2033120212
2322120332
2332200332
2333210222
2302301032
3310230022
1310231021
1301231131
2022113331
3133122120
3133222101
2332223102
1332120132
1322101332
1302223131
1330221231
0321321231
0321301121
0322032121
0322013111
0321103112
0313102112
0313102323
0231103233
3232203230
0310232212
1310232033
3032203223
2313000223
2313302020
2333022320
0230300211
2031230221
0102033223
0231033220
3331031220
3230103220
2232103210
3033110322
3011130122
3031133220
3331113023
2301113223
3011203222
2311120323
1301113132
3101133130
2202133120
2101103123
3102203122
3203102122
3100322122
3100131122
1100130323
3230110323
0122030323
1100123123
0130103123
0110103332
2112203032
2112000312
0111203312
2310003102
2313001310
2313021011
0313201332
3110131202
0103113331
0233113320
0133112232
0132103222
0332113221
1030213211
3230212131
2231202031
2331222032
3311220312
3312322033
3302322111
3200132111
3303132201
3313013220
3311313100
3301312122
3320300122
0313300222
3201013112
3031013113
3001031312
3201213123
3312213120
3312223022
3332320022
2022031312
1323320002
1333020022
1233210022
3133200202
0133203220
2130213220
0330213213
0332310213
3132210213
3021213213
3011310313
3202223213
1030130213
0330032122
0332131122
2032301122
0232310122
2232231010
2032232330
2331231300
2132031110
1131032210
1232310202
1232210313
1211200313
1212130013
2101300133
1210310213
1200312223
1202301223
1122003223
3122300320
3122202323
1223202310
1123000320
0123002323
3223202303
3203222123
3222023022
3323202122
1033100321
3321213102
3322213011
3332230011
3322300021
1122302023
1121103023
1323002023
1221023023
2123100021
1123010022
1123002012
1221300021
3302113122
3312102132
3120211323
2123320003
2033321013
0323302102
0322322132
3322312022
3302312323
3102232223
1332232220
3130212123
2330312103
1130032103
1101033203
2101230223
2130201223
0123101132
2233220011
1222130320
1332131330
3311013301
3322310301
1322030032
1232030203
3230223023
3222323003
3222030031
2230021123
3230230021
1231130021
1331133010
3332103012
3332123302
3322022312
3311233020
3111203021
1312013021
3112103102
3311232102
3211223103
3212230102
2212233100
3312233001
2212230031
3312131033
3310113031
3310120332
3310112322
3310123111
3310320011
3312311011
3312311303
1312113013
2310230111
3310322301
2311020311
0313011313
2332111313
2333001213
1333020213
3210111313
3210113102
3230132103
3320132031
2310130031
2210300031
3211032101
3230201313
3233021013
3200320231
3100103231
3220010332
0221030332
0120030312
0212133033
1221213303
1223211330
2320233001
2322030301
3220123021
3220120312
3320030221
3230203012
3310003211
3311003113
3313020123
3330132012
3313021032
3313012302
3313000112
1333010232
1103011232
0213021232
0213000312
0212003211
3210203221
1123011302
3122010322
2223000302
2322300112
3302231112
3322231303
1322230333
1322232023
2302330210
2202320232
2202330002
2001330012
2230300022
2212301023
2233010023
2132000323
2232003013
2212030303
2312030320
0332230322
2033130022
2033220323
1303230022
0332223212
3331212322
2332232012
0033203212
2023101232
2033001322
3330013221
2331012231
1320011321
3120021322
3100023232
1323001301
0213001331
0211330031
2001331031
2200131131
2200103233
2203130203
2030320213
2112032023
2211030223
3212230223
3012330202
0211031213
3022300312
3012003322
1210003302
1210003111
1230003021
3032321112
2322103223
3323100123
3323101320
3320322320
2322030233
2312203021
3312103221
3310132221
1312132203
2312232230
2202132233
1202032213
1202013113
2303032210
2300133220
0202330213
3313101222
3313321020
1323101223
1321130223
2322302123
2320322303
2323112103
2320231223
2122310023
2100233023
1302131223
3302133021
2003131222
2023230222
3023230102
3203230120
3223200121
0233200321
0210300321
0210330210
3130130210
3130111213
3103112113
3123122013
1103302013
3123222320
3103310210
0103300212
1110300222
3123100222
3020130322
3200130232
0023130232
0123110312
2023210312
2323211310
3130100321
3112310021
3212300221
3232022213
3323222113
0233121213
1113000301
1311213310
0112303310
0112310231
1212310031
3323103102
3303130122
3303120312
3300311322
3320111311
3321012321
3120130301
3310031223
3330311123
2330221322
2030322121
3330302121
2133030220
1033023220
1331233200
1331132202
0132302122
3013030222
0230302123
2013023023
0321303022
2321001322
2320103122
3320203322
0323203021
0013203322
1301303021
2301300322
2021300332
1311300032
2231003320
1313100212
2113100123
2011230232
3103020322
0312130332
3121203303
3122032102
0122323102
1222323100
1221123330
1123120310
0221233210
0021133233
2003113233
2300123133
2230002133
2230301230
1230021333
2200322333
1203022303
0133202133
2030223112
2200223113
2232223310
2303223320
2232023202
2112323200
0112323022
0112013321
0111213331
3011213131
0112230131
3212210331
3212221333
3212321013
3212012313
3212223320
3212103022
3232300012
3132320013
3130231023
3230031022
3123203002
0123223012
3111223032
3221223302
2321232302
1022323021
0012323221
0023023231
0210323320
3210230320
0321133320
3300232322
3200233102
3232233002
2232203022
2131223002
2312031022
3302332202
3020232332
1030232302
3032232122
3222321230
3232232210
0230232211
0130131221
0200302311
3303022311
3202032323
3322330220
1212233020
3112232130
2122032130
2033203120
3113100320
3110203310
3111033002
3211233300
3212103330
0311033102
1131133003
2232231203
0323223122
2231201133
2233200233
1233203200
1200320323
1203320203
0203322233
2322322233
2311312230
2123220233
2323020211
3323023202
3221033200
3321233203
3210312303
1233120303
1232223302
2102332300
3112322310
3222003233
2223020333
2232201323
3322013222
1231102323
2203002313
2330020312
2320031302
2033023012
2023203233
2023103023
2311203033
3113200233
2011213233
1110203213
2210223233
2321123233
2331301023
3231310023
3231113303
3031113211
3211132023
3131032023
3112332003
3133010223
1330132230
1323021330
3233002223
3113102223
2103003223
1113002213
1311032223
0233002132
1320032320
3332130223
2230022322
1230302320
2202300331
3222031333
3022321333
3023221322
3103211322
0123211332
3323021323
0122311323
3113210012
0312311322
3133222022
2113210031
3231210231
2103230230
2200233130
3033320222
0030323122
0122331033
0123010331
0212301333
2323010133
2313002133
1333102133
2313101113
2323021113
2230311033
3310311233
1331013233
3331213031
3321310032
1112130032
1112032031
1211203233
1211303030
3031203231
0312003131
1310103133
3303113231
3103213230
0123213202
2232132023
2323213220
3320113212
2032013212
1323130010
2210130333
2012133303
2313212233
2321003133
2123100333
3212300133
3212301101
0321030131
2301032133
2103122133
2103120232
0203103232
2100131213
2220130213
2030031113
2030321133
2203032103
0103032113
0120132113
0303322113
3303123113
2003103113
0133322103
3130312203
2131212303
3313131203
3230332220
3200332201
3210132213
1313122032
1213101032
2210123032
3210323002
3210132330
0212232332
1210212333
1121023233
1210022332
1203002332
2200031332
1231000331
1332002331
2230020331
3232002332
3332232332
2203023233
3232230133
3202231131
3320223313
3320323022
3023122333
0223112313
2123112330
3023112321
2023013302
2021233021
3011223321
3112022331
3112032213
3112113233
3110212332
3110123223
3120113113
3032213332
1022013232
3022231232
3022130331
1022303032
0022313212
0122313330
1022313303
1223032003
1223112033
1223120032
1213100330
2233100032
1203120322
1203223021
0203223222
1223022233
3003233222
2300320321
0133120323
1131100322
2223132100
2223012310
3322301310
3220302310
3220031320
3021031301
3220311330
3202311132
3321303120
2230212332
2133210330
2233200310
2203300011
2213010113
2130320320
3322313320
2221232330
1123020113
2333013210
0021313121
2021113323
0023303122
0232030132
0233301022
3320130132
2030130131
2231130110
3330130111
3132110131
3132012231
3320301231
3330322231
3323132230
3322132123
3323212231
3321312223
3213310203
3022332023
0213032023
0220332013
2220032113
0200033112
0021033113
3021133023
2220321233
0221321133
2220301123
0202303123
0201323032
0211232313
0221310232
0100233113
0210231113
0303231123
3323231023
0211231301
0231131333
0021333202
3021330101
1021303013
3003132123
3023032223
3010132323
3013201323
3013220313
2003301223
3033312223
3303321223
3303211313
2303311023
2312310123
2303101323
3033123210
3330123232
3200123212
2000133232
3310013232
3011123232
2310030232
1003113212
2300213212
3230123130
3233022133
0223012321
3103103012
3100130312
0023213313
0013133120
0033123123
1232123103
0123123110
0133031223
0023233223
0232323023
0033232232
1003032232
1302232232
3130223233
0131123223
0131233203
1130223202
0111303221
0101323222
3131321220
0311323023
3332123133
1032323130
1032123213
2332223223
1331222323
0132132213
2032132113
1131103213
1230123022
1130120312
1333123002
3231103032
3233113002
3132203031
1102303031
1331023032
2032023332
2230130122
1202033032
1110123302
1311223302
3101223312
3021123312
1131113302
1012223331
1112203301
0122203321
2103220321
2012320321
2310320302
2010322132
0121133021
0122133101
0103133201
0223103221
2223123203
0222333203
1222133002
2122130302
2112130310
3213120213
3210230212
3223130013
3013113013
3011133301
2201321023
2230123223
2201223323
1102223313
2111223303
1113223001
1102233101
1013233100
1012333010
1002133301
1010133320
1210131302
1213202302
2210202331
2312123301
2311232031
1233000322
2213200132
3210331001
1200330102
1201133102
1011323120
0010323131
0013320232
1101331220
2101131320
2120131310
0101133122
2001133121
0013330121
0020330211
1110030211
0003332212
1000330212
2003332120
0301332123
0012332122
0213321220
0213131223
2102033320
3101233320
0100233322
0310033222
0122332223
0122333020
1232330020
0310313223
0110131322
3110233302
2110223331
2010233221
1121023301
2100132333
3122311302
3131123022
3031213122
1001233112
2022331102
2020332130
1031123322
2031030322
0320303212
0310303121
0113021321
3213121320
3213021303
0223301320
0121331120
0121033130
3100031321
0110032331
2301233103
3121301102
3121311013
3120313010
3120330022
3121301223
3111332220
2111332100
2111322033
3120133203
3222133220
0322133222
0301133232
0311133031
0113203031
0332130231
0332331223
0132133230
0121232331
0113212323
2113021233
2113022032
2120023213
2103112323
0323310123
0331103131
0030133211
2301213321
0101233211
0303130211
0312031211
1033030211
1013130221
2010131231
3313121231
2013031130
3013032110
3303032112
2023032112
0120233212
1120233220
3321310111
3021322131
3211322031
3031310131
0221322332
3122322032
3223212133
0223232123
2213202323
2220132323
2210003323
0200233231
3220232231
3220213232
3223012232
3023232212
3123112032
3030311232
3210322232
3213000232
3213102231
3212312233
3032132233
3303232213
2002133133
2013230133
1221230133
3122030133
1231030130
1221330220
1121330030
0123230032
0123132033
1122033033
1031330210
0031332213
3031312212
3310322112
1331320320
1031320301
1030321310
1030331102
3100301132
0112331102
2011320131
2013213011
2102131301
2313221301
1110033023
1210030313
1120003313
1213021031
0212031131
0132131131
2232131130
0332311331
0312113311
2331211331
2322311031
2322310232
3332311222
2321113302
2120310113
1120321130
1122320133
1120233303
1200133013
2100103313
0320103311
0223130133
0020133131
3020231313
3012033123
3210023122
3210033202
3210233031
3102133032
1102330130
2130103031
2130001313
1303202313
2131030103
2132033200
2132230201
2220330103
0222133113
3211130113
0122313011
0012033311
3312030312
3310023312
3130020311
1303023011
3300233211
3220023211
3213020111
3023300111
3303320121
2220033310
2320003312
1230130310
2223023220
1222023332
3001302311
3031322310
3030323211
3021331320
3030231321
2003023132
2301013332
3003223131
0032233113
2103223102
0103231112
3033231012
3203231013
3203320113
1103231210
1010232311
1100322311
2020331023
2023131123
2123030023
2111303003
3112303001
2113003013
1330030112
1332032130
1332323010
1312232310
3132223110
0102333110
0302303111
0301313113
3301313011
2311303010
0110133133
1211013133
2221310133
0302331231
1002332111
3132221323
0331323012
2111320301
1211133130
2313203103
1313130103
2113213203
2310213123
3131131223
3213111233
3232113223
3211231133
0231223113
0131230112
3231231102
3121231032
2111031032
2031031233
0130331113
0211311313
0131331310
3230031213
3213003101
3200133123
1322013123
0322313233
3210321123
3220330223
2220302232
0203330221
3000331121
2010311321
2100301331
2130122331
3031323223
3231023222
3231032233
3331321233
1201231233
0311233133
3010233132
1032231132
1322131133
3132231113
0133130113
1132213023
1031003132
1031033120
1032103332
1032032212
1332203121
1013203211
1032321123
0131031212
0231331230
0231332103
0230332021
1330332120
2023033120
2013013222
2010033131
2111030231
2101033301
1010320331
3010303112
3212323110
2113023110
2103133100
0103302131
1113302120
1123130120
0113301122
2112330220
2122303120
2223310120
3133021221
2313311220
3132331200
1123310300
3032332110
3312312113
1130323100
1003323101
1020303201
2120300211
2023330201
1220233201
1210130231
3121001321
3211002311
3121023011
3110013111
0123013112
3110310212
3310323210
2331023310
2311233210
3132032310
1220323210
1213123010
1203231101
1210303310
0211303301
2213302300
2201330320
2231130303
1311003331
3321103331
3122003331
3121130333
3211303203
3120033101
3322123321
3210301332
3230133201
1213013300
1211311330
1211322303
1301301331
3110302211
3100330211
0100333121
3131132330
3013213212
3011323302
3201322322
0113232330
3011231322
1211031320
1012031321
2303103101
0212310311
3313010311
2132010311
2133111310
1300133131
1300303211
1020033311
2001333110
2021330122
2001323122
2300323120
2030313110
2011233123
2220233123
0220133122
1030310312
3012312312
3012323233
2030131323
3023013123
1023033101
0223033102
0013033112
0213233130
0313323120
0031233312
1001133313
0012331323
0200331322
0312233121
0313223323
2031203313
1201203311
3231203310
2011313113
0323123031
2033113032
2031123132
0131223132
0321231321
3322131322
2022133322
0120133323
0322331301
0322312311
0313223211
0120330232
1120311032
1320133032
1320313230
2220013231
2123003230
3113023230
3122323220
3122333100
3313123130
3201330011
2012331011
2202333010
2102233012
2011133012
2211133320
2110130321
2120133022
2121133010
2112133001
2132331003
2230332203
2210330023
1221333003
2213103033
2213103110
2210133101
0210331121
0222331021
0210313211
0203331011
0233103011
0230132313
0230133321
3030133122
3210303011
2301033011
2011033211
2201130311
0111033111
0211323011
0213322021
0313032011
2003133011
2212332001
2213322010
2323302001
2323332200
2233302023
0123312022
0133032022
1032033022
0332332022
1021033222
1331003322
1023003322
1031233032
3220312322
3211123331
3210223311
1220311301
3211311301
3203311320
1103213201
1323223101
0223320121
2220310321
0311333110
1110133110
1102133113
3112213313
1112103313
3210033110
3322033110
3021133111
3321331103
0113133013
1103133002
2113132010
2131130012
2131300031
2131312001
1231303001
1231223031
1201023131
1201323202
2113012301
2023032301
2033012331
2123023201
2213203201
1201310321
1123103201
1023103121
1033101313
0331313101
3131311201
3223131120
1223321020
2123320210
2223322103
3233031201
3233302202
3223322210
0223302211
0233322212
0221303111
3121003112
2312300313
2332303110
2302313130
2102310131
2231310101
3231323100
2132320021
3233321203
3221203131
3231220311
2031300311
2201302321
3231121313
1131021313
1131302102
2313300101
2002313111
2032123311
2203312201
2223320202
2033122322
2233322120
2200332121
2203232011
3203221311
2203320301
2200323031
3203213031
2003213331
2103203133
2133223033
2202313021
2200333223
1200033322
3220033012
3221233011
2212033012
2313330120
2310233013
3100323213
2311033023
2130130233
2131120332
2113230022
2113233030
1101313303
0111313213
0100313132
3131321303
2213033020
2213030032
2213230210
2213130011
3231131011
3233220212
3233110111
3233112333
3233202111
3233102301
3103202331
3120300131
3120322333
3113012333
2103012131
2103312110
3123023310
1130322303
1331312303
1321310333
1121300231
2123002132
0123032212
3230312211
3330213311
3222013311
3323200311
0130233011
1313320230
2311320213
3301133213
2201033313
2210213313
2203030312
2132030212
2123020312
2120230231
2120213133
1120203131
2120031232
2121033202
2223031030
2323011231
2133031001
2203033201
2233022231
1100033231
2110033233
1230032221
3210033321
1310033201
2010333202
2103023331
1103323230
2112023313
2132102313
2132113133
2130102322
0102332313
3213223231
3013323201
2022323231
3022033131
3201323211
3203032131
0323033211
3131202321
3110232321
3111230311
3320032311
3323232310
0020332312
2232002311
2231032012
1231302022
0231232322
2321302012
3331302113
3231321012
3223132202
3203133210
3213133103
3203123121
3203113313
0220313313
1220313202
3331232212
2331332010
2331223011
3331123112
3013131211
0013233231
1112233230
3112031232
3311131232
3121013232
3321033322
3221030313
3321230332
3231130331
3321320323
3221313201
2321312301
3213230301
1322323330
2321313030
2311013131
2321330031
0321330213
3012333021
3323013021
3332013131
0133022313
0331321313
0132302331
2312033031
2320301313
2020333113
0322323313
1320322113
2221233032
3213103302
3222113332
3011331233
2011333230
2013132330
3013132032
3010332231
3110133211
3111233213
0013131331
2033132031
0231232131
3131232201
3103232121
2032312131
2203121331
3031321331
0133123212
1100133212
1011303212
3013301232
0312303213
1120303233
1023302212
3113032221
1231230213
3233212213
0102303232
1112302233
3133130011
0123330011
2101332011
2013302111
1230302111
1230232113
2133232110
3233232130
0033232311
2003231313
1020323133
3202323133
3202333022
0233213233
3021313133
3110313103
3111033323
2121103332
1210311133
2332213231
3332032321
2322213313
1303231320
3103131310
3132313020
2130132123
2130013211
2330032131
2313200331
2013301301
0332330121
3032303121
3131103121
1333023201
1330123221
1321332210
1331130211
1301312311
2013123231
2103132231
2133032233
0113033232
1130332010
1122332002
2100332212
2130322012
3103230132
2130330011
1320330101
2132300111
2223003121
0113310111
1030330121
1230320133
1230203331
1013103331
3013113332
3113033011
3102033312
3101033113
3201333120
3101303131
3101313233
3130331101
3013313110
3010313311
2012303331
2322303302
2330311302
1130031302
1120033112
1120333001
3320331021
3310231331
3312303311
3131003311
3131303110
2132203113
1322023311
1232233110
3032033112
3132013122
1013201312
0031333111
3320333111
3331332101
3221332110
1220331110
1320331203
1011333031
2113330001
0313332201
1133030021
1332132021
1113330020
1113312002
1113320201
1110313011
1120330310
1203330110
3112031311
1122030311
1132113031
1210113331
2231113331
1132023231
1101131332
1131030032
1103103122
1130131022
1101330313
3132130313
3122320311
3223232021
3221332033
3213320130
3222320132
3221322313
3322133313
3122033211
3232033011
3322323211
2120320132
0323320311
0303321321
0232332111
3202333101
3221033121
2323321033
3123332010
3213330021
3021333012
3131332002
2113131002
3131320212
2211323130
2201133231
3103332102
1203032122
2330321112
2300323232
2023033232
2330013132
2330232313
2322033122
2321031132
2331203112
2302323331
0332323321
2332321213
2132232133
2132011332
3113011132
1320323301
1313133001
3132133301
3121332021
3311331023
3311332310
1311032311
3311131311
0331332311
0312132321
1312130311
1121333110
0310331311
1330301311
3321321311
0330331212
1330312212
1332302211
2333102211
2332322311
3331321121
3232031121
3232301211
1323230031
1123231001
3323131301
2033231301
2330131331
2330103321
2332233301
2112233323
1122330213
0133223301
0123233310
1033233210
2333230213
2133210123
2201332113
2331330113
2321133113
2333113301
2303131133
2131302213
1133322210
2130333210
2131330023
2331131022
2331102312
2332113322
2312103312
1312303320
1331130332
3331310312
3332302312
3302331311
3313230131
3312301212
3123300213
3211333013
3231311213
3223203212
2213003212
2133002212
1133002310
2013303213
0203313213
2103330213
2110331021
1330302132
1303302123
1323202131
1322301321
3230301321
1323303210
3130323021
3123030231
3323031131
3323322031
3232322131
3023311313
3223310310
3022331211
3223300322
3120303321
3121133231
3212130321
0211332321
2211333021
2323131021
2103130121
2133133020
1210330301
3322331032
2322333103
2312233202
2312313201
3113132101
3311333201
3110321131
3111333133
3113301103
3323301113
0113303113
1230303213
3233103113
3033233111
3313233110
3111330121
0111331231
2121331230
3132330102
3232030322
1320311131
1322313102
1332023112
1333032113
1303133110
1323030123
3313330211
3302323312
1003233123
1302233323
2302133112
3313133012
3311313212
3312331121
2332331133
3323303221
3223301233
3120331133
1120311313
3110332313
1203131113
3123321030
1003313113
1333131023
1030331223
2100331323
2201331303
2311331101
2313033113
3133023113
3113131113
2121031323
2123033103
2120313303
2031331313
2121230313
2130013323
1330233102
1332233133
2121323103
2131123313
0123321123
1123131103
1023321303
2310303231
1323003231
1313203032
3110303232
2311301232
2201311332
2223231133
2102323113
3102323323
1202303313
3120213312
3132113312
1103023323
2131303230
3213301313
3321332331
2020331331
2320332032
2332033312
2030133312
2230233302
3301333112
3130033212
1300233312
1300332321
2030332311
2310332211
1321033111
1310330113
1103301032
2101333032
0132333012
2113033302
2313133310
2313111332
0123123321
2023223321
1313303202
0131033322
1312033302
2131233120
0113233122
1113311203
0133311233
1013331103
1203331023
1133300223
1131322023
0131333123
1120332123
1132310113
1131301123
2132312310
2323122313
3231322123
2333023123
2232033133
2331133323
2230230323
2330231211
2230331301
2303321310
2221331310
2231233101
2212313310
2212313002
2313113202
2311323102
2331323133
2331032332
2031332112
3313032232
2012313132
2312213332
2033133223
2332313023
2232310223
2231310330
2102331022
2231013213
3123103313
2313230323
2321303323
3223033213
2123031213
2123302113
2101303112
2301321132
1103003312
1113033310
2233033110
2230103111
0230323311
2221031331
1220231331
1232103231
2210301311
2110031312
0130301312
3111301312
3211330302
2211330132
3113322113
2223311013
2211310323
1211303113
1110331303
1121331301
2200321312
2233221313
1300331012
1203332002
1220132133
1200332313
3213233023
3221231323
1222313013
1023233013
1322233213
1302313212
2302332122
2321233231
2122133233
1113213013
0132313313
3232333113
2032333213
1133010313
1301323313
1011323311
1333233011
1303203321
1123203123
3123223213
3123123232
3123131022
2123300122
3133030122
3123023121
0123323211
1103123311
1031131312
1332231311
1132033313
3232233323
1230033123
1312133123
1331132123
0103332321
3120323112
2123330130
2023302323
2310332323
0311330322
1311231323
3331233321
3103233311
3033223312
3220323331
3123323001
3122332330
3212233312
2232230312
0122332131
3232323301
3132312333
1333123233
1332023323
1333203223
1230233233
1231032303
0130312332
2023331233
2223331220
1220331022
2323331010
3323321212
3220332212
2233032302
2232332102
1202302132
1023031323
1201333133
1201331311
1211333101
1212033231
1313133230
1213032330
1210333203
1312031333
1112132333
1213121333
1213220133
1103130133
1132303133
1121231333
1312323113
1023133133
0313133132
1313033022
1023131311
1321132313
3323313213
2332331320
2203232132
2033133102
2321331333
2013311333
2313223132
1223003133
1213300103
2203301133
2131301333
2131312133
2132320333
2132130132
2133131033
2111330333
2110330112
2210303122
2212303232
2213023102
1233023130
1223033031
2113331110
3103331123
2111313031
2133311303
2213131313
3113022312
3111320322
3103302312
3113302032
1113020132
0113322132
0313312122
2310312312
0103323312
0312323332
0213320331
0113123131
0333123322
2311233322
0212333222
1320123312
1220333121
3122233123
2203301212
3233010312
1133301112
3133321310
1130311330
1303113121
3323113323
1203103323
1033113323
0333133121
2303033121
2333003222
1313023212
1313012131
1323112331
2131323201
2231323220
2033323202
0231323121
0233321301
0231330312
0223303012
1022333112
2133032121
1213303023
0213313032
2232033221
2330333221
2131031131
3303313222
3213311022
2313310032
3133310022
2213031123
2212333123
2313031221
2230331222
2323301222
2320313222
2303133322
2003331321
0123331221
3102331221
1102313223
1332323203
2102333211
3132313211
1223030221
1213300211
1231320231
1202132331
3222312331
1232302333
1121333022
1131132233
1023231231
2323232232
2301333131
3212133131
2323113131
2333122132
1330323131
1103031331
1113131320
0131323331
2130313331
3201313331
3211313132
1221313032
1303130232
1103331233
3233011122
2321303211
0023331132
2303331232
3220333132
2130303132
3222303122
3203303112
3201331212
2303330112
3232130112
2323113012
2323233112
2021313312
0131313112
1130303012
1313303011
2203310313
2303313311
2133311011
2033311221
3033312311
3113312011
1133113113
1131133311
1133123101
1133203111
1133233130
1033031131
1130331211
1033132111
2333121311
1233212031
1233322033
1233122310
3133122311
3213132311
3113300311
1131302311
1130332331
1113120331
1333223331
1113113032
1131313030
1313131131
1131310132
3033131132
3310331132
1133313001
1310231232
1013331222
1021331232
1033121232
1131203232
3113130332
3221303332
1013023332
1211302332
2131023321
1313123321
1020313332
2003322332
3033322132
2023323032
2202332312
2323303132
3133103132
3233120332
3203132332
3232313032
3123032332
1210323132
3133322302
1133320032
1100323332
1132322031
1133013332
1132203312
1023213132
1223021313
1232131313
1222303131
3122313131
0223313130
3212333230
3123323133
1123313033
3112330331
3123121331
2113101331
0113321333
2112331313
2312333111
0123331313
3112333112
3323131112
2103331302
3113321202
2133232202
2331231232
3232131232
3211233232
3233101212
1333103312
0323031312
1231023312
1232003212
0232303322
2232233232
2233232223
3233132221
1323310221
1313311021
1313031112
1233133301
0233031321
0223231311
3233131323
3233313220
2233133230
2233131012
2333233131
1133323013
1013332320
1001332332
1023312330
1121332320
3213323212
0213332112
0223311312
1233113132
2211303312
2223303313
1223300331
2223330111
2023321311
1212332130
2221333213
2223133132
2223231302
2223312032
2223130322
1223303222
3223313023
3233133312
3023313322
2123311320
1232313300
2232333031
1233303120
2233300102
2233102131
2231322331
2123323330
2232231331
2233030131
2233310031
3223311131
3233313011
2233313100
2230313121
1323331130
1323331211
2323332121
1303332131
2223323131
3213332133
1312333233
1113332033
1313312213
1113230232
1123233102
1112333202
1102333122
1103330322
1212323323
1302333201
1332330012
1222330232
1223331333
2203332331
2211332233
2231330211
1231300112
2231333122
2213330222
2131313022
0113313222
0121313322
3212313322
2213313223
2213123323
2231323303
2233113021
3223321321
3233023321
0233320322
1212300322
2013323121
2313313112
3113313302
2233320221
0233323231
1203303231
1201333221
1131330222
1133300131
1123301021
1123302303
1123230330
1133230302
1333231332
3113231312
1333213112
1023330321
3223332323
2213023311
2123013011
1123133011
1033013311
3213113321
2133033311
2123213301
2122303311
1203233211
1233231021
1132323311
1330313321
1032313331
1132303221
1233303311
1313210322
0313313231
1313313133
1113013231
3313311331
1313301323
2133113231
1313320313
1313132312
1113032322
2113332223
1110332232
1213232233
3121332232
3231333202
3131330231
2123301231
2213331201
1213312331
3132331031
3231331332
3233310232
2231313232
1123310232
1133232012
2113323232
3132321232
1332321333
3133211231
3133232313
1113323123
1233223123
2122331332
1112320332
1323312012
1213310012
1322312332
1321331312
1313331302
1323323023
1022332322
1132232323
1233233313
3130332322
1132132302
1231321302
1312332102
1311332022
1311321332
1303321122
1323022322
3313302322
1113133223
1213233012
1233011012
1233033232
1233131231
1233130212
1232301312
1332311132
1331331032
1332303232
1033233322
3131233222
3113223322
3133213323
3133303222
1311323231
0331333222
1232133322
1223023012
1322332011
1223322302
1123222333
1130221332
1223332213
1223332101
1223031132
1213301131
1233311101
1232331131
1231311323
3131311322
1313311232
1013322231
1231332201
1232332123
3123233221
2132332231
1323232321
2213233321
1133013121
1331313122
1032323222
2132032322
2133201321
1131031321
1220323322
2203303322
1203313122
2103313212
3133311212
2133312102
2133300312
2113303320
2113310322
2110323312
3103313321
1123313312
1123213320
1133312231
1133132321
1213331321
1133021322
2313321322
2233213312
1123332311
2113332131
2133323111
2333212321
1233312322
2233301332
