--- Global Parameters ---
Code Length:			12
Min Codebook Edit Distance:	4

Max Run:			0
Min GC Content:			0
Max GC Content:			0

--- Generation Configuration ---
Generation Method:		Differential Varshamov-Tenengolts Code
Differential VT Code syndrome:	0

--- Results Summary ---
Number of Candidates:		349536
Number of Ones in Matrix:	105682226
Number of Code Words:		7472

--- Performance Metrics ---
Number of Threads:		8
Candidate Generation Time:	0.58	seconds
Fill Adjacency List Time:	1434.69	seconds
Process Matrix Time:		177.62	seconds
Overall Execution Time:		1612.90	seconds
=========================================== 
230131111111
222301111111
331201111111
333333313012
333333301222
333333302311
300122222222
013022222222
133302222222
212232222222
223002222221
123122222223
313132222221
220132222220
000302222221
110202222220
111232222211
203133222222
100233222221
222222223122
122222223011
222222213033
222222233301
222222200231
222222201113
222222202000
122222202333
022222212230
122222200120
122222212022
322222212101
232222212011
222222112202
222220123031
332222223030
322222233232
332222220123
002222223023
202222212320
032222213120
122222231003
322222110122
302222201222
332222202132
022222113001
322222101100
122222113130
032222201002
222223230123
222220120120
222221110133
222222132110
222212230130
222223011230
322221112000
332222112033
222222022220
322222000133
322222122213
112222233123
012222230222
222223020131
002222201131
032222100130
202222113010
302222202311
332222102201
333222201101
333222203022
133222213010
112222201030
232222101333
333222230000
002222232001
033222202031
033222212322
303202222211
330232222212
330122222111
210102222211
030122222200
302212222220
302003222222
002222112332
202222230032
122221112231
132222112121
132222103031
133222201332
122222003002
222221103302
232222133022
322221103233
222211111201
212222201321
312222230331
312222232010
022222002112
222223013102
102222232130
000222202330
002222133230
002222121000
302222122022
022223023022
202222103123
203222203013
103222202020
132222122232
002222002033
023222201200
022222033103
222222333223
222233333333
022220222222
032222132102
022221102103
002221113022
222221000203
332221110230
332221113101
333222103230
332222131113
333222122112
233222112330
233222232120
333322212030
333322213123
033222110123
112222102322
302222002120
100222201123
122222021110
123032222210
213222202310
110222212300
100222212013
312222103013
110222203012
112222130002
000222112020
000222231022
122221101112
222221003110
122222333112
022211113102
222211133111
122211113033
112221113011
102222131101
103222113023
103222230333
302221112123
012222122123
112221100123
323222112303
123222232302
132221101003
222212010103
033222122003
033322223013
333332203011
132222332000
333333230001
333333202123
333332212321
033333212013
333333112330
333333231130
133333312303
133333301013
333333103020
233333301300
233322201222
033322201130
333322100120
033332202020
133333232320
003333212300
033333133011
003333301211
003333203012
033322113020
303322202300
003322212311
003222102121
213222112013
202222122131
232221102032
003222101032
000322213012
003322201021
303222231011
333322101033
333221113032
233222130033
333322133001
133322112011
223222101010
333333001333
302222031333
103222132031
133322232331
100222232321
033333230332
033322102332
033333002322
003333231222
033332231121
033333122121
333332132131
333323012121
333331112022
333333121002
133333130022
233333231023
133333101321
333333032032
333322002231
233333002010
133222002122
232222032231
233221112021
232221130000
212222003020
212222131031
122223012001
213322212303
233322122022
003223222220
012133222220
113322202013
103333202313
033323222211
033332122230
033332103123
003333102023
003332233023
333332333033
333332033122
333233333330
303322230222
103322232123
333222033133
032221133133
333221102133
033321112130
313222232323
213222230021
012222132311
113333230221
303333120222
302222033021
331222232301
203222132322
023222120222
003322231332
103322112320
113222101120
233221103120
332221003000
302222010000
233222011000
202222001001
203222131130
302221101332
300222102323
223222123333
023222231313
010222201213
233333123333
003333101330
232211112333
322211133303
222211102223
222220002211
232221000121
222200000013
232220003033
322220033111
322220000302
032222011111
332221222221
132213222222
333331101132
133322131122
033332001032
333331000121
133322003021
333330003002
333311113230
133331102120
133331113010
103333112012
103333131123
033331102031
233331112311
000333302312
113332212312
133333021122
233332230030
033221103001
303222120001
103333231010
103322103010
203322232010
220222232012
230222230103
100222101331
003321113011
303221112311
310222112312
333223012333
033322032033
323322201213
113332201220
233332001120
203332201310
320222201312
003322000123
003222003130
003332132120
203333122320
223333301233
122220002100
322210000110
322211112212
132221003132
332221002212
132220000231
333330000230
203222002331
202220000130
212221101130
012221101222
200322201211
113033322222
023033222223
130132222233
133332120033
333332022003
333331122201
333211112003
223222002023
332211103202
333211110122
332211101110
033311113121
032211113231
332222333302
122223333300
332223123021
333313123123
233311100123
333211100231
333220003301
033220000132
333220123010
333322011110
333221131100
330232211111
333321132232
333222322200
333320222220
313222131222
111222231221
013322231223
013222001221
012222031120
320222231223
033332332002
003322130002
313333232302
113333102300
223333202301
203333230311
303333121311
323312111111
233322121131
333322332103
333312302202
233322332230
333323333200
033322333132
303332133012
333212123031
133221132002
333221033202
333223023120
332322231201
033222333201
333312023130
333313013031
033321003131
313332201303
023222033012
233222022101
033322021103
013333230110
123322230110
011222230111
313332230013
333321121113
333321002102
333300000112
033312012122
333312301113
333312313101
333331311111
333330222111
133332322101
313233222210
333311003201
333210000202
332211000103
233220002002
332301111100
332322230112
103222031002
130222231202
030222230312
221222230220
313322003012
333303023022
333233120130
333212030120
033312320120
000333230020
000332202323
031222231233
033330002101
033333010000
333311101000
032211102000
332111113000
322111110103
222111113213
033311133002
133311112332
133331131333
103322121333
033211103132
131333333333
002333333332
033223023011
033233123022
233323013013
133331222000
133322321000
133331333001
333331031103
133313023010
233333021031
003332131031
203332101221
233332032021
203332122011
103332002321
113333120331
013332112301
303333032310
113332132010
313333120010
213333101012
223332231012
133311000130
033312312231
233332022332
003332022131
003332332333
103332130332
133321002333
033311002232
233221002230
133331032230
233321133030
133332011133
113331112323
113333033013
213333132313
213333131220
013333001200
030333201230
100333201223
310322201200
331232222000
103332121022
303332001023
003333011033
303332322322
000333120332
203331103013
000322103023
200332212302
000332112310
013322101210
213322231311
223322102313
313322122311
313321112300
330333123111
230222123111
023132222111
013222121011
303221101021
323222121321
002211110121
003321101122
003331003021
303322131020
100322101222
032322101231
221222101223
003222022232
103333022030
003323012020
000333121120
200333102303
303322022021
303221002322
232223012322
303333011322
103333031331
133330033131
000333001321
303222021131
012202222111
110333301302
333302330121
010322202301
222111100110
233211101033
033111113033
033211132233
033111112201
333111133203
313331101211
203321102020
123221101300
122211132100
001111112000
102211112001
221111113300
121111112203
321111112111
311111110200
011111111233
211111112221
111111113311
301111112333
231111102233
331111113212
231111101100
331111100113
211111110012
111111103222
332111100301
332111122211
031111110102
131111110231
022111110232
313311113012
133111101112
132111102103
321111102220
232111113122
312111112322
333111222222
322111103312
233111102002
001111102212
033311122112
003211112032
012111112011
303111112021
003311102333
203331002330
011111100303
001111131111
232111131113
312111101333
112111112230
113111110123
112211113120
311111133320
131111132110
133211133101
323311112313
022111133200
022221032200
002211100230
003111110130
102211101133
101111113132
001111133302
000111112122
303211102120
023111101222
102111100122
111111230122
202111101003
302111132002
002211132112
012111131122
002221122233
301111103001
302111102131
202211103031
003111103231
313111101121
100221112330
112221132333
113221102030
132211002233
013221102323
103211103022
113321103023
233311003022
303111101032
213211113023
223111103020
113111103130
133311033033
203311101130
000221103030
000311113020
312221133020
003221131003
003111132103
300211113013
303211131333
113321101331
013211112310
103321131032
103331132021
103111132232
303311132322
000321112321
333111032111
033221032112
022111002111
223111102331
123111102013
103111131000
123111123333
223321112012
033111002100
100333130011
303331130030
300222130030
013222130330
003331120003
000322230031
003222333033
000222030003
002221333000
000211133001
002221003101
102221033033
122211003301
323111133011
113222033030
033220033000
032211033100
313222001330
203322001030
013222022020
000322122130
003221122102
300322102012
010222101300
110322102310
300322232313
300222121120
300022212301
021221112301
022211003212
000221000120
002220001113
032222322110
332221333110
132221032103
032220002203
030222002302
223221132123
220221112313
200221102011
023211101311
203321132331
313211102011
110221112023
003211000131
103221002001
112221122101
102222022102
202221032002
013221003013
003313123013
222210003220
022200000200
232111003133
300111103123
322111003223
202211003122
100221133120
103321003120
100321102123
021232111111
002220003232
000222032131
000221131132
000022102311
300332230211
000031113012
000000112301
000331133123
330221101012
111221102311
211221103012
100331102311
003211121113
201111122113
220111112023
200211102322
123222130211
233300123012
022223333211
222212312111
222212303313
222213123002
222213120230
322212123132
212111133032
313111130033
232210123013
111111033332
222111033320
212111132101
123111130322
120211112302
300011112300
100111101101
302111001102
102211001000
003111003003
122111002200
223111120003
112111121100
002210000102
023111122120
013211101020
211211101123
213311101322
013111122332
113211132122
012211122022
012222020001
233331332122
101111001110
323111131130
200111133130
330111102310
000311132131
201111033000
333311022213
323112222200
003322322201
003321032101
233321001001
133220001103
232210001100
333210001111
203311002121
103220000121
113332001011
013331131013
103332030001
223211003011
033110123011
030111101211
210111103011
110331103012
011111003211
121111033111
013333022012
003311033132
201111000132
012111003120
211111000023
003211032202
032111003302
010111133023
000332002011
000022201010
111222002010
311111000310
221211102310
300311101011
000011102021
100311101332
100331101020
000331122022
110311112010
110333101210
100011103010
103311122101
123311101210
203331121332
003331222202
003331031002
030311102302
020211102012
022212020122
003321222113
303312222110
013112222213
223312222212
000012222111
000221222212
000111222223
200111122231
000111002201
100111122003
200312222200
110012222212
100211122132
333012222123
300012222233
100313222213
110333122013
233331222133
303331022120
203303222210
033311322200
023333122302
320331112301
323332101200
330333101201
000033301200
300333231200
222311101300
023331101303
033320032202
033111033212
032211022210
133211021110
103223222111
133221222213
033210222221
033212023121
332211033213
332210003312
001232222101
020212222201
021232222233
221232222110
223302221111
232211222111
232221021113
233233322221
123332231233
102221222200
100011222201
000023222203
103111002133
113211122231
113222022333
312221002331
103211003230
002111032213
322213130120
222212313200
330222001210
333112120121
113331121130
213111121133
233311011100
310331101300
330332002301
333022230231
333301232211
333223332211
303312312011
233312323011
133323322110
133313322223
113313222200
013302222100
011202222202
111303222212
011312222231
131111022220
111311102320
103111222210
333110002210
131110002111
033300022210
233111322110
133310022100
333310033113
033210003233
133220032233
103320002230
003300000231
000321022231
103321022132
033110000301
013111002021
032110000113
233200000101
333110033300
313111033022
012111001032
011110002222
033110032223
131111000202
130211101200
003113322221
212111002231
013111121001
023111222231
123233222202
213203222223
220233222213
310302222203
120102222202
123202222000
211302222113
133111332213
112111022212
332200022222
333000002221
122200002223
133200002212
103100222221
331110000223
301110222211
120111122311
122211322211
102211022113
302211022201
002110022220
202111022100
301110002000
001111332220
113111022000
312111030000
003110022111
203111221111
112111011111
313212221111
302211211111
323230121111
223223111111
003221011110
012211121131
002221321111
202211031103
113211001101
110211101031
132211331111
030112111110
333231012110
001301111112
120102111111
130301111113
101231111113
320202222113
300203222200
100323222100
303220222202
123112221113
123302222133
323103222213
323123022222
322223332222
332211332220
032221332213
132210032200
122110032211
133200322220
033303332220
333100332222
333200033223
333303333323
003200022223
032100002211
022100032222
122110322222
333100003313
231113322222
223111032122
002311123111
023212211110
123113111110
013110111111
303111311110
313111011103
233110031110
033311331110
313211003123
003323332212
003222331112
003310001112
233310001133
200111011113
032200003110
203221033121
313221032120
111211003020
312222332121
013111031131
030232221100
130202222101
332302222131
031212222122
023133322212
222302222102
321302222232
323300222201
230132222102
330113222201
023000222212
112210222210
112000022220
110113222111
011233222112
212223221111
123033221111
000323221111
310213111111
310212222100
012213222203
013211222101
303211222000
300111222112
202220222110
210203222110
223100222110
231100022221
233320221110
103331221112
033301201111
013103221111
023133311111
013033322111
113103322211
030102221113
103330222103
000330222112
133300021111
133210322111
203210222213
212110222223
012111322201
033210332210
033313333312
332213333311
333110333211
233211033231
232210032113
033220333113
233233333111
033213333223
022113333222
323100211111
300300111111
310302221110
230202111112
021202221112
331302211112
311303111110
031202111100
113320222112
323213222112
302113322111
320133222110
003213332111
200233322111
000213322210
232113332211
202213322223
302221332231
100103322220
210133322223
212333332222
330233222103
300221222101
301133332221
002203332221
112233332211
133133333221
111233322200
312213322212
233220322212
211223222201
000100322211
232233333220
033300332111
103310322212
303311322231
103111033201
203233332210
103211322203
233211332103
223211132030
112113332223
112211332202
331113333322
011211130222
023221131221
300211131121
210222131123
003231232211
333231233221
103230122222
112333333321
303100022212
312302222012
313110022201
103110002202
100311002022
313111032230
310111122130
210111222202
000311022102
100211032231
103310003001
233110003102
233330011112
213332121123
203322021122
013332123222
013332130211
213321222231
113332333123
202110002112
323012232222
002302111101
300213221110
100311211110
220113211111
113323211111
110012211111
123300111112
123302211100
120212111100
221012111113
222312211112
213311211113
131312111101
332312111133
330103211110
333012211130
010111211112
020203111110
131232211103
223223222103
203221221100
202223331110
321233211110
123203211113
223303311110
123222011123
123221222120
122220332210
123222332013
211222231013
303220221113
110221211113
103221332133
111211131130
123211131023
302223322100
103313321111
303303322113
333023222013
033232301111
133312303122
133310333202
113323332201
111233321111
301233222011
303223322233
302200322213
302220022133
100220022201
202200022200
012220022230
113300022202
233100032200
003300002000
023220002010
000200002202
233000002110
213000022213
000200022110
200200221111
302000022111
112000001111
201100001111
000210011111
000310000121
203330003123
000110001100
100223311111
111200211111
111211221112
211210111110
312220211110
212200021110
012110221110
012213311110
011223111112
300121231111
112222311100
110320111110
013323111100
010312211100
112302111130
012211221000
212100322111
202110331111
301110032113
311203221113
302210031112
300100021113
100321003011
103330032122
213221121122
303103331111
303311333121
103322333022
110322231010
102200332111
312111321113
031211131210
000000230111
020120121111
130123021111
330133321113
213213322113
313233331110
313000322110
313110021112
113110000122
223210000123
313133332213
222100000221
131000032222
322210333221
232110000232
323003322200
302223333133
112220331113
010230121110
000223012011
103000032210
112110332110
111223221100
113223332112
012221222132
312221221103
011212221103
001212111133
013313222133
312003332111
330012221101
002110033110
000111333112
213111331112
210133331111
003133333311
000233333300
300233333112
112203333110
102213333213
301113333110
302113332200
213000331111
203200031113
100200001112
312220001122
113220003022
303300001101
103300331110
003330011100
103320011113
013200011112
033200033312
003323333103
233320333101
000322333121
133003333311
132100033111
103201231111
131110033210
103331333130
100133333210
113113333212
203303333112
313033333312
302033333211
300103332212
120133322201
303003332223
213033333223
233103333210
013033332200
113133333300
233113333303
212113333113
201113333223
303233333203
103313333000
000313333202
100223333201
003330333231
233300333233
203313332233
232200332223
203100332213
103311331103
303313332102
313113322100
303210332201
223113332202
200223322202
003220332100
203300322100
003110333200
000211331100
103200333212
203223333232
303220333122
202213333302
003210033301
003300333302
022210033313
013303322232
012003322210
301000332211
202000322221
231003333222
023003332112
123033332233
123223333123
001233333123
123233311100
030233311112
023203221100
203210321110
000222321103
000023322112
023223322122
103110333113
122111333313
003330321113
102111333100
002103333320
332200333320
222200033321
012233333202
213213333201
101033333322
332003333332
100323333132
233321331133
103300003132
003200003103
300220003123
132220333203
212203332200
013021231111
113322331131
013333011311
013000021100
212223333003
303223331000
302220332003
112220031000
011103333333
013223331101
013222321130
223222331121
221233331112
221233332201
220133333301
331233332122
311233333101
312213332103
323103333201
300303333101
323033333100
223003333302
000300033201
013200322201
013303333131
111223333230
032000033221
032231232222
303000033112
202200333100
100103333303
100300322203
100220033230
100110000230
000210333233
303300033230
001100033220
332100003220
302100032100
303310032131
323220022121
323110033121
000330002130
200211002130
123113331101
001233311101
231233111102
123103322102
223200022102
203220032132
113221031132
212221333122
300110322202
220113322112
330133322000
023233322000
020303222101
222110333331
222303222231
323113333132
313211332131
210211122121
223211022131
013211333120
110313333231
110213333102
113210331100
113200333301
113220032101
312200032201
023203333230
200013333230
113111333003
013220221102
013210002120
012110022102
110111031102
100013331112
030133332101
323123232111
012220333130
210223333131
223323333130
213220001131
111222011131
100220011100
000322011102
200221022122
330213333120
213210033122
213100032112
113110003231
113200000230
311110003321
121100003211
313300003120
132110003203
300111002332
112210033232
203110033232
202200033233
200210033131
302110033003
212211033001
213211130002
012211032332
110211033121
012210003021
012221032021
013300003011
110222022121
111220033120
113331031121
112200003102
111100003333
101110000103
110100022100
121110003300
222100003330
002100003312
000010033122
100210032102
112210002003
132100000100
111300000123
111200021103
111200322112
021110000012
311100000011
012110002333
100220002333
303300002333
000100003233
000010022232
303310022002
313310222232
313310002322
113322032322
203311022033
323111022032
212200002133
012210011103
110100002232
013100002131
113200033133
213100001103
312100001000
012000032233
112000033312
122000333222
112100333200
012200332102
313000002102
213303332103
110303331113
213323321112
313303333002
213000033202
113000003000
100100033000
100000000003
103000033303
110210003130
312000033103
110300033122
021000003222
321100033322
012100033002
301100003202
200100333202
312210333002
313210333230
303310333032
203210333003
111210333131
123003331000
200300002122
013311033010
012110333101
002000333311
101100333310
312220022002
213220222000
233310332000
203322331001
013213332002
012211330003
303210030000
023113330000
213110032003
213310031101
123000031101
223100331100
100300031103
100320001131
303321031130
000000231200
100310022133
113310332133
013110332231
110310221113
110220222103
010100222233
012210322133
110111322233
110200332233
013223332333
012222331332
212220332232
223200322233
223000002232
023000022133
213300032231
311203332231
312111333231
300323332230
331100333331
203320033031
213322033023
213310003030
313110001033
323200333131
213221332001
113222322002
113321130001
111200032002
213320002021
213322322121
210313322201
100013322103
200213332000
210103333000
100323332003
311303322101
233321322003
213211021003
312211031033
313210032032
111210002332
111220222232
313200031003
323203331103
013000333003
323100032002
123100022230
200310032230
323211002330
313210311113
123200032120
123213332130
123113322033
223211322002
011200022121
023200001121
223100003001
302100000132
302000002203
000020002031
200210002001
210200003121
013220333021
111222333011
313321333011
210322133012
130113333011
110110033033
210210022231
010123022221
210200031102
023000030000
023110032130
013110321103
010100311113
010100001122
010000003332
111000000032
003000000302
013200001333
130000033330
210210332101
220203332102
013110011000
220203321113
020233322133
020103332231
220103333133
220100032101
202000003113
300111332101
310110032122
013300032022
023303332001
000310332103
013321332123
030223332123
010303332122
013310322122
210110333132
023300333120
330103331102
230103322121
130133322132
120103221112
030133333032
001233322022
020133321100
010013333123
020200033123
020000333333
231000033323
201000000100
010000000021
033000000213
110300002001
131100000312
120000003321
010220002311
031000003311
310220003010
110010003011
120111003012
123110030001
210110003022
023110001332
113330001332
313300031132
211300333121
110330003023
323000033033
200330003010
300300003021
300111033031
020110033011
100010333001
200320033120
230000000012
000331332001
000032333011
000033231211
000003232312
000033122010
320100333230
200330222231
030203222231
000331033030
310311003013
000311001033
300333001012
320100000123
323310003023
123300001222
123100332333
012220030033
211200033031
023200032031
311200032130
310200002022
300200033032
100330032031
200330332121
000030332230
000021333130
300300332132
320203322232
320100022132
220313333121
001233332331
123233333032
203330331033
310203333033
310100332003
230223333012
330203332001
330100022001
320200322101
300220331101
310203321100
020200332130
123100011003
331303333011
313330032011
313330332120
013303321000
313300311100
010203322003
011233331003
010113332033
110211321103
011211132013
211213332132
011203333022
110311032130
210211332230
113331332332
100331322230
113330322231
213331333020
223330333011
213323330000
200331132010
013310022031
000320022003
233330030003
313300020000
303320221000
300110331000
320100221100
330110011101
330100001130
300200021000
130113111103
120133331003
123110021131
111311002011
220200333001
320000000030
123300033010
123300002311
323332002312
123300322121
123000322003
330300022120
331303222122
223330222122
120200222122
223311122021
323321002013
313320022130
311300322230
111300222000
211313222102
330312222002
123110222002
010113222000
310111120002
111211222003
313221211000
313320322001
323323322131
130233331131
321312222101
331200221101
031302222001
130102221000
313311221102
030113221102
010013222122
030220222120
100010221100
011323222121
023312221000
013332322023
111010222101
311211222230
121203222230
221303332230
020110322230
120303322130
020312222132
021213222131
331223222130
311012222132
321203222003
323323222002
121233221133
010223221133
211200331133
210300322133
212222322033
331233322033
313221222033
210323222003
220100322000
012220321003
213221311103
110322332120
231232221132
101232222032
101312222011
101213222123
101202221131
131202222333
310023222131
310013332130
130302221132
230113222130
230202222032
121012222120
123110333030
013210331033
223210031002
023210022022
123210001020
133312302033
231200222123
120113332332
123303331122
221303331101
120100331131
130100333123
130110322120
030100321101
010300011101
030223211101
013320021121
310320221101
220300211113
200311221103
230112211133
220110222103
220111021101
120213221101
223313321103
221313111100
210111311100
300313311100
230133221003
023211221132
300023111113
200211121002
100311130002
200011132123
300013333022
300330333020
210111032333
200211130033
200011003023
220311133013
002311130100
023211311101
023221221001
211013322230
301232211122
222012222001
232312222010
232302221120
220323221102
323323211103
023310111103
123111311132
103332311003
210313331003
113330331002
111300333032
010330033012
013330221001
111310033021
213311131031
211311101010
111311332121
011303311102
210333231213
303322311132
223310331132
120212222033
120111022123
030111121123
330111131020
300311001120
110311121122
023220222333
020223222032
300322031123
100020032121
100320321112
100221021133
111221022130
110210322000
110010322132
220221222230
200020222132
211220322131
221200002331
100020003020
330113330003
023111331333
023210332332
112311130133
230303111101
203331321101
330223111000
030103311000
030303331130
230202211003
230203221122
330200031121
130200033013
130100001011
331200032011
331200002320
320200311112
323210321102
221200211100
201231111000
023220111000
323200001032
223211010000
211200330000
123200330002
222310003012
322000000311
022302211133
023223311133
331223111133
121200111133
030200211133
220100001033
113320031033
103321011000
200221011003
220210311103
000331311103
000021211100
200220001032
213222021032
220220001120
200022003012
012221021333
100331331122
223231231113
123011231110
200311332032
220110032032
330311132012
200311031001
220111131332
210211021132
210013321102
211300001130
211330222130
323300321133
210211032022
210010002123
211310032120
020213331122
013311331022
333013332012
230303332010
130100332030
020100331002
330210032020
130100030022
331310002012
010310002010
230110022010
013311001330
211211001331
230110001220
030100002020
201202222021
231203322011
201212221120
220210221000
210300021003
322302221003
322303221132
322323222120
321210322130
320210221133
323222332330
323211032021
023311031123
230110221121
320110002021
220310022121
320211033010
020111001020
000001002010
000021033021
300221332022
310220322122
323220322032
000020332002
000010031003
003010001201
002311001301
310211331001
323211331032
221213333031
230103331031
030110333020
030200332322
313222330032
113322010003
110311011003
010313311133
230233311033
211213321000
010210030001
013330030030
010323333020
000312301101
330211132323
030111002323
023320002323
323222020332
321300032123
120210332123
330123122223
302302222323
002303222020
300222322332
300022322123
000033022123
000030002322
000022022022
100322021032
110222121022
310222001023
313333022323
130203322022
223333011123
130203221033
330213321132
030111311131
230100311122
210310311112
011210021130
300010031130
130200321130
001210032012
101200022013
303331221033
300323321133
303322320033
000332321033
300211322033
320213321003
330221032013
330220222031
320300222033
230213222021
320210332031
320313333030
320303332333
323310331001
010310332021
210330332030
200322322031
300023322001
200323321000
100222320000
312221320000
123303330033
123200020033
020100020003
130233220000
131212221001
102303332300
331211322123
230300222011
130200022321
030200221002
030200031030
330220333023
223220031333
223221030032
023221332020
221211332120
323221130331
020211011130
010211022030
020111130030
320211122020
320111121031
030211333013
031200333010
022303333010
112313331200
113332300000
100321121001
210222321001
013222300003
003212301000
300222311002
330111311002
320211211102
320110021002
120110011122
300010211112
130210021123
000001001123
000000101213
130210111132
020013111102
130211121013
311211211133
110010011133
111311011132
310013211103
230200001323
123220211132
220220321132
120111331120
123311332010
120113211000
000312312022
100022332030
100011332333
110011333030
110221331033
000001322121
110321322131
200011331131
200320332333
200022333023
000033131023
330200030333
300310030033
030100021333
120200021332
120211002313
221210011132
120300011130
131200011120
101200001300
011200010003
323220010003
321200020002
221200321003
030210111003
230200032310
231203332320
130303332321
321200332022
311313332022
101203332010
100032232012
300030002013
330320002313
300320032322
320210001322
330110031332
310321022123
330110322333
100030222033
310211130332
010311130011
010221131010
110021133013
100022131011
120211131211
100001332011
100001112312
100011031032
100000301232
100000130012
000002132013
000002331120
000033011130
001203321130
001203221001
001203222332
201203111131
011300221132
030222021013
100033302301
100000201301
000030021101
000013023012
000303023023
000332020002
200310020000
230113110000
013311010002
013321211132
230213311121
300331032023
110031332123
110011002321
202303322012
330333230233
300332101313
201221101231
201233331020
301233000000
002312000000
211300022032
220300030002
200301231112
000301232100
100001222130
000031221133
023130131110
100032322021
000002320001
111023222002
011223220003
111222120031
121223222021
120210022011
120220001013
220220032021
120210030030
210020333011
200020331122
200330031022
210330111103
301201111033
231301111003
331203311003
131303111132
332303311131
230312111002
123313311002
121233321002
131233330001
121203111000
110331211102
210023211112
312323222301
321223331130
220013331032
220222331030
121200331030
123221321030
222013332123
123220331322
223320332022
320223330002
123223300000
010223310000
110023331002
320222322011
323332322010
010322322010
101232210000
220222010001
110321001030
300023330033
020023333013
120223331021
311210331122
311313331131
121213311131
230013111130
230221132301
322313332011
330313322031
130313211131
300321222032
130303211002
011323332011
102301111002
001302211002
001213111002
221211211003
201232211033
220322201303
001212220002
221220033010
221300002020
222300111000
123330022013
222310032023
001310002302
211330002013
211333301201
121013333012
210330002320
210331322120
010320222022
313320011002
330200310000
330110220000
130223330030
221210032322
310010111000
321220111102
111020111103
010023111003
320220011131
301223111011
110201231100
300020011001
000022011033
000001311132
130012111033
000001132320
030111332330
230213331330
131213331123
010220021031
210010031031
311210021001
330211011031
130110321031
230312221031
010010221131
030110222032
313321021031
300321331031
000031122331
000000123330
000022121332
100022022331
300221120333
210222120332
000301012032
000031101222
000332131322
200322231320
200021131020
200022321130
200022011121
210222032330
000003011021
300021221122
000003020030
220023311101
000201012101
000003121311
200001101012
100003031013
110030331130
220311132320
200022122320
100032121123
100032112303
100002002313
100332001330
200331021130
200332120030
100033201312
000230012000
100003122300
300032201203
300330220003
100331330033
130310332013
020010332010
100032231220
100031131330
100003230210
110033230111
000312302230
300033132302
300333130323
300000230233
200002231213
010300330033
010020032013
230100220033
300000120110
200000131302
300003001302
200003032303
210023322032
300021101310
100021001322
111010001120
111013321133
111323322033
000001031331
000032230330
200022230311
200332331331
100032311131
200002322311
220222130321
320300311003
020012211003
030111210003
030303220003
320303320000
320030333012
000031321002
011313211003
111323311000
031303322030
010332101203
200032101300
210320211000
211321211101
111330311101
311300321002
013320321032
330300331022
322300333023
330311331123
130313331222
230111331221
310310321033
030111030021
222303321033
321303331032
320300031031
323330001010
121200021021
120300221001
122302200000
230012000000
230203300003
231202200000
030220100000
032302110000
030213320002
013321200000
230110300002
320211020001
023210320003
123313220003
131313000000
330323200000
311313220000
310311300000
111310020003
111010022022
101303221030
001302221333
131302211033
110020021122
111120022123
311221122010
310021002012
310020022020
210021102300
311311122023
331300001023
330300020032
230200010031
231200001210
310221030031
311211020032
210221020002
111221011002
323221021022
330211031222
320310322022
320030222123
210322011031
223330011001
200030211003
020320322123
020221022023
021313322120
030013322020
021210333023
031300332023
331220022023
320011332023
132303321123
023221011332
223321011131
000312012331
010310011032
010010032320
311010032010
311320033013
311011333013
210011132311
110332032311
010321132313
211010002311
111333002312
111333230012
310310001331
110322001321
111322131023
211222332020
213332331322
110332331021
110030321001
010030222011
110332022020
100033021020
210011031120
110032002300
321211011121
331211121221
010311001221
030211321021
221211130021
220221121021
320221001221
210021101211
321221101210
220321101220
320221131320
020211031321
020013332321
310023331121
010220031322
310011101220
320311101323
101203331222
121211031220
101200332323
211221002320
210011121030
211221031030
200321031332
210321131321
111221131322
010311331331
220321332011
210332131310
202321131230
101311131233
111011131011
111030332011
021211331011
221011132012
110031032010
300032332310
201211131301
130111031311
123221031311
220222021331
123222311331
200021021031
220320022030
210020001330
300030022330
320010002310
220321002310
320311032311
120320032012
200322020333
223322020031
310322020030
020222120010
110321120032
301302000003
201301100000
201212100003
120110310003
300321010002
310321211033
313332311031
331211130311
101200031211
030220331011
030320001012
201213331211
102303331211
010321121023
023321130023
023321121010
021221001012
023321001211
221020002012
221221022011
320322121013
121221002302
222322002302
322311002303
123311021011
120310001211
210331022011
210331311001
013311320033
211311330001
323311310003
123211010333
020310110000
131211332012
211311021121
200332300003
100333010032
112303000002
210010010003
112310030100
002300032303
100030030333
110031101323
200031001311
200333030330
200000123211
230300031211
230211001312
201211011012
222123111001
122312211001
120313221032
331211001323
031210001013
010011021011
311321101223
103313012123
310322121221
103011012111
210331221032
321013111003
321213310000
121210100000
331211300002
230211200001
010010200000
101200200002
110020020033
110022230023
210020030022
210030001221
130111020030
030111120331
130111120222
130311222023
200021220003
230222120200
020110030333
123310031330
110333031320
111030002323
111030322120
110003301201
010001101301
210002232301
110000230302
211010211102
111010330002
200030330032
100032310002
120223210003
130300110003
132312100003
131213110003
331012110000
032012111001
201200110001
301202210032
330220011022
331210211002
333123000001
120013300002
322023000000
033013000002
011123000000
231223100002
031200320001
130210330021
330221130221
011300332331
020300022331
123330100003
120323111033
220020111133
322123111130
120221211031
122012111122
030320111131
111321032020
331220200003
201200011023
201210031200
301210001233
001210031323
001300031013
101300032312
300330011333
310330021021
300030031321
330330031013
330331322013
010331001313
200333020021
223333120023
230300011020
222300011122
020300021022
023320031020
021320333012
023322330011
022300322011
002300221123
102302221021
000230023132
100323012310
002302220032
010230231000
020321031013
220022022013
200032031010
220333021013
200002021023
223333031211
010322031211
110002001012
300332021222
313331020022
213332320032
221313322032
223331220002
222311200003
111331222022
211330322021
032303221031
231203211032
130303311333
330323311032
300020321032
322323110003
022303300003
021303210000
020320200003
002300200001
031323111001
332300211001
332303310002
332320100002
130313310001
223230301000
223201231000
230120121000
331310222021
322010100003
312301100001
312302111011
230230120003
220311010033
213331011333
132300031012
220330320001
010330300002
220333032312
220030332311
220330311131
222011002312
010033032301
102303222311
202303211011
001303311031
101303300001
003012000033
002313110001
002312111032
302012111010
003013111011
202301110033
003301301100
000301302133
000301210131
000012301333
023331300001
323321332321
100301232233
100302123013
210032122012
200003120013
100000120323
100003123222
110001022023
100313013013
000031010003
110021210000
130221011010
100012012010
100110123012
000002030322
200022130222
100033030222
300030020022
330010030011
210030220002
210332130023
010033230202
311020100000
023333230203
023331032313
011311032323
001303322321
310332332323
220322032323
023322032300
020322230213
120222031300
130320001200
130330032302
132310002301
120322132301
221222332311
311322102302
330322122303
330322131312
130221122312
020322122312
010322130220
110022131320
010022332300
001013332300
100032130321
111322021120
200001222322
000301223122
002311222012
100012302322
321311022010
322010022013
123322331220
301211120100
013331130320
021220300002
001200300033
020220010032
120211310032
010011310001
210301230000
320231230000
323230231100
333302303000
131303331020
001313331010
001313211130
002313332313
003013331213
301200311010
320020031023
221010031123
010030321123
201303311123
010033011012
001013322013
111022122013
011013300003
001213330021
201233320031
021313320001
020323321031
030333130103
301203320020
202303321220
230323211120
230222331213
210023331333
220221320033
230013332313
232212302003
023011302000
213321120333
311321221130
320311321130
310221311132
310320331332
211320331031
211322311130
023322311030
011211311032
111331331030
110031311032
211331331123
310011011022
110003131312
010033121302
110033231303
111123332331
111330032330
313331030331
311220032321
023320030331
221310030031
011300001321
211310031332
223322330332
013322310333
110321030333
111222030332
111120030030
111120333023
101222001232
111333021023
011222010030
311222310001
021200030332
031203331332
031200021322
020211322331
010211123333
010222013333
110022011332
111123311132
211123331120
002322130133
232212301112
010321311121
000121130121
302321130122
020221321120
320320331120
222322331013
122313331023
111011322031
221311120030
211021222030
110331222333
310311322332
211211322333
211031222123
221313331333
120323331330
120023211130
100333023333
110332120322
320333121303
222323330031
123310211033
220310021333
110000131203
210001331023
111021031123
110001031221
300001131223
310031131012
300032121211
030331331012
330332331210
020011132303
230311131203
020022101233
010033001233
220332001210
130022201230
310000201230
200002011330
220030221130
220002201232
100230221230
100302012120
100231232110
022012221130
210001211130
300001211031
200031311333
020333131233
010333120223
322313311122
130220020020
000233012333
002303111333
032303211122
102302211332
302303111020
000213012120
220021021123
223321022322
323311120332
211321332330
330331332300
331313332330
323331331330
332320332012
232313331012
232323332302
030320030023
211023332322
223331311032
123330222330
021310222030
022300020030
023321322330
002312222330
222300322332
032310032312
201233311332
211331112302
210030322322
010010330332
330332230100
130322130113
230311030111
231221130113
130220030311
120220322330
120300330332
120020222010
123320220032
221320221131
222320222021
010320020332
120023322023
330023332320
220023222333
301232220333
222023332010
223123330122
023320311122
020332231202
021210321121
321222321123
301223330111
301203321311
301213332312
300332123331
220332122300
321220001311
323330021331
321220021030
020330031323
022300031311
222311031010
322310221031
332300321030
321310021120
332300001310
031300321120
013332021320
310332311120
323333021220
300003021210
120003001230
221011001013
220321011022
221221311122
123311011322
123311320022
120323222322
123221123322
221221221032
221211121322
321221122323
121213322322
130222123323
330221022320
211123211002
321012221002
321221210002
221023110000
201223221010
221321322020
211322120020
221123332023
220332321020
220031322010
220033201201
220331221121
222311221022
022313221121
023331222321
131313221120
321311331020
321013322021
130311311020
120310331321
032313311030
331310311130
321210311033
331200321333
311220011333
321300010033
131200310032
330330111122
212302000033
112012000001
211011221001
211010321032
101310021012
021311122300
221013221033
101312110033
321311211032
021211010022
131211211030
101203211333
001200013333
331300011332
001223110033
130211222330
131321101232
031221101302
022322011012
010011220032
020013310033
322013222030
222013211002
332013111032
300001200002
200301212001
123030232000
200101301000
200001300033
210002001303
220201201101
120010311030
120321221020
101210111031
301213211020
003012221023
011320111033
311120111001
310022311030
300012301020
320121201000
220131231100
313122301000
110231301000
311201230003
311220320033
130210210033
302300100030
230210320030
330311030330
323330030322
323322010022
321222030023
130222030223
023322011321
330222010331
330022101301
330011001300
330320021330
130222321220
230322031301
020022231301
320322310031
030223320333
030221310031
030222311330
130111310333
030311300032
331313310033
311323330333
331311210001
311330110003
130323220031
030023221030
330013220033
030313221333
031312220033
230323100033
231303300032
321323220033
132303200033
230320321013
130221200032
033012110032
131012200002
131213220032
121211200033
121323200002
101323000033
221332022012
121221130012
030222300022
030023300001
320020220001
300021120021
330332120012
221123220001
221322300001
211322030011
111121200003
111322230320
222320210002
322212023003
010011211333
330221221332
310020221333
311123221031
011023211131
001220211030
011321011011
002323210030
311221331331
322320111032
230221211222
130012221022
111332232303
330321330020
310331320031
323331321021
311322321011
311123322020
330331211021
020011211121
122311211123
101211311023
111011010033
031211120023
131211010011
331222120013
130211010322
230313210032
030013311332
230330331303
332310332323
003312313130
000212323120
111022232312
120222300332
320330300033
322313330332
120313320333
121210320031
001213323333
331013321030
120221223333
221010311001
322010111131
222201001231
220001101203
231200331311
320001002301
330001222012
220011022330
222013322331
100001020332
320010222332
022012222322
231210311020
230220330320
331210330332
130220013332
030311013332
230110013333
030221023331
131222001301
111022201303
310002231202
211322001310
311222131310
331222031012
310020310002
310021031311
320021132312
310002321013
101220331012
301212211331
011011101312
100312313123
100112301003
100202302002
230011211023
231311221013
031311011023
211320001222
211332201212
011330011123
021330111130
030330110032
031310211031
020010011331
111020031331
101010032301
121211221331
321311222322
021211023332
111121221121
211123222332
111322321332
021323221022
021300331322
131310111022
021310310032
011310010333
321320330030
221010332330
021023111032
020331310030
321330332013
311330331321
011010011021
310030330021
330030110001
330230301001
112303110031
123330310031
121320110001
231310100001
230300300333
230220110333
123230301333
121300321331
020320211333
031223311022
020330321330
022310321020
122300311021
322320211121
321023221121
231310211123
331013211122
331310031221
022310001223
222320031221
221322021023
230300321321
102300321013
232300330013
032300310031
323333010011
321023331011
121123322012
121311030013
301300330012
330311021321
322311311331
322321001312
230310222320
230211123320
230313323332
020311321322
220321123332
120311023331
323321023333
123322303333
121322201231
122230001230
321210020333
222023220032
320021200033
332311220030
032313220022
132312222321
022311210031
123331211331
230311211330
232310110030
031300010022
331220030222
011220020022
311222123322
230210020222
220011020022
001211221222
131210321222
030330221222
130310023322
130221023222
120310030222
030010311120
030010021221
011011221120
021011222023
011311123322
013331023332
010331313333
210333023322
111021121020
011222121220
110001321120
111001112301
300001321330
020322021220
110002320030
110001120011
220001221011
111120320001
011023321021
311020331020
211120021020
211332011020
111331010001
111030021030
001023111120
011022331012
033123111010
110312301130
211321010032
010321330322
101311332302
010031331220
210032121220
211022101200
111022001211
021322101202
121321222013
223012111300
121220032313
120030111120
230010110022
111332330331
120332331312
120330330010
220331030020
223331130222
331311130220
332013331221
031313331321
201313111021
022013311021
120010010021
201211300020
121211330330
031211321330
110001330331
220001332300
121320332300
231220332303
301200322300
201200221330
000201211230
002013211123
322010321123
000202020123
121012211333
322023211031
311020211032
111022310032
011022201232
101200020222
121310022323
001332231230
010022021323
002022001230
011320022320
011120222010
031321002301
230311022303
203012222303
030331022312
030321130300
011321220031
300002130300
010002230103
010121301003
001222130100
031211030320
020321300333
010021022310
320021021010
021010021010
020020031310
011020001313
021320001300
120010021320
310001001213
020021001303
020011121310
021011001200
030321011320
322311121220
201210022303
121222121303
122300221322
131210022310
231300022300
001210322311
001211020010
001320100032
330010321322
330030001312
120022001202
321020002303
321011032300
022310030320
022311020023
301210220023
302312211023
120011121223
031310030010
012320030122
012300331201
301300221220
301200111322
301220110020
301211311300
301313322303
301211030302
000123111300
003012111322
111121132300
211120032310
131300030320
130310010331
332310010021
322010011020
331010020020
131013222010
333010111021
332023111121
130023111022
121013210001
301312200031
201012210030
231210010330
101300210031
101012211021
001011211010
202313000032
302312100022
330023320022
330011120010
101310300030
101312221322
110032010031
221321031320
121321210030
001211210332
301211123312
231012111332
021222031210
121222311010
220022131210
210003031200
210000120200
010002121212
220002311010
120322010010
200312313010
020022300030
120022330012
031010100033
231203310333
233023000030
321320020021
320322030221
320332020023
320322120320
120221020321
220022320021
120331200031
131013311011
230013320011
122013321010
112303320010
112313211010
012303211300
002310331300
002300011320
001220331220
012312111310
001222011300
230010331210
332010331013
330030321010
230221321310
230321220010
031321322012
231221222300
230221030210
301210300011
221030331010
022010331211
020020321222
221020321120
121023311123
222330331320
222120221123
200230020120
300120020121
200120023033
120320310022
330321321222
220122123023
222022231233
212310331233
201310311013
232300021223
232300200022
202300220010
110122120123
112302210022
112303111322
211130111122
220030311022
221030222020
212303220023
001320220020
100232123020
003312023020
002212012002
033213012001
003212013031
003120031231
301221031201
302311031231
301221130232
010021123222
101223210022
301303200022
101303310332
101013100032
301303323222
301323222312
201313320023
201300310020
101313330320
230320300021
131311120012
031311222311
331311121310
021311121211
023332321311
123331330311
002311121203
122321001233
322321131213
120321130210
123321120221
330321120311
331321032312
332311120323
330011322311
322121101201
012303221213
212012211013
012312200023
222010210033
221031211030
212012100030
211011130330
211021130023
211022132303
221031102301
222332300030
012313000011
011330200033
310030210033
321011220031
310332310332
320322013332
300032311322
320021311021
320011010332
330023321331
333013300031
132303320331
002013300030
002012110333
032013330023
302312000333
132313110333
301313110331
301303211321
321120100033
331311320331
000113013030
001230130002
012301100332
012303100020
012311030230
002333130230
000233013022
000212303032
100302303031
100212323011
130023222311
130023331211
130020332312
330022022312
010002022302
130020211123
120030331223
131221221023
130221311321
230321221323
030021211011
311321311022
131223323332
300233023013
110303023012
111212023012
311130022012
303223013012
301323331302
301223311323
030020331323
020020222321
011221322321
331221320021
302300031202
011332332312
211131332012
310333013331
311321123331
110031123332
310032230312
210033030013
210000130113
310001122303
310000123312
330121123013
211001002302
310022130211
310001330010
200201123010
320022230200
201310111330
232300111331
221011123331
200033123321
320011323333
211331121320
211121121013
111131211130
011322121313
111122101312
311011021330
311001221010
010031221321
110033021311
311030211121
011120211120
110121030120
010120023120
121330211020
321030221011
031330221010
131310331310
010021010331
110003020320
210001023331
230012223333
331013222331
333012220332
131300220332
330330223333
031220221331
332310023331
030010020330
030322020310
031010031300
030331220330
011020221322
230020221220
011331211322
032300020321
130320323331
010022323331
110002123321
111000123111
100002323333
010032322313
211001322013
230010023311
130330011310
130331120110
030331121213
310333010020
302300133333
310022020222
300002330221
330000230122
310031030320
311331030010
321011031211
321030032312
322011121012
130021321012
032020222012
332020221023
300121023022
321010030321
302310030301
301330222301
001310220331
111130222331
311331322311
111331021331
331331021012
121331032301
011130002301
011332001302
331120001302
311331220332
311011120321
311021220022
111001211022
111031122310
111331030322
130333030112
210031130221
131311300021
031323211332
030331031200
030032001201
032321131202
130011131302
100301313022
032311130213
103233123011
002213123020
102223023010
030021030012
122010030012
030230131102
330230232002
332020032302
311020023332
113012000332
300202323023
100201023021
303301023010
303000123013
230320023221
221331131210
301310210010
020332123323
300212012023
330212312012
322121222012
332123221010
322331221010
322311130310
032013331310
122311222310
322320022310
302300023300
132300022313
032311021313
332321011013
032320031213
031330001203
130330321211
231311031212
032330111011
201300322313
323020030120
323011130123
123012210103
103012221211
033303020123
333200120123
333020001233
230000120121
313023331230
312320031230
112300311310
333010022303
103301302003
003201130123
000201313033
002011131232
012013321232
113011331231
230021131232
221011331222
033022131230
230020031203
230331001232
212300010012
222330001313
222130222013
223022120123
012302220310
112012220010
002013220011
113012110020
230123312030
232011101230
330031101233
022331101232
230033230130
203031130120
320031131200
003003120120
010032130110
103301123123
223011030130
020001331312
220031131313
221331122313
211331130311
222011130220
012323110012
012303330302
012320111302
311001332312
111112322312
020001222313
031221031313
111110131231
111000231232
123010323122
311031311011
111101011010
331331300030
310031300333
320021330330
321023322330
120011330221
111000130100
020001130100
021021131212
331321331211
220000230201
311121130111
120021030111
210012301011
320033230301
211022321222
301220021212
001220030310
022020001212
120031031212
121330031200
222333001202
222010021222
322010220022
102310021200
220003030110
010001030313
320333030210
220333120211
120333123312
210033120310
212233123010
310133123012
310312301222
230230301222
221333230100
231010001202
233301023120
231221121212
201210020211
121220011222
200201232202
330130023023
233213013020
301310330200
233202123020
123120012022
123020012333
121220010331
101223220331
003012223331
202312221311
132310220011
222030200001
222020011011
222011330011
332330200031
311031200001
322011310030
321121211011
122333230122
111230323022
120333130202
131331131201
331321131303
131221331300
321001131301
222333131301
001331121301
120331021300
003021121231
003001331230
033011332301
203013331301
233013330110
011031332303
012331221230
012321120130
012313320100
112313330111
312311330102
323011221230
103013321200
333011331200
330001331303
330201301030
220201301333
300302301332
300003010311
030330330311
333301330230
233201302000
233013322302
011330030221
023332030220
202332230120
221331001223
020031220020
320032310020
320201231033
020121012030
022000230120
020021030220
022023331220
020030030211
301330030232
001333230131
312010030132
121320030211
210003020211
220003021312
111202301001
131020011012
231320020012
331330320011
332330030111
102300020211
221120330011
001120332301
312300220111
301310023111
301310221313
301012220311
001311120313
230330020313
130331010013
230030222303
220332010331
220030023332
201300010311
130130101033
120030100032
222230100022
300301312331
330121012021
303012100011
320001010023
102300010023
100231030123
222030330023
020030330320
220032320330
222321020330
122300210333
022330100333
221330220333
130330220321
031330222323
011320323333
122330220023
120030220222
022310223333
223002301003
223312301331
223212301022
220312302023
220231302001
323201301001
230332130201
222322130300
222230222300
222120031300
221122101301
322321030323
222021032303
210302301121
310302302011
111012302023
210002330320
210033010321
211033031312
231010030312
231210320321
212302210331
012322123031
023011023031
023013330131
230120301332
230123131112
231012221321
231210223332
023120023030
010231201033
211201201002
030231301331
030131201001
230121201130
230230101130
230233012301
031230121133
230231231030
331231231001
011230122000
331230122102
311230131113
011230013010
211130011011
221120311030
221000101230
120000130230
021030110031
302303200331
230222303331
230122301020
320122301033
220301302030
222301230032
223301201033
313301301333
111301301131
330301201331
331201231130
330120323030
300123223000
011030111332
222321211332
332311211322
222122101232
222202131230
322212021230
222010311332
222320013333
202310011303
212300211323
312300010303
122010031303
312313311303
312302113332
211000121301
220000123303
111301223011
122210123123
231320011313
021120011013
011120031223
022200123130
130120223011
130101230001
030120212001
030123223022
011020210001
332301230021
230301230222
323230023020
223022023022
232303330221
011201231122
032301231010
303212303021
230123233001
310301233031
010301201022
001010200022
010002310023
230201231321
230222310221
001221211321
220301232131
222301212010
323012033331
012012333333
012323033331
332311303333
221201232333
020301202011
023012000310
010201232001
010301232332
030231212020
130201232123
330201202021
220201212022
330101212030
220101232003
030121232033
030120231103
330131231133
020101231132
020101301031
331332311013
030302301013
313010023133
332301202013
002000123022
232000123030
220301223023
321301231121
230121232121
231222131201
231323331223
230122012012
230230112011
120230312020
320232012010
130230102022
220230013030
221230112002
221230101103
210230330123
220213012012
222301202123
323301202022
312310020202
023230220123
103302301133
222230031203
322230111023
330130012331
300230323121
322333231231
330231313010
200231323022
210131123020
210230323031
030230302030
030230232333
330230233131
300231223031
300232312031
301230121331
030123301133
030002331233
111002331220
030030113333
030020223332
030201012313
033012301232
330123033312
330112301321
123112301011
213312012010
230301202300
313122123020
203112123010
223203023012
020201013012
220302323012
023101123012
320002020012
032310210332
330101233022
220002130312
222022031312
220022313333
222201331202
320022123311
320032022303
322032201230
330012302303
110023012303
222000130132
320003131232
320001211222
310001313332
110301012322
310301312020
331030111030
311301202030
023301233030
111301233230
012300233330
120001233332
211301233022
322301232330
222021222320
130032331301
020332303332
003123033333
110123033330
203012133333
023012333322
302013033333
301210233333
301300203332
201311233332
201303303333
212313133333
301223103333
302303313330
302313103332
101211303332
202313311310
302313321213
102323233333
001301230330
031201230031
111101220030
111312303010
023312303012
010112323012
113302323020
310122023011
210301013010
100122123031
010301302321
130121302331
320002303331
031010323331
201210313331
200202013011
213002123011
112112123011
111112311013
112311233331
122311200332
130331203332
112333123032
112313221323
302313221300
003013221310
033010021312
332010011311
033010233333
131311321323
030332311323
120301301023
221301301120
331301201222
331201232322
131231230022
312212301032
312212013010
310201012011
111301013023
111233012011
111230012122
010130012022
302113013011
100113012021
012333023021
313212323013
103213023023
323131123023
123032123012
113001123022
130000123132
113103123010
111113230201
312003023011
120032230133
123032301032
123121301002
233032230123
123121231103
111131120023
011331320020
211001310030
311121010020
111101311123
113033120123
113011120132
130101301222
111003020013
111003101233
112300330223
121301302012
301301301301
303233012021
100203012030
112223012330
110202013020
112223013023
113232023021
110230013001
112212323030
012202023013
202212313022
023231232002
120230233022
120121013023
323012100220
330121210120
300231210121
210301210123
330231201122
220231013123
010231302022
220231312332
120131301332
120130201002
121310313333
321330323332
121330110332
021222313332
010231012321
110212312021
210302012023
013301212021
123021212002
123001232033
023001232201
023022012031
023002301131
020201202120
111201223120
211231023023
011230133033
121230122033
221231012020
321230012330
023231012011
211231212001
321201212123
321201201332
120201312013
123301213013
323201223011
121201232011
132110123020
023301312311
013302313013
013201323010
311230223030
123023110133
123201202331
310201202333
323231212333
223201312031
211201313011
323011012133
300201313120
210201012120
303201220120
110201200122
321231013013
310230312333
310231212032
310120012033
323201232132
312012221303
012311220301
120121212332
120130112333
220230212101
123230012321
221230313021
320133012023
223033012022
212203012021
203303012321
012003012331
320231232231
321230202001
321230301131
211032300031
311231302031
111202312030
130120232231
111231232233
110232302033
110232012130
100212302131
103232012033
112310100331
103301013031
203301323021
120230102131
331230103031
110230220131
120130232132
331230202332
331230212120
231230131022
011201212330
012212012320
111213012323
011012012301
313213012013
013223012312
011202012012
010112012013
210313012313
312113012020
311301012310
331212012302
310213012300
323003012330
313232012331
113133012333
213233012030
223313012300
220133012330
332203012000
222203012110
111113201230
121131101230
123031012030
023201012320
332010221330
301322121230
011110123002
130120112032
021231301030
020202302010
022010023321
322011221321
023232302331
023231202230
021230231132
222312301220
211231210120
011231233130
221231202131
201230230030
001230233011
301201231012
121201201020
031201202010
330120201112
121230232121
211230223121
010231223123
011231203021
301003123021
120230303011
123230202032
323232303030
011230303120
020230113121
201301230013
320230133003
333230330301
022230133332
010103012310
120202012312
120120132000
001230232322
031230201121
330230100121
130130112121
230123000131
021230102122
101230101120
111230100133
320230200130
301230201013
301230132010
111131001300
111113121301
111131331311
101113123030
120112012303
110131023031
213133023011
213121123031
223103012011
221022130111
301022123033
113022123131
113032323033
123122023013
131230132130
210312312320
211201312322
113212312332
010212301123
013132301033
013003013023
100203013123
310301303123
310103013013
311030330330
012303313323
012302203322
112212320123
123120323021
123231301121
112332130121
012011030121
120122301121
320122012120
030122312321
010202312311
023212012313
013202302021
111302302322
013302302330
111130331222
211232301333
020123220121
123023320121
120123312122
130123133133
120120201133
120121233131
130123002233
230123032202
122112230123
020131202333
120131323013
101333123003
220123323002
120131212120
020001200331
211001200333
031221200333
303112302333
011000120133
011100230121
331123200032
210202302332
220232302130
223231323120
123301302320
323302012323
300102012322
320201302322
220202312123
223302312020
020212312300
313002312333
320302312310
303202312022
203302302032
023033023013
020202301321
123202313012
033212313002
033232023033
110201303032
123011303033
211201302130
110201302101
312201302002
311110120101
331110123122
231113123021
303112012030
330101302120
130131312023
311202301120
321212301221
222202302221
123002312321
322012312301
022332332301
020130232201
123013323231
120123313031
320130312001
323101212001
123021312131
123030223031
023023032221
023030312033
323022313032
313201213022
023122302001
123120113033
323120012231
123131302031
220132303031
010112302020
113112303032
013232312120
330232302123
110232303122
020232303023
020122313020
223302303123
213212012123
223112012321
223123221231
023112301120
323002302122
323112312123
022212311231
310101212122
123131312322
121231302023
123231213020
013131223022
023001303022
023001212122
123001201132
021331200022
023332310322
023031233133
220101313021
323101013020
312303223320
312313110320
131231212013
012112312331
012002312032
013102312322
313001012032
312232012022
012233012123
032212012133
312333030123
312201010123
313103012123
113233013120
311101101232
310112313023
110133010123
110123330101
330120302101
130133012312
012232313021
012201312121
113301310120
303301212230
030130122103
023130102000
320130122200
112201012033
110101012131
012001301000
312010023000
013011023122
213031123121
212001120120
201000123120
023012233211
013012111213
023011301113
021201303013
321232323012
212303323311
011003230132
111032321321
211030020331
311110230130
321130210030
023023212113
223122312033
223101012332
133113012032
122213012132
133303012130
332213023032
133112023022
133301012002
233003012033
223021013033
123133013012
023101302121
123020122111
023023133111
231310330211
212312111222
130232312313
123023223132
220121323130
312032123030
303032123120
312331123122
322331332312
322230331302
313023111302
233302301102
123102301322
123020013121
121010300332
020030210332
022233123033
003033123230
130033121231
133003123031
311032231301
111032131313
311312312313
301231232300
312112302001
310102303030
302212303130
312202302230
310231300120
110131320121
200131120123
302112123023
322110120130
022301201320
211012301320
212212303121
201211223321
101211320221
002202123121
212122123121
111122123330
230230202321
230010200332
232013000333
130023200333
032023100032
022123000033
022120110030
131123110030
231223220322
021323320332
020123310130
030123110122
313012210012
103112312002
200112312332
023011312232
311131032302
320131203032
322130032301
303232320123
200232300121
200201302231
323101302230
301023000021
121023300031
221003022301
231333121230
111033131200
130231302320
113001312000
313032312002
311333131212
301112013022
301330133322
203103023020
003133023032
203231312003
233301312101
013001202003
113301201103
012101302033
213101330123
323201300123
333201302111
233033020121
232333120122
033133130120
112133123120
232213023123
013131312032
113301202232
013101232133
110101213033
313101232202
201003130123
301022230120
313002300130
213301200130
211131200032
212101023022
212112013021
213102312001
210121013001
213301203001
013001313031
213112302122
211113121232
211101131302
111100120302
311131121312
321332131302
332331130302
330131303021
310131013120
213230010121
313120330121
311121031210
013120010130
223121020120
210131220130
113131232111
110131232200
300131212003
012121212000
312332330130
012130330120
033232330122
100132330120
002233030120
000202310130
133212310130
210102312130
100102312033
212202310120
312002330123
230202301300
130301301310
230101302013
223001302133
113201301112
123120100132
113232301103
110101233112
112112012122
102212010120
300102310123
203112310120
301101330121
322301301221
312300100222
223010020231
230102301211
212311120232
321230132232
021201301222
320003012221
323131012121
013031012131
210132012121
210132302002
113002302202
130123003102
230120102122
232113010120
131003230120
103230030130
103002030120
002113120123
021100120122
132202120120
132203030123
032033230121
332213010131
133233012231
133113013121
012012000222
121323330222
021113130121
222110123101
222121211020
122113020121
131103120121
112003010121
000112300122
001013200333
000232312102
030132312010
000201303102
300231302132
302202301102
310132301101
103202300122
313032301112
303232302101
313231313121
303001010121
311021030221
113201210131
103201202100
103003023130
103232323131
202202303033
312102301133
203202313121
210002013322
003003023001
302233012130
101113010130
011132101231
013032300121
033031001230
030131200123
031112230120
113002012101
110102313121
110231312231
002212313101
113032010122
103033010131
201023000332
211021011322
313030320122
201333030122
323132303121
321103230122
211113130102
111133130110
111132300022
303030330131
310130310130
303013000330
311230201102
313230302003
123230132201
213231303033
020230112230
211230312230
013230112133
113231212103
211230232103
213230132111
000230311231
000232013230
311033230103
311133130301
322212330101
022201130131
112202300131
012002302101
101101130130
122201030230
123122302130
222113030132
121333130133
320033130113
020120302132
020120100231
310122302231
010131302131
030120203131
010121202232
110101300230
323131301133
313031220131
311333031303
323130323130
123030210130
213230023130
013130013031
013130323121
023130313022
233030331231
230130233120
011130331300
223020330230
303230013131
323230103133
320130101113
300130132111
120130133101
220130210122
330123002110
310123323132
323121223122
010101203121
223201203122
303201203033
300101303131
223001223131
103201223132
200201233133
203201013130
200231313131
202202012333
223002313130
003121123133
303120023132
323120220131
023121203033
313101203132
313121013131
113121220133
013123320131
113101323131
133301313132
113101013122
133101030121
123001313123
020121202101
001113023122
203112023123
103122123122
000130030131
323021301100
323011323101
303001323032
023010220101
023120110101
333131130101
331000130131
130001130133
023020303133
033003030130
203301303230
213002303231
013022313122
010120313032
013031323130
322003130101
122003120122
302230010122
301020030133
003022030132
210230201113
220230133112
112301231312
111230233112
310230213122
112320133332
213032013032
333203013132
333231030132
233202312132
033202010131
033122130131
223131310130
221113120133
022312301303
123010212112
123010110232
313010011231
323010300301
330003120301
030130133231
323010312100
123020302102
010120100102
310230102112
330130102232
013230100101
023030202103
010130202003
123010132223
201001030131
121103030131
121100123001
120130303120
220121312231
321123311331
123013100100
323013310112
123013111201
123020100201
013013132222
013030122220
210230132200
220033011220
021020010020
223230110231
113130330230
113032311230
112333011230
333202311231
133212303231
133201323033
003201323231
133202312003
213132313131
123011200231
202012200021
213230300132
012330320132
031113020131
032212320131
121133120231
121103123132
031100123131
011100130230
202103123011
321113130230
121033230230
221003231231
021101131231
211032331211
220123112110
011312301211
011003130201
122232030131
332201330133
212201232113
222201120112
232231123131
320123100103
320120212102
011212302310
032232331230
030123103003
120332300222
012001023030
032202123032
032203013033
122031131231
222033130233
230003123002
222121130312
121301201311
321302301010
121212301300
212003013130
012002323120
003103013131
313022013001
303102313031
312102323021
313012113311
313013133330
213013003331
023013113312
123010103113
223013133321
223032313001
213012100321
223101210121
013013110303
213010111312
223010110110
023020201110
202201201110
202101030120
232131130130
323131202102
123012133310
131010011323
321031001302
120033011302
120332030303
131332230132
223130200133
033112300133
333113010230
133121130230
033231330231
033201220133
233231311230
113201313230
132201020131
230201203012
233201013001
232202013122
023123302233
323123320230
210123330230
120123200230
020123002200
302022120130
113231220230
310231203230
012201233231
113230211231
110120311231
210120210133
010123212103
110122302103
210122301112
210121310122
312122020120
103132020121
212122012003
312102012031
212022030130
100130301111
110130312112
313130012132
313130212000
213002012230
223001210230
223023311232
111132031012
223013200012
020123233112
320123213133
210123111233
020123113232
020112302311
111230203003
012321023002
003202302233
233102023031
122103023033
011123210333
301023233331
103023133332
121120233333
100230133313
230323213333
233123133331
023023100302
013021300132
211021300002
312101300122
012231301102
012332303003
012231200131
010130103133
310230113231
211230103232
201010103332
013230113002
013130302102
110230103302
213130301110
213123033222
213120323133
312322323133
312130323033
312131013032
313131303002
310120223231
011133120103
321123310022
321110123231
211101211321
310130232212
211113023110
213120023002
302321123003
122301312302
322000123232
332011122302
333021130112
013010310102
012031220122
012011012112
212013310012
212313200330
313031212112
213231213132
201231202012
313231202201
200231202103
223101233232
201101123032
231003023132
123230233230
130230203123
221112231230
133011211012
303101312132
132010200030
100230300102
100230110233
100230202213
300230112202
312230112100
323030110102
323030102110
012320012100
012322012232
312230122211
123012102211
022321311023
032002130122
322201030102
021033130102
221033120303
023123303102
021322230302
203232303002
213022302100
223120312112
223023302111
322231031232
332233030230
332101131230
332102230130
121022331302
221002131202
222230321012
021331321013
011131222313
311101222300
103231312112
003231320132
000121020132
221232302322
202112012131
312333012101
212321030101
202233013121
212311220110
232013221211
012321202111
112230202111
101221221211
132323221221
132320030303
122321331303
201320030302
201222030112
212120020132
211122013331
311113013312
201212301202
200131012132
221002300020
222230030312
212201212232
012332013131
212322013112
012322300102
112122330122
122112320132
232123003332
122123103333
221123323333
211003123313
111103021312
311103120112
331003012111
301112301112
101010330111
111002010330
122113013231
011113011201
110121202110
223121202113
203101301113
220120202212
212312220221
212300013220
112121331230
102322331232
133120331232
231332331232
231122130122
233022011231
333001031231
333232020231
033202320230
133201300232
111102121200
111102022303
211002322300
211122322323
111112310320
311120320322
311130030323
211132230302
211133230233
201112313033
220130233233
211102131233
111103031203
111102230212
011112030133
211112031202
211100123212
301103020123
330003030103
311102130103
322032230102
022332130112
003131030122
232201212100
332032130133
312021330131
212101310131
212331330231
210130300231
321303012302
230002030231
010032030223
021033031201
321002001201
321133001231
011133031232
021113021230
003122120230
311132303331
313023033321
120001030203
102201312103
102003012133
102202013131
302101023121
000102023130
202002023032
022203023231
022002031231
032003021230
030003123233
323030013230
322203010232
222003030202
202003012002
022212300202
332212300233
022302302312
012230300230
331202302013
302001013033
321003030233
211003011223
211113010303
210130133303
010130233102
211103030113
211101330310
211131010330
211133123300
011101331212
111033123221
111133013321
221331013332
311033012222
311032010023
120022010323
232102020121
133102020130
013132013123
223120133313
231320103333
311130213333
320002011313
321322031313
222232011302
221032031303
211102011300
311121021323
321120222320
321121303332
321021331323
321332331223
322012301213
320123000212
010123000113
012123301111
123023002210
123123132213
323123112200
323130133302
333120103332
320120133212
323030133213
323021232213
221030011321
220120112203
023020132210
210120132211
313120112110
021120221221
331123221222
331112331231
322112030231
122022130232
222122230202
222112331201
220123300201
120123033203
203102300131
011112330301
211102300321
111122020321
111103010220
311101013221
311102303222
111101323322
011031303332
030022130203
011020330321
012313103321
012310133222
312320232222
301210012222
312032023121
312013211312
221112311312
221032121312
012323112221
110123112220
113120132222
130120103230
013013303110
012013110111
313023112211
112013113331
012013233311
213013223111
012300110211
011030021211
011332310011
311333020211
313020202111
211112010111
311112323111
312300023213
312013000321
331032001232
321033121233
121002121231
021003120232
331033130232
311001130213
221032230212
322202120231
321102031232
321131130212
333132031230
021132230231
311000123203
311002311310
311132011313
321130031213
321131200331
332113123230
232112323032
003112323001
023130233003
311122311221
321032130203
311002030200
211002120223
221101130203
311112120233
312131312133
222231121233
331010210333
332103020231
112030030231
212022023231
303030221231
331113023003
211002021210
323020202200
123020203003
323023000223
313021010230
013021212233
023023223201
023020233302
223010013301
023013303203
023030103301
333230103222
312001210132
312021221231
112231310132
132230330232
203230320230
013001233102
223010302210
213013302221
313013300200
223030303112
203230302113
001230312013
002230330133
000230210103
201230102311
011130330013
211112330213
201132030130
220132023010
201103013001
213010321201
310123110202
013123312202
012123220232
312010330201
211132020013
101301230221
223013003222
222021300332
011121300331
013023003220
313012203221
010123133200
012123232211
312011232221
312313203222
012311202220
312311302211
012330302110
113031302110
113023100010
012323223110
312031201111
303001202113
330032330111
031201302323
031023303333
323023103313
223123003323
323120103100
300130202100
012230202202
313230233202
301311021202
013130223230
021030203333
211132321310
211112323220
210131313230
311133023223
211130020222
211132313322
201323223330
201330220111
231132120131
321332120111
231302302301
231112312000
221112330100
222132130103
022232120101
210101233201
230101212323
212010300111
313020310133
012010202211
013010200113
312010100310
313010103323
130102302323
313011200302
202301201302
202201300101
212310321302
012310303313
212301231203
312012203330
313122313230
013030200232
223130211230
200120011230
300121220230
300123211232
113123221202
001123211023
000231200202
233231220101
000230303212
222112011233
221131311023
221130310331
222133123113
022333123100
321333120200
200130100302
203230110112
212230313133
202333012112
212032012133
332113012112
333133023133
131033123133
301032020131
101002330132
201002020122
201201201223
030003020112
322233023112
322233123201
312331023231
002333021231
322230203331
312201203101
012121013230
023123033210
202310303330
232313300322
230130312320
031130233332
031232301320
011021311330
301130331230
302330321232
311131321220
201020331233
131030031233
201330021233
133033020230
031332130233
333032123233
212032323132
212332312100
203030020132
213011020101
303011220103
302331020132
203020030101
301331123133
120033123203
020032120200
322032121202
332201321232
303032303133
033133010132
031113012233
031102021231
231121031231
221113012210
232321030233
132333020133
202332023133
101112023131
121113013102
231112013132
101020031202
103121021230
301322030101
032322030100
331133030102
301133012002
130022030302
131322130202
103010011302
003230010232
200230213232
133230023232
132202023230
332230021233
332132121231
133131321231
103010020113
100130323133
230002330102
131032130101
133022330133
333023331313
231120030103
131131030133
001321130203
101222331203
031322331200
121123331210
001331030113
001221330323
301223300222
022031130301
222001121302
323013223302
323011213000
312312213321
320123203301
210123200302
223123200100
312023220100
223123232220
323023133220
312023102222
312010302220
112230102220
212330202221
223230203201
201220200021
222230211221
022130001201
220002020220
322230220220
321231203120
302201223230
302132023031
302130020230
002131031230
222120020010
112320020113
312020012113
312321312110
312310310312
312310012210
312012210220
312313210211
312323200013
012320200312
012023000310
322020010330
332123110332
322023330321
322123332313
112323303330
212322323000
322322311320
322332300321
112323311223
312013111223
112013210023
023013210202
102311200020
131202301223
322120331223
222103012223
322120023221
322322010311
322321320011
330332320221
222021120013
300130210231
212131211231
231133010231
302230212113
303230203112
012310213111
212130212110
003231200113
323011203212
312013223210
123012203200
120021120300
122021130103
002001120132
002013213332
020032313321
132012301201
121122031201
012311313302
312331303100
312311323203
310123233213
311002023323
112310323220
120331123220
330022123220
321322023222
133101232220
011333123210
230333013110
311332023330
311033020300
331222320330
321332330310
023333020310
221333011310
321331010321
020331020221
021330320321
312132310121
101231301310
331123330010
321122030110
221103020100
012120303000
031123321013
011120321311
031102030101
021122022301
021222020320
221022023330
011022120300
231322120301
221122010221
201322021201
321022011220
310120203103
313130233113
321022300322
321130321323
121123221311
121222323321
303123113111
313123303113
313123202223
013023200203
312123003311
110123103211
013123103312
213123100111
213120100200
213121302203
013020302212
113013320213
110130100212
312130200112
021002030112
012020103111
020003013111
120003010212
312020133221
012130132223
312230103203
302230200233
012030111201
312330211202
312031012003
313011312203
312322312203
012023110200
012030312103
012330223103
313031203103
012010310233
223030312202
001112010231
301122010132
301123003322
301112300230
102122030230
301333012233
002103010230
301320011203
301002312000
301002013231
330333011223
302030132222
020333012222
020022013222
302300311223
302320330233
312130110233
112122013133
312120100303
312023320233
302023223111
312123310103
012130210101
212230110202
312320300200
312121200202
213131202212
202130010133
000130012113
221101200322
221133021302
321112303323
031332300023
301311300323
230321303322
321112123103
331122120100
031222123310
202311030202
202231010230
212030220233
312001203233
302230303000
000132303000
203230103303
302123133330
312130133210
312320203211
312321013301
312120013102
312320113323
012123103223
111031021222
101103012232
031103012100
321103013110
221103010312
221102013323
331322020323
322122123110
221102023111
221122321211
222123321222
022102321232
022102020133
322123211322
021123321320
221112120202
021122120113
021120320023
121122123212
011022123211
011131123111
021102123233
231112300201
032102330231
032001030232
302102312101
221131330220
321031320023
231101120230
321021120220
322130011012
022120331312
221101322312
221002020313
321132020312
221131030313
321022320010
321002323220
322112323212
322102330112
022121030113
321002120302
021002011302
122020203332
222112023302
322122322302
321032321300
021112023000
121333023110
121321021210
221332023321
213010220212
013010212200
021103023202
031133123232
221003123200
021302312303
021131121202
021032123110
032103123122
022002123000
032301212312
011132120212
221001311311
221033020210
312123302210
212320221212
302020011232
203011011232
233001010132
303101233000
223121313101
203131302100
033231300100
231333010103
232322123103
032132123133
021321020311
321001020111
320033023310
021021220330
031023222320
032323322323
231323323321
212323303221
222321321321
231323210021
230320210322
231023110331
212323210220
231321021302
231020111023
213023113323
201323110322
300120110112
021120210322
200120103111
202123000011
002123100331
003123100020
200123102221
301123112222
300120102210
001202301210
003002302110
321130211222
231123111221
003013300222
000130320232
301013113322
303130232223
200130312233
120002323111
201101311231
223130102213
203013111220
231311020223
301211023223
301013221223
001023220222
212023221203
203023221212
223020103223
213010110223
233230112223
113130111202
322033021301
331033123302
101022120102
331332123313
303011211301
231220013321
231311013320
231122020232
112122320231
203122323231
100101223231
001112323232
011102321302
331103123201
311101320211
321102012211
221102310013
232102311230
212132312232
312030312212
313120210232
113123110300
103023330100
003001330101
233132312103
133101211232
121101011233
011101221223
322122011303
122322120203
322203013301
322202323100
322102123301
222202321301
322202300303
222102030301
222201023303
222101221313
321101023313
222101200011
222002330213
322112013113
322001203322
312121323101
212321123201
012020323102
312020211301
212011123102
012010013202
213021323232
012011213100
112321211200
213021013102
212320220303
122322012221
130321010221
132311012222
102313211222
122330111222
201311211220
212013213221
212023233330
212011012200
223021012201
203230012201
202311012211
302313313221
122013310322
031013320322
102012220222
122112300301
300130303201
001130103331
113023321301
113020010301
302010321301
301010111211
301001233111
102010111023
103013110321
033013210331
113013210310
113010220303
232013211320
201013220320
202310210320
113012223320
013120233212
201322123112
202102323122
202023103322
302023110323
212120133320
222130213332
231321023111
233012223222
133010221223
233011321233
033011121202
003011123100
213011323000
201311123200
223011203303
303013313313
103013203322
203010202222
201310223222
201330100222
201031232222
203020112221
203010023203
230001011233
333010320221
333023213332
233020133322
133023111311
313123213100
210120213202
223120213000
013020213103
213121233110
212120223100
213020233220
202010113222
312330323301
302021012100
332321020220
012031323001
012321310201
222022311221
013021303201
303001300231
221001320221
301022320232
311001310222
302031330230
303131200232
002131120231
303130313232
313120113203
303120012103
203101212103
303101200101
213121210201
301101210133
133301200201
233301233103
233123211200
113131012201
133123212222
303022300102
301120330102
333023220321
300120313003
203031023231
202031123033
201010210221
202002310231
002201310232
302121012233
112330012223
103102310230
301013310220
303011233220
303010233311
301020233222
301101232210
301222012210
101222312222
133122012100
200131232213
003301233212
301010303320
201220303322
301022302111
113030133311
232030133331
003230133320
003010220220
230011220221
121011023221
331011013331
121011311320
102010012221
301030202221
302310200221
202300300321
002300320222
101310310222
301320312221
121321311221
121020313322
231330110321
002330110020
202020100023
102320100322
131321200322
122120100021
132123000022
101020100331
303020103211
133010100322
101123113331
002323310321
000123110211
031120110021
232123110023
332322310023
331322313322
130322310320
232120111012
202320111211
002020113331
000120103320
001320310330
331120013330
101330111311
331133011301
331120211321
022120111321
022322323221
022321223322
102310013311
120333013211
102010222312
202010020302
202010110311
332030100332
002230100013
302230110301
231130100023
201120100010
333011303322
213010203310
222030020320
231330203322
331130220221
233120202221
222002010111
222021010321
212023200211
213023300312
003023303321
233023100222
122010323330
103010113330
133013313222
122320320320
113021202220
113020312223
103023200023
103132013231
103023213221
302123233221
202321233321
102132123230
102230133221
002230111312
212030233323
003123203222
003102012102
022112012100
202322012200
302320203320
302320013110
302323211210
002320021312
332320321311
332123223331
232323220311
232310320310
232311123312
003010320012
303030113312
312020303312
122330303322
101320223321
301320303311
321032013311
303010300213
003010310323
232010220323
132013323321
112010203321
002010021213
202010211210
120001211310
120021013330
231221313330
121322013320
230321330313
133020203222
122020211320
003121330232
000123300012
302013320312
102323330012
102023110011
131323330311
100101302112
303121302212
100132303232
000122300233
200123233310
110123213312
200123220112
012123313301
301123110310
102123211012
003023210320
302020212220
231320010220
230332012220
231322012211
030332023211
030032123312
203023210111
002320330111
003020323111
213120212213
002030030112
022021200021
121021210222
113011213223
212330110313
122230100311
132230110012
022001211012
002020311012
003020110010
133230100210
232230100300
032230103321
032011200322
033011200011
033020200020
130030300020
033030110023
003030100221
113021012212
100120100223
100120012212
103120010233
100121211201
300121233302
332021233333
302010213323
332130113322
032120203322
331101203321
031130110330
332332312222
302332013232
331332013221
011032013320
022233013000
021333013323
231331200221
001320013222
331020311222
333130111220
003120111223
000130233323
033023321223
103120111312
203120211301
232123211313
202123200323
203123312223
332130331212
132302301212
333202303212
322232311212
122002311233
230022311312
121112310233
021130300222
301130100313
122232012113
302002303232
301032012112
301332013000
132322011302
132332021232
202333013003
002330023223
222033023223
232011302222
102123302222
121132302221
022112302223
333132302220
031122302222
201321302222
101320321223
021022330223
101322020212
001332321212
001333011202
033123300221
332120300222
231123300320
122123310221
022121312222
001101202221
322121313321
322331023320
033123213321
032321213331
032123210011
232323310010
232321312221
333022312221
232120100311
233120200012
333020211010
223020213212
203021233211
203020200210
003120203311
303123200312
133123203330
202020203221
202121202220
233120213111
212320213310
112120111213
012121233203
231121233222
122120213222
112121212223
030121313123
031321310222
032020012222
222101223221
021130013221
121332010223
022131233331
222132323323
222121023311
022123320311
222132320111
122321123313
021130211311
031130311012
031330311221
001130220012
201130233221
201130302220
002130212221
011130020310
102311223221
112020223223
212010323213
322021323222
012023313212
222231303222
021331323222
103130103220
103120233320
003020223323
213030113200
033020111320
001030213321
003130113211
202230113213
202030312111
303230213003
003230220301
333230111313
233010311303
101120303221
201130113323
200130113100
212330013302
232320311300
301120200111
101101212111
103030200111
131131212221
100121233223
113121203213
103201233203
021102300111
001122012111
000120010301
103130010102
002120030202
002022302221
001030312222
103023300211
001322300010
001222320211
102133013132
231123320111
301320320110
302010310110
202121302111
200123313113
301322303223
022022330110
222032321210
302032312233
212022302213
201332302211
302331302223
301330210223
301030113220
131030110222
132020110020
131333012210
130022120212
012030233200
030333023300
032322013323
002122023233
002232302200
203032302203
100121302200
000120311202
002030331202
032123331303
332121031301
102322020301
122022123302
202311330113
202021020133
201121330133
201321010110
203020303313
201321200311
101321011312
001231012312
003121012200
033301212203
121121311313
121121220323
120031023323
322131200020
322030010221
222132013220
233011012223
021031020012
032032120232
201032010232
122232323233
022230323111
201330023312
001023311311
021021310011
121020023311
121030222313
022030221323
022022023210
222031123310
222102300310
022101303323
003011323223
202311313323
002331203222
022230213320
222201210323
222231211310
301321213323
002321010223
001021203322
021101203330
131011213322
330021013322
230031233322
132123210320
022332021203
022232010233
120032020213
130030020111
121030030110
231030200010
033130011233
122331210320
302023303220
201023313320
201330311200
202120110300
200123210203
201121221233
003130210110
101120210220
100120213110
202330323110
101330213330
101311023310
201013323311
301020213310
131020213331
332030223321
322130220311
332120222313
122120010111
130020310011
133120110211
113020313110
103010313211
121030311211
133130302211
113130203312
333130200320
332230300323
231020220211
331021221311
332230221312
133230200303
122230211303
301120210303
203120220103
301123220213
302130320101
212130300103
203130110203
113030300203
003020330203
303120310201
203010310200
003121211212
103123223313
201130221202
231120210310
301120023301
000120223213
212130203213
202330203311
132130203221
232230233211
031120023211
233010013210
233030212211
031130030212
131130210323
321101310323
221031310322
022331330223
032331210023
033230210213
032230312211
301311010213
101021012220
103020013200
101030223211
102322303211
302332300202
303123323202
112123323213
112023300323
122122303220
102030200323
133123311213
333120323323
212020313303
302322300113
101322310111
002322311213
000121312213
001331211211
021102312220
022202312213
201102312112
011133010213
021132011212
022032012211
322331011211
322131221223
130002012223
333033012213
322033010312
333011010013
131222010310
021122310310
003123310313
021032311313
001322010313
001020010211
003022012213
331022030213
201030210313
201221310013
201123330212
101221330210
101011030212
121002320212
021002313211
301321223210
301331312210
021121023220
001321323320
101321221300
231120221303
202123221302
233130223212
131130221213
232020021301
002020221300
302130233300
322002020203
332011021223
301001012202
033003012202
231322320213
102022010112
232321010312
112321210313
032020010013
022003010103
002033012203
001131012223
001132311233
001131331201
011131030200
021102010203
021101330302
322130300330
002020300320
103120300110
102120200013
102330300220
122032312220
130030013221
122001212221
031011010221
331131010111
231101012113
201120013213
033031302221
231030303221
001021313221
330001323221
233023313211
030001312222
232330223220
121121300010
112121300100
131102302210
131132312111
102122312110
232120012210
032120313221
022122311200
202120321201
202023311200
102321313220
333102312110
202321320100
202321023212
202120303210
232102302100
201321322301
201020321302
201023330303
203123320301
101123321303
201221123303
100123310302
202122310102
301122303100
101132312200
121102311301
003032311201
003132313112
031112313113
022102313110
332112312213
332112013301
103032012202
102332011201
202022013301
002022330301
002120320303
022121222303
102320322302
002332311302
302123313312
122122013312
302023323303
203022313103
201332313303
200121303301
212331300302
133130013113
122332310012
102002312212
122202310201
112232303201
102311300311
112311310210
133120020112
002121123301
232121120101
231121330301
233120310100
331121330223
131022322301
131023321310
102023220310
233023223310
133123220210
002121200211
202121210113
302011200313
201011221312
002311010310
201121013302
022132303211
233132303233
302130303113
002232300112
003130300312
002101302210
301101302203
302331200110
302030203210
332130013211
132322013210
033022013312
033102013232
131022013111
232121123232
101102023002
101102320101
100131200301
200131223101
202130023102
001133013103
203030223302
201033023101
233020023100
100121323102
102120013303
100130213302
102130113310
033120220223
333121211223
333031200023
232011220012
101332330103
002102300103
000101223003
022101123103
032202303203
002102013003
021101220210
032122300210
011001220311
111021320333
101221020313
131120320313
101022010203
131121010213
132022020233
032022011203
301020323213
002122303313
331122300311
331122311300
333121322301
332022303321
032022321212
132321321213
132322320312
103021311233
202020310213
201021311212
202130210212
203001212212
202101200233
233121310233
233020320113
112331200223
032333010212
022130310323
322121321210
122020320211
132010020210
132020311210
102230220112
232231220232
302020020201
102001321231
302011311202
202030220100
122011322303
122130330113
121132300313
102132302213
102030300012
002021300013
101130310213
331132310210
112021200012
332132300012
332332313311
232322303310
130332323310
032330313330
031030322312
333121300013
331031330012
331101311213
331102323312
331132023110
033020300311
031101300012
232120323312
033120313310
332230320110
333230323213
322002323313
122101320233
022130020213
022030310010
022332010300
032230011301
122130323210
222101010210
122331120212
022032320312
222231320313
322231300211
322131310013
022201300110
201030320212
103021320112
121131220111
101031210012
131331210311
231131233311
212131303112
231131211212
332101210012
232332323212
332331123210
212331312213
231331313211
331032323211
232330310223
201032323233
002032123201
231022123202
121031330213
201011300211
101122323113
101011123213
102011130201
122011010211
102032320133
301031300113
231101220112
133121200111
331131220013
001121320312
032121020212
022133020102
322101021202
022201211203
022021321313
121132020103
332332030203
232022020102
112332023102
212231233302
102123320200
131120330200
332120020300
132122023000
131122321233
131020023220
132120221200
132230111200
112130200200
101131200210
133230223100
132231211233
202201213003
002230313303
101101010201
101331020100
132311120200
101031020233
121001221213
201001220202
001001210223
201021211303
303021210202
231022313223
131332323223
133011120301
113030023201
131002020201
131001200013
122201210212
132022300111
232331300111
230032300223
131022300220
033030221200
230032321202
121130221300
101130300300
101030311303
132332123301
032130222302
122121020302
233121200303
213021223301
022201220302
131332020302
130031022301
131132123102
333102123002
233122323102
332002123112
001032303220
031030320220
031331020210
231331320312
231331330203
333121013210
333122320212
331002321203
133122303312
333102300302
333132311202
333022021202
333130010312
333101010301
333122010203
112122313202
132122320103
133101300103
112002313003
231002023003
333002013113
031002123301
232011030301
122231020201
232230320201
232331021201
201031011201
231030020203
001032320100
231031120102
201331210300
231022323110
131001030102
131102310202
103122313301
303131213201
033121311302
233130213303
132102323201
333130320200
131130313220
101131123201
201131310202
232101312212
102121310212
112131323232
003031310212
002011320210
022131320200
001131323213
002231221201
202331220203
002021021202
001011021303
102230223203
001030023300
031121021203
031132320203
032130023200
332033020202
232033013232
132103013002
033011030203
132011030113
032030330213
132010330300
132332310200
232002312203
233001211201
332201011201
132132012203
231132023201
133121020201
301031320201
301021023103
233022320201
022031220211
031021120213
031031320111
231002300113
033002310112
230032023113
231011020110
302011023112
201001323112
001001310110
021001323310
101022313210
112031023133
131001312211
130001330212
330002320210
230031020212
130031221210
332021023211
130001210220
032231200210
032130211210
331031223222
031011123220
331031021200
032001120201
333101220203
333231210200
232032010201
132333010301
031033010302
331031030303
030002010303
230030010300
330032313330
031121010300
021131011303
031101210313
331131013323
021131313320
122131311203
003131210302
203101313002
001101013212
031002012210
332002010212
330002011200
332131012220
031031011213
332003013203
332133013100
032233023101
003032023102
133232013101
033002013000
333032010100
332132310303
232131010102
101131023112
032033012110
232121013203
202132313201
201001313203
212131313003
002101310301
003201213301
202031303213
002101323202
032101210200
033002323202
022001013223
122001011301
322001013310
120001023210
121101323200
122002013100
031101123000
030001123110
032030023313
031021023323
030001213321
022031211220
030001321200
032021330200
232023320300
102022323100
032232323000
122131123000
022131023110
000131203110
022231313210
332001211210
332022310310
302021313113
032131330112
032331300320
332001300220
030002303320
133132303100
103131313103
003021013303
103231013002
302231213102
003031300303
333021310323
232021210223
332201213223
030021320320
232331211303
331001211323
031031210320
033231233310
033131203220
033101213110
033230313200
102331310303
102031330102
112001320101
122031320110
032031020100
132033023003
231033013000
131032013303
133021123000
102131210100
112001212110
332001310111
101001013113
301031213213
102331013213
202001233223
002201203213
232001220103
132201123001
032201323112
133021023113
112011223313
212031210301
232031210110
132201233210
132121213211
332231210313
032231310302
112021310302
232030310312
232131200312
132230203310
132201303100
112021303210
112231203212
122031221312
033031220312
333101023112
332231023302
333001123103
033001223213
133011323210
133031203211
103031323202
103231303301
302031313301
122032303310
132032313213
132231223113
132131233320
302031223000
203031203200
231001203220
201002303302
232032303200
101011320300
031001320303
131030303330
132131313110
122101303111
332101320100
032001303211
132031303323
212001303301
102001300203
130031320313
233011300313
333001200310
133021300300
301021200300
233011210300
232011313310
232021203311
103021203310
102001303312
002011223320
002121213310
032031203330
102031213111
132031013312
102011013300
033031313313
232101213302
033301203302
133001233323
113031213302
133030320302
231031321301
032101221301
112131223301
132130323303
231131323100
332101303310
102131203313
122001223300
131121223310
201101203303
131101313303
131001013200
033131023301
333201303303
333131313300
333031221303
132001221202
