--- Global Parameters ---
Code Length:			13
Min Codebook Edit Distance:	5

Max Run:			3
Min GC Content:			0
Max GC Content:			0

Using Generation Method: LinearCode (minHD=4)
Bias vector: [0, 1, 3, 0, 2, 3, 2, 3, 3, 3, 2, 2, 1]
Row permutation: [3, 6, 4, 2, 0, 5, 7, 1]
Column permutation: [10, 8, 11, 4, 6, 12, 5, 3, 7, 1, 9, 2, 0]

--- Results Summary ---
Number of Candidates:		57812
Number of Ones in Matrix:	8736452
Number of Code Words:		2345

--- Performance Metrics ---
Number of Threads:		32
Candidate Generation Time:	0.04	seconds
Fill Adjacency List Time:	10.51	seconds
Process Matrix Time:		4.79	seconds
Overall Execution Time:		15.34	seconds
=========================================== 
3331110111333
3332220033222
1133312111333
2221000222001
1100022200011
1110021110111
3221112100033
2011333222333
0233322231333
2200111022233
2002211122333
0011121112233
0001122202333
1301112122333
1101110020033
1112202200033
1122200030333
3021110002333
0001000223330
0001222002111
0001100211133
0023311000111
2221113000111
0011000200111
3111022211333
0111221011133
2112220112333
3300222111223
1112231221333
1121020222333
1223330011133
2123311100333
2223303331333
2111000300333
2220033300032
1222011300033
2200100010333
3312003000333
3322202331333
0112213330333
3012221311333
3132221130333
0012230022333
1122211002233
0003300222003
1110111230333
1112103330003
1013122210333
2210322212333
2202223113332
1210023311333
1113101102333
1110110013331
0110020010033
1102201110133
0223111001233
1220222020333
3302221202333
3101222000133
0112220202223
1112220032113
0100300111233
3320312200333
1032231000333
2331132000333
3311122010233
3311122231113
2232211210333
0212201101333
2221220221033
0021222120033
2220222100113
0233231100033
3232233301333
3323331113033
2122233310133
3302203211133
2111323111033
3312211133133
3322111013332
2111212233133
3311013332333
1011103003233
2133133302333
0330311211333
0033313312333
1022133112333
1211211331133
2211012131333
1110013133133
1122302333133
2221023320333
0020001132333
3320100333133
0013111333233
3222000131233
0122003033233
2121100233233
1221220033323
1022100133033
2220030033313
0200330333033
1100333032333
1101132033233
2102232230333
0022232033313
1002030331333
3001133131333
0013100301333
3303330033233
1233300320333
3330300122333
3103000312333
0300012223133
3301010022233
0231002220333
1233001122233
1320002233033
0300030230333
2231122333033
1121223323033
3121122322233
3331222332133
1133223233233
1131121231033
1132113110233
1330023130333
0333033300133
0332201320333
0311232121333
0212112223332
0002003212233
2020032310333
2030020032333
3332002033323
3022330210333
3033302021333
3303002210033
2303303110333
3030013111233
3331313010033
3002200012033
0002320003133
2003322300033
2233220003303
2203233133033
1223232312333
3222323233323
0222033211033
1202202313033
2101101313033
0001031133033
0012323313033
0010003302033
0011202303133
0001223332303
1210300100033
0021021021333
3002021100133
0322103232333
1122123332223
2322001332233
2232003323133
2002200331113
2223031112133
0332330002233
1332220323332
2223300223332
1322233222330
1133100022133
2233220331233
2233112112033
2133002020233
2132203021333
2103011222033
1300211220033
1030002320033
1130003313303
0030002110303
3332002120133
3330001101113
3033101120033
0001001000332
0030111000323
0032130300033
2031033100033
0230011133313
0002200200323
3232320030033
3311020313033
3113012030333
3321120220133
0203313020333
3112121033313
2110223133313
2132022133233
3000221133003
0010211103303
0002010111330
0002013003331
0003010233323
0031221323323
0002211232223
2030111310233
2000113033323
0003311303313
2223312303233
2321113303033
3200303013233
0003023301233
2200031000303
2210103300233
3200013330023
1000311103331
2230131201333
1231330101333
2231013011133
2133031001133
0130233003033
1202233003330
1222332330013
2212233100331
2200331313331
2322011123331
2220101130133
3221130113233
3231201133323
3032200113330
3003300030313
2201332030133
2300132330233
3030223303303
1103332000303
3300302133313
1232331133303
0333230133303
0330333130003
0031332233303
2321332211133
2000332213313
0002233113113
2220132223303
1211132120233
2211331320033
0231133102233
2233001330123
0113331120133
0011333132223
3103332131133
0133321032233
3013031322333
1000131232233
3202333232233
1010233320233
0222033302223
0023022332223
1203332023332
0032121332133
1311133221033
0230221232033
0212312230033
0022133322003
3112311332033
0022312102033
0020233323330
0222301300303
2223321010003
3202333100303
2221333003123
0222131333113
0023310330303
0321301033133
0221322321133
0311133011303
1012203233303
1113030333023
0233032333203
2110031113303
2211211123223
1011231333223
2203021332303
2100220330003
0203222030303
2202202233213
2211132332123
2020103032233
0020032000223
1020121233323
3220222330223
1121133000223
3322112233203
3331112220330
2311223203323
0210010232233
2012022312233
0030220222332
0233033222331
2221001001003
1031120130233
1203320103233
0003320232330
1121332323330
1033110023303
1132301023033
1221300230133
2113302030003
1113003201133
3330300031123
2320001133322
2033003232223
2013210332033
0132113233313
3221112321313
3331132230003
2331101132223
0313213000303
3332133311223
2323313111223
1333221222323
3332133202033
3133232223313
0100322323313
1300331311313
1300200033213
1003103332313
1033302331223
1033233013323
1102330013313
2112333002313
0113200023313
1013020113133
2033012313133
2021123213303
2022232323203
0021233001323
0230230313323
3302113132323
1332111320003
1011130310003
1321033312133
1230033310223
2100333112113
1100311021133
1113313122323
1331331200133
1030133002133
3013133021133
3021331331113
3323233031113
1133303302113
3220313101133
1222033132113
2233300200113
2032001000113
1003001031113
2313300021113
1133201001313
3130200011303
3322130001323
0033200311103
2331200111003
1000323033103
3300233302003
1213230303313
3131032303033
3310301330003
2012301103133
0033302101113
0333102203313
3233032121113
2330333220113
3130331333203
1323331022203
3233130331103
3221213030003
1211211003003
0322001203003
2322001113113
3222102013313
2321230333013
3311330302313
2332013231113
2033211033113
2333232333130
2232223233311
3200333033322
3213033001313
3023301110113
0022210020113
0010222031213
2022210111323
2012120011033
2030232101133
1002101100023
2002012023033
2000120101233
2003112001313
2333011003223
2333131021313
0020010013023
0033200130223
0030031022213
0030111221003
0330010321303
3331030020013
2301121130003
1320210300233
3200210322133
3002110331223
0020020033132
0220012002133
3200100220003
2000203022003
0203110121033
3123001232133
2032001221233
2302022201233
0230203000113
0201203330013
1112032101313
1303031032033
1230002113330
2200022031330
2022000200330
0121210200133
2011121023003
2221212023331
0302102020003
0301103012033
3301103200323
0111022003023
3010302201033
3032202003013
3012033110003
3031120001003
1233322001003
0331200201113
0202112200113
0201011310003
0220021130023
1112300010023
0111310001103
3011010203303
3000203301123
2010030301313
3000113203013
3100213300313
3110133201113
3133111300123
0101012000313
2303020033103
2011300131103
3300132100103
0311232300013
2212122000123
1313130200013
2213332301013
1100112301113
1010123331113
1220123003113
1022020002313
1212100020313
2131112330113
3230212333113
2102223023113
2003220222113
2023022203013
1202220121113
1000212202213
2023113121113
1333212131113
3133210230113
1103102212233
1011103222113
1221213320113
1113123223003
0013232210003
3101101030113
3103113311103
0003311210103
0313311031033
1333112331331
3121031013133
1323012101033
0330121110013
1000131013113
1000102121003
2321221301113
2121100012113
3210001320113
2322231120303
2113222101323
3331012301323
0323331301323
3220211023013
1320002012313
1222000221323
1122021210303
1122123113103
2210112221123
3122101122323
2311210110113
3322213122113
1012022232013
0002302231013
0210300223113
0020032221103
0122012220013
1022312221113
2100023231303
0131202122133
0030222113331
0133223110313
3231312311233
2300313331123
1330032323113
1120113221313
2221311322213
3011023222003
0211003032003
0322231230213
3300233123323
3330032212323
3300023232330
0220003123223
3122331223003
2232233022213
2231133212323
2323302123323
2200330202203
1101030002103
0023000321023
1000323212223
1203233321323
2033320023123
1332020223223
0233121223223
0133133012223
0303133320223
0023323202213
2230022023223
3223232002223
2213301012223
2212002022013
3110002123013
2033302211003
2232313221003
1330231331003
0133312321003
0133122020323
1033233232003
0113132313303
0110031203213
0001020320213
3233023113013
1220233101023
2112023321103
2212031331223
0321120032223
2111203312223
0111033031123
2311020123303
0232110302323
3113200231003
3112220322003
3031011102223
1302301202223
2301311103213
2020130100323
3023000201203
2002313113003
2002313000213
1210213010013
1020220210103
2130021112213
0211101110123
0202213111203
2101211211103
3213221200023
2212201030103
2000220120331
2210023103023
3230031331330
1001122032003
1101222310023
3102321110023
0300021311023
2020112113123
2122012311223
3320100112213
0302000102123
0323030103223
0003000131031
0101200133113
1202001301123
2132310131313
1011231112103
1223111231103
1213120312033
1202322331103
2123322213103
1221322111203
1320111011123
3301112013103
3300220333030
3301001231013
3122030021103
2122201333111
3032112101123
1103131101003
1020311132003
1103203322203
1101200303223
3100202332213
2330022233111
2302323222013
3002002330331
3323320300213
1333230210223
1232200211203
1033101011203
1223201220223
2002320132303
3011311220123
3031102233123
3100220013123
1310102213323
0210130210303
0131032111323
0013013211313
1131333211023
3113003111023
0211331211203
0200321120213
0210202212223
3020202221323
2100202102123
1200031120123
2221103211013
2010331231323
0122110123213
3110321000223
1133013200023
0101233220323
2313322032313
1013311222332
1013003323331
1301300323003
1300101322103
0221311032303
1300111201131
3110013002303
1301213012303
3212321222303
2331222102203
2203123122313
2200323233230
2310002033230
2213032233301
2121303221323
1130303000331
0131300332123
0201230023223
2201002122330
2221331221330
2203030213013
2031000213203
0303031202303
0302212031323
3023203213313
3211031203331
0210231233123
1233010331013
1220110310323
3223210011023
0322322012303
3302310212303
3302303223330
3300032200230
3320303321023
3203331221223
3222311122231
3323133231331
0332233303311
1303233310331
0321322203331
2332221133300
3322213210023
2032213201223
2221023012203
2012113302203
0101021132203
0320221112330
3003331101330
2133221203330
2112322123003
1122322011330
0011132211330
2032132232330
0311311323332
0032130213223
1320223013003
3222333131031
0310011312313
0332031313123
0333111321130
2331130331330
3210011310331
0132001100331
0030003001231
2200030111231
0032330313332
3131322201103
2011213021123
0120300033311
1011230003031
1112000122331
1112001212123
1310300022231
0110010123332
1220011012332
2203011133132
2002310333132
2230130022331
3203003002023
3212020020203
3302011010203
2321310130203
0200132011331
2223200211131
2123202010313
1320321203013
3003212303331
3011120030331
2033122033311
2303132213331
1211312211331
2120010221331
1000112002031
2102211000131
2202212203031
2200012323311
2113201222331
3220020101331
0221120003231
0322000133211
1000202013311
1103001113311
2301020013332
2211120033302
1001023111332
2000302101332
2303011011330
3330133110332
2210002111032
2302110031332
2330200012330
0330123000330
3220103303330
1201010303331
1330100332332
1203100232331
1231023223332
0103010202331
0110003220231
3010013033311
3322120303031
2320212330330
3300031133111
2200030330111
2001003313311
2231200301331
0111032301331
2111003212332
2011330330332
1311130333032
2333010333031
3330301301331
0133021013331
2203321021331
3231110033131
3301113323311
2213331032332
1133231313332
1312110313013
3233100130332
1100203133231
1123203313131
1212211033311
1121211121331
0112221132031
0131212333031
0122232330231
3213121332331
1323210223331
1033002203131
1121020331123
2321121101331
1121110323231
1321011033203
0310210303330
2212021033131
2122100310331
2221000331211
1122020033301
1131120233311
2133313033231
2032013301332
0032011233031
0231101300131
2331100023311
1331100103131
1011002033312
0011010323123
0011102103311
0002210323311
0212110112331
1012101211332
0112331311330
1101023033130
0211010003030
1121103020332
1223100203003
3120112020331
2301120021131
0303003332131
3301102130131
0331020311331
3233000102131
2111300013301
0231201013103
2201322000311
3203122022231
1313300233203
3332030322231
3210323133131
2332211332131
3213221132113
0302213301131
1002133211131
2031333121131
3223222300131
0102232301103
0113330303131
0121313320331
1120322303031
1200222323131
2000233223232
0003332312231
3300332221332
3131230021331
2332302003231
0220013332321
0021100333011
0020022030001
2220002103121
1001030033111
1100033232111
3110200020031
2001123222031
3102003031131
3112200332330
2112003331230
0332000331310
1023220001131
1322232001332
0310233133132
0211033233232
3212022023330
3230110202332
3021330333231
2121132031131
2111322332031
2210102123231
2233301202231
0100031333222
0002033321132
3121321330323
1221321331332
3313310113131
3011101131130
2113013311131
3110012113231
3212013112313
3300033311302
3102332300330
3233312003132
2113310003312
2211133223011
0210332200131
3231302100331
1011321003332
3110121100332
2110030223111
1310332001213
1233323003321
1203330133011
1333013033320
1003332031311
1011332300231
0012333102131
1233310131231
1203312301131
1110331233301
0011203120131
0311123132331
3111031333110
0111311331311
3012112311131
1021133303301
0112203300111
0312201023131
1310001333121
0202120223131
1210022313011
0001211130001
3022200130111
3222001020301
0122202203130
0022203102330
1020003301130
1032212230131
0121122130123
1301032013013
3011131002231
3311101220031
3310310123223
1010320102323
1230102032323
1023032132331
1120333222321
3001321223213
3310001202311
2100011212321
2000121103111
2000322330321
0002312133301
3002111220311
3001021023031
3030030100311
2010020222321
1300223022331
1012202322231
0023023223311
1112102332321
2110233322211
2020022320111
3300123021213
3000331022232
3100323020131
0101130200030
0003011322211
3230300113321
0010210012231
0222032032031
3321300330311
1330131203311
1303132333111
3303313203031
3133233000311
3130223332311
3303222032321
3312210203321
3302322322131
3130312231131
3003323313301
3133320110331
3103312213330
1211223312111
3131113011311
1033111313111
1012220110311
3102132313031
3130002333001
3122002223201
3302231013231
3011221100301
0033123100203
0332233122031
3311233222111
0111213032111
0220122322311
1322323220311
0201311222311
2100230032311
2131131100311
2131011031031
1131131020131
1011310132311
3102331033011
1123102111031
1101232233011
3101210023111
3010122023321
0200012033201
1221022023111
1130100320311
0130002121311
3131102202131
1123032231213
2112202320213
0111312223310
1011302233130
0110110330211
0331303321311
2300330233211
3320302323301
3200302230231
2012023203301
0203303103301
0100231012013
0102200010011
0033100223211
1110331101231
3201023300011
0012333230001
0311331333001
1001132223101
0033133202111
0310112232111
1301301232131
1031231123231
1211330023211
1123310203111
0102333003112
2233203320311
1122302112213
1123130132013
2113002102311
3232101303213
3122111333221
3213113023223
0032011012311
0002312201231
2022313303011
0032332203011
0003122331312
3211020010111
3101100300301
3203122203111
0020212003211
1320021222111
0001320033221
3000231103221
2002232201321
0102123201311
1211210001321
1100113031301
1103323121013
3023322101031
1133222010231
2323312221031
2033303213321
0032203032301
0033232332121
0230023331011
0002133132011
0301332130311
3300232300321
0322301110031
0202301331031
1030131333130
1220303332011
2300031210031
3023130213111
1223030211311
3230333021231
0220330030231
3033303023011
3030330121213
3020332012311
3121331213311
1313332122311
2013331133101
3133211232231
3232330332321
3313310332211
3323330223221
3103300112111
3000103012111
1201333112031
2203133001321
0031333010301
2101330010031
2331320312213
2003131010231
2032212310311
3232020230211
0232321333211
1223101133211
2223211002311
0222311330121
3022233111211
1133313113011
1132112112111
2202221331121
3210203330321
1032221211231
1302322213301
1303323133030
1311131110030
1300210331101
1302032311231
1022313111301
3103202211311
1213202233121
3323031313211
3330120032111
0200302310011
1130133301011
3132300222011
1323013322031
0132010313111
0103213122311
1221131312211
0001101121321
3021013122131
1011011223001
1301033323201
1010031330001
0011033221211
2230231333021
0301033000321
2302023310301
1201121313301
1320222011321
0200030020001
0302130222301
3000333200021
2001331023301
1102233020301
3021330001301
2223030003001
0223000333000
0220031013011
2312303123031
2112301200011
0131113203001
1231110102301
0123011103211
0012300211301
3012001133021
0010111303121
0201101133302
0213330233310
1000133322110
2223332200310
2201333032211
2302300012211
3002020102211
0012023113211
3020023112103
3120023123111
3301022001211
1310202100311
3233033030021
1123323331001
1233323222001
1123033012211
0120303300030
1012330333010
0010333031110
1112132133110
1210133313312
3103303000110
1001030120301
0100221310301
1230103030001
2103032320301
3010303310101
3013302231321
0133033133230
0231033311310
1133320021101
1131330031112
1210131131101
1113033113112
2121030113011
2333231113001
1211031113221
1130232103111
0131332311101
2313131322111
3310313303312
1312013233211
2120023313221
2102101323321
1113133213221
0103023330221
0120120302213
1300020030221
1003022133221
3103032003221
3203321302211
2000322111001
2003000221121
3203020321031
3112000232221
0103002322230
3113330111221
3011133112112
0311321122103
3230213110111
2331133111201
2330332110301
2333010001101
2202022011101
0203100111211
2103120321213
3001021311101
3031023032011
0021322333110
2001020211023
3303200313011
3310010323001
3203111331001
2332033113310
3332211011011
3330221230011
2332101011321
2211100130221
2210102302111
2331031301211
0333001230301
2220312001011
1113201030021
1031231302111
3311222303201
3102003210211
3221033301101
1333213201301
1313023022103
0033032013310
0221230012111
2333202132301
2231003132101
2121021300231
2133003310021
1201303021330
2120003303112
0021002302321
1132300313221
2023300103221
2322310100111
3032301030001
3313103310123
3113303130121
0212030311121
3322203001121
2010232311121
1030132113001
0301323102211
1313113302321
3311201020213
0323103003130
0313301001211
3031311211211
3322011200211
1310231121011
1022200220001
3302032220001
1332203332210
3332102333010
3212331120011
3303313310221
2201213010321
3112230133101
2001123331221
1200130222132
2002203002232
0020133302232
2001302002001
2111010002021
1023130322321
1022331323221
1021313213123
0102313232101
3123332321121
0332012211211
3223222121211
0323312131121
2211013201121
2221102032011
2013110200321
3322120122311
3232201231101
1323322232110
1033223202221
3330102313221
0332300131132
2313303133112
3112303033212
3310012233322
0002013110121
0100030331100
2003203101101
2032000111021
1200110321011
1101002021121
3221120211121
3211303201211
0211210231011
2011310320001
2313120310011
3311203311210
0312223211011
0113122011011
1132231210001
1311302210101
0111032120011
3332123321001
3310311121101
3312111001221
3031130031221
3321112310301
1131203022011
1301113212121
3310013322210
3321333202201
2322203322001
2231222020001
2320110133021
1303101020321
2132311201101
1331210112211
0320211132221
1110200111201
1311101311201
0111001012101
3110101110001
0313000310101
3103010010021
0303101210011
0100310213121
2212000313010
0122210011101
0121030203101
0102200322121
0111322022121
0222112231221
0223233120321
2232232312001
2102320231221
1021232320121
1021020121211
2022030220221
2012001210101
3222002021110
1202030323310
0323300323110
2213303011310
2102203301310
2233232211332
1003120230021
0321130002001
0110222000201
2101122030021
2133012322121
3203013213121
1003133133122
2330101031110
3310100013110
2011100031012
2330012121130
2330330113232
2330203013121
0333012201332
2100223331212
1202230002121
1010020302101
2310300230121
2113013023001
3113111222001
1203201302301
1230112223221
1233000212021
0031103311021
1122321010121
2313323302101
3230311300101
2023001120001
3300300311100
1303301301110
3202303301132
0003303111322
3303010330132
2123003001330
3211232030101
2123212201211
2033321200121
2121132210211
2111311021201
2311211220301
3013011000130
3010010121310
0330222023110
1233221032011
0211122101001
1221022130301
0221221133201
2011313100130
3111233230132
3021221333132
2012232331310
0132223321110
0112233233210
1102333233222
0021220030310
0012321203310
2022202303312
0002001302110
0302013133110
2032030131130
2223001313302
3021201323201
3220210313201
2201032102221
2200200122021
1221131201001
2021010132330
0310111233300
0103111013130
0123132033320
0222111011310
0233110133120
2203111012121
3131310003201
3020113013001
3332113301110
3210011022201
0121200102221
0212010033322
0221100100312
2032120020301
2203232022101
2131221223101
1110110100121
2131221002221
0330113020221
1131120101221
1211102013132
2201101002132
2111330212130
1103201321330
1002023213110
1233030232130
1332332231030
0122332123312
0022333222112
3202022332021
1311033032110
1131101113230
1331001133010
3322003233100
1110011023210
0310130113221
2101000102232
2310320001132
2303222311201
2203031123201
2200113132110
2201100332320
0220300103130
2000303103010
2010323023312
2200130302312
2130032030030
2001333201112
2030300110312
0013001110132
3022001121132
3222023212221
1202232333122
0030220331122
2221232301132
0320023011312
1220230321112
0102301133320
0233133303322
3033022103312
1332023003312
3102010113312
0331301010312
0003013013212
0330230010201
0001311011012
0300131021132
0330133030112
0201021330112
1300333020310
3320010110232
2000101113222
2010022113322
3232201010221
2033001010030
2300201002101
2030033003300
1303300031302
1001130001312
2322233302110
2130222321023
2121232103223
3311333210312
0212333110112
0113323221312
3110023203132
1310222003232
1102112232132
0101022312332
0100031112102
0112223131102
1130221021332
0133030132021
1001322313232
2230030103322
0103003320112
3202002322312
3320032103032
3220323032232
0200010211012
1321003000112
2301003002210
2000330122310
3310330312230
0101330121201
0030310323230
2033010022130
0121300023232
3022230003210
3202221012001
1130033001322
2113203332012
0132200330032
0331220302030
0300122010101
2011223001032
3201021210332
0300023312110
3100030123210
1001001323212
1110033302120
1130322233000
1103213312021
1211011103112
0010033010012
1010032110130
0003312030032
2311311033222
0321313332312
3313302212310
1331322322310
1033310302132
1033322100230
3030022201130
0332000222100
1012233032132
2103331300012
1230331332212
2201012112112
1203120110132
1120331000132
1122113133012
0322210331012
0203000123012
2020331002110
2020323031201
0203301100232
1223220013112
0030323302130
1032003030010
1002033002012
0030311321112
1013032212312
2103103002201
0010103002300
0100020301322
2002230130322
1201020011310
1302030201112
0100320012310
2230020020310
1100200200110
1113202303300
2130221101112
1001221233030
0201122210310
3101120131312
2212322321312
2220332323212
2223322011212
3221031123312
0303213130332
1200311330032
1000100031320
1321100033100
0300011003002
1210313203130
0012003103122
1120031200310
0223033201110
0132100311130
1132111000110
1233021200030
1120330330320
2020313230030
2321030320312
2300022000322
1220300220010
1222330001010
0123002200312
0213211300312
1020013003222
1233111033002
3031223200030
2313222000110
2111211100212
3201201300110
3032302303320
3132023301221
3120222313212
1220212332312
2011201233112
2310222123012
2001112313012
3000320231012
3031330310010
3001203023130
0001032313102
3001300322012
0010022022112
0300120232312
3312221221112
2200202121112
0222012131112
2311023122112
3031320101112
0333200113212
0332332001300
3122023010130
3220221110312
1130202211130
0023021112312
0120110231112
0301101102310
0001102301210
2012020202110
2030113200110
3301122033012
2302320330012
2233223002112
0032232010132
0131122000112
1312122002101
3120133300210
3001312130023
0302302120112
1032002213012
0302031120310
0021112032230
3002112332310
1100222032030
2111002210010
3331102210112
1300022212032
1302302203032
3033220221010
0333222100012
0303220111032
3303120010310
3323301201012
3330330323102
1122310032312
1100101002010
2110001201322
3122033020312
2123100300212
1011123100310
1202331121210
3330030211210
3310302110132
3320022133210
2302111033010
3330013313122
3312113330222
3212112303112
2110023033202
1013022003210
1030033123120
2130113322312
2130102131132
2122120032132
2322320033210
2002311003320
3202030033200
3002231123010
1023211130112
1003320111210
2001000312100
2100123310310
2210012300130
2001010103002
2100313011030
2223230103110
1213002001100
0213020222030
0130103223300
3003002233002
1320333230302
3003002012322
0133022320010
2333002300320
0130001301220
1133000103120
1130001022300
3110301103300
3013332123300
3100233131300
3001103330102
0001301313300
0002023130030
0331202130110
0230013202310
1023020012230
1110221322130
2311332131110
0010300010210
3210330230032
0002023023220
0112012100030
2231301110130
3232001003120
3220322030110
3310020210300
3201031001230
3133310023030
2103330030200
3003312110212
3031331133012
3033323120132
0203311130010
1200301213000
2202331333100
3233003322000
3233120120001
3231332033030
1110323313200
2202211311030
2021202333000
3120002131100
3300300130220
3033103302220
0312011332122
3110113030100
2223102233100
2003302131020
3223022313230
2211311330300
2123103301003
2223112310132
2021131333202
2211213033100
0223103121332
1203103101010
1031232210110
1120030130102
1122000311102
1120200322032
3033203323322
3110322333102
1103233211102
2221303311102
0201003011222
0330111311222
1300332131222
2221013213032
3201303331220
3012133303120
0012223013300
2031013331020
1120111331030
3201133302030
1110113320010
1010332203102
1333222330322
1331333203000
1113131303102
1312130031210
1231202331232
1113102231012
1102012132201
1120331113322
2003330112002
1320333011022
1123133312122
3201003131002
0303001331002
2301013300102
1320101200021
1201002330020
3010323300232
3011013023232
0303112332232
0223202323232
0123202300203
0112002130212
0210201213032
1313002123302
3310003020102
3130011302032
1132012033102
3200220123302
3110010331022
1102213030032
0003100010022
1003031230322
2202031020132
2332010230302
2130120303012
2100321032012
0313020032302
2101332321032
2131303130032
3121300103012
3113113000212
0231311102332
0213320022212
1212332010030
2133311123112
2302331211302
0312000300022
1013300303022
0130323001012
0221330201032
2322020101102
2201200200032
3012021030102
3020303030122
2020002330222
0222302033022
2200203030020
1130301003202
3332103003202
2333110301232
2100210203302
1103003110222
3100303211122
3101033132122
3101221112132
3021011032212
3133010223212
3331011121212
3133020022023
0113203203222
2103222303222
2123020322322
1331203123222
3132320321132
3303231110102
1330020310202
0323323000102
1132132230312
3321302333222
3123030031020
1311203001300
3303323002200
3302020300100
3102011223100
3102001032002
1331010320230
0101113302302
0001130231022
1000132012302
1102221013010
0120201331300
2000133130200
1002001132220
0210003022120
0200022321220
0103132330122
2033022333022
3331323302012
1323203033022
3303202131202
0212202232012
2332333132212
3121010001122
2101010200120
2211230131232
2022130120112
2101113012212
2030211222121
3010230122322
3321233102132
1233201310212
2211332100102
1313031011212
1103302020212
0230320202112
3320302102021
2313230212121
2312203111232
0313030002120
1113300221220
0112302002100
1110230203220
1310312102330
3203001112300
3103210110130
1010103321220
1210330301202
0233303002002
2232333103200
2230321331000
1210200021020
1131020133022
2102300113022
1013202000222
1201222001122
1200211211021
1002323100122
3023132031302
3220230031002
0223322301302
3102311311212
3211131103002
3101230120032
0002022200222
3013310130100
0003123001100
3013230112030
3113202013210
0120330013200
0023312112110
2030022122010
0230303121100
3020302121010
2022102322210
3202012312130
3110022312000
3032030301200
0230100020200
3103100012000
3330101312030
1220103013220
3223203020010
2213213321201
3112223011322
0131101230310
0110131231010
3101312012221
1100132311220
3011331230210
3012330202220
3112031210012
1130312121021
3331310011222
3313210032122
3113310320232
3133130201322
3111223132220
1033220131100
1030011311000
1113011321032
0031321023010
0030131103200
1131013112322
0002130020010
1112021130320
1213202012201
1213321031120
2302133312320
0021103113120
0121301021110
0323001121010
2133011102010
3130112110300
1332310110300
1222013210310
2212011321110
2130103133210
1232231012310
1201223110010
0112123222130
3123132113100
1123132203010
1001323202300
1020320003020
0003211222300
2010311221010
2003313322200
2003211132210
1202110212030
1203010102220
1101201120221
3230210002110
3003222102100
1321210310310
0322110131230
2132201131010
3222031113000
0220213100300
3001310020300
3002103213000
2113023110300
2310013112120
2232032212110
0220202313120
0202132031100
1220202123210
2220220010230
1222020322200
2223012010201
2220130112300
2220001230200
0121022230210
0121131012300
0310122120130
0222020112130
0232022021032
0130010112000
0113103110210
2021220101120
3131222101230
3122311012010
0022310101100
0103321201000
3323231213300
0023232311300
2032101121100
0030212312100
1013131221300
2101300211200
2200203211300
1203220203100
1002213001020
1210211013120
3313211030200
2331300123200
2102120003200
0012210032000
1032211103210
2123233032120
2131200322300
1132223111220
0333020110220
3332332121120
2231033220120
1132111221230
1012211200012
0133230121320
3123123032210
2033322312120
1303332012320
3310133121000
2033121032100
2231011012000
0032200301020
2033202223200
0332310233220
2313313231200
1212301303200
0213011200203
2310122011300
3113121202110
2122121211130
2320212111010
2210211201230
1012210202330
0232213010100
0231221222110
1211213221210
1200212122300
0011012233200
2011021230120
1102131330200
1132312320130
1223221323300
2223332132220
3010231301320
3201232013320
0212310012220
3211010211320
3112132002320
1310100122320
2021213212310
3022131312100
3020222322200
3000111021200
1230201320100
2213312023210
1322331300210
1033130120220
0110203101000
0322233012000
1333031020120
1321303132200
1123110210210
3231102221100
2311230232310
0313233322100
1020021020200
1113001202000
3221101022210
2213223120030
2013120220230
2122032120230
0112200212110
0210012010020
0231313101201
0231120312120
3302020121220
3031122111320
1031321213320
2313222332020
3011221321021
2212220310022
0012232200120
2132133020320
2213122231320
2031233000122
2012331302302
2012213102021
2011233122000
2011132320100
3111232321000
3312202323220
3301110103220
3023110203222
2332213110322
3111031220300
0321100310020
2111303320020
0311203231030
3312121313200
1222122132210
1230312011200
2133102101220
2312231021000
0232103001220
0033120012202
0132121122201
2323023222300
2233302203020
1232323013202
1032123233200
1123302230200
3122213023320
3101023323020
2320131032220
2303221022120
0303022101200
3310232102220
3312130100020
2131313232320
0133113330020
2131122310002
0313221202001
0313331200020
0312120322112
2112321122212
2123221112021
1232221131322
1233312313022
1313321332002
3121231332302
2313210311002
2312332012012
0031101201302
0210321231102
3212131020100
1301211102020
2113213211020
0200121312232
0002301230202
3030112032102
1301320220120
2320120221000
3323202232000
1321321121000
1331112130220
2322101213220
1112111210102
1003111212212
3033010212200
3110121232202
1003012221200
3120110023202
2120102220223
0220121102220
0122112301000
0012110321032
1221110300200
0303113002020
2220131110022
1211102321002
2231121113102
2231112021012
2230012331202
1221020201302
2112312010302
2110300222102
2013103322102
3331131322002
0232113122212
1031211020312
3301312000202
3301123122120
3321312210210
3133231222102
3003210121122
3321101232122
1322002032122
0313223312322
1323022121122
0301321101322
0301223023202
0203120320202
0122133200201
0021310022002
0021112121020
0102121023102
3002121200200
2300120122202
3221211120320
2200311122322
3230101323022
3001112123322
1332001322022
3232000220122
1102010022122
1023200102012
1120320121222
3102023021202
0223010122102
0120210122120
1002202212200
0201132112002
2122011203222
1101112202220
1201021100222
0011210330222
1030121031222
3012021211222
1011201021202
1102322201322
2102213222322
2232033122302
2033113230202
1032133203022
3301223103022
1222313103322
3031202212021
3032122213102
0332231300222
3230233100222
0232230112232
0112122112322
3013220210322
3122212200322
3203131013202
0231213133002
3113212130222
0012321131220
0312313022023
2031211232002
0330312122012
2022311121202
2010131222022
0121121203202
0231012122021
0133032022302
3022130310222
0202330132122
2233122132122
0332231121102
1122113201122
1033212112122
1231213210122
1021212002322
3131223231022
1212121213022
0321222010212
0221222021200
2201122100200
2322111223002
0320113222320
1222132102032
0223310322320
0221233232020
0022202013202
2322100030222
0212023012022
0210031220222
2103110120022
2330031202122
0032303221222
2331301121122
0221312212232
0201231200221
1310132320022
2211102201222
1223103202212
2023021202202
0131232102022
3021332111022
2203102311022
2023320221022
2122323020022
0321320021122
1233133020202
2202123021020
2202210021222
3002120202122
2303121003022
2320130211222
0132021110002
0223032310022
1221321222122
1110202220202
3211332223022
2211230022022
3111200302022
3212213012202
3320220302302
0232032102000
2121220202002
0323311202200
1232120220032
1321101122032
1201123022302
1321132231202
3220102212202
1220221200202
2320322322022
2322321210212
0302232132200
3322020222022
3330232201022
3232102302002
2223213220102
3302123220302
2302211320022
2302122320220
1322312023202
1302201230020
