--- Global Parameters ---
Code Length:			13
Min Codebook Edit Distance:	5

Max Run:			3
Min GC Content:			0.4
Max GC Content:			0.6

Using Generation Method: LinearCode (minHD=4)
Bias vector: [0, 1, 3, 0, 2, 3, 2, 3, 3, 3, 2, 2, 1]
Row permutation: [3, 6, 4, 2, 0, 5, 7, 1]
Column permutation: [10, 8, 11, 4, 6, 12, 5, 3, 7, 1, 9, 2, 0]

--- Results Summary ---
Number of Candidates:		57812
Number of Ones in Matrix:	8736452
Number of Code Words:		967

--- Performance Metrics ---
Number of Threads:		32
Candidate Generation Time:	0.04	seconds
Fill Adjacency List Time:	10.51	seconds
Process Matrix Time:		4.79	seconds
Overall Execution Time:		15.34	seconds
=========================================== 
3331110111333
3332220033222
1133312111333
1100022200011
3221112100033
2011333222333
0001122202333
1101110020033
1112202200033
0001100211133
0023311000111
0011000200111
1223330011133
2123311100333
1222011300033
3012221311333
3132221130333
1110111230333
1013122210333
1210023311333
1113101102333
1110110013331
0223111001233
1220222020333
3302221202333
3101222000133
3311122010233
0212201101333
0021222120033
2122233310133
3302203211133
3312211133133
3322111013332
1022133112333
1110013133133
1122302333133
2221023320333
3222000131233
2121100233233
1221220033323
1101132033233
2102232230333
1233001122233
2231122333033
1121223323033
3331222332133
1133223233233
0311232121333
1223232312333
3222323233323
0222033211033
1202202313033
2101101313033
0021021021333
2322001332233
2002200331113
1332220323332
2223300223332
1322233222330
1133100022133
2233220331233
2132203021333
2103011222033
1300211220033
3321120220133
3112121033313
2110223133313
2132022133233
0031221323323
2030111310233
2223312303233
2230131201333
2231013011133
1222332330013
2212233100331
2220101130133
3221130113233
3231201133323
0002233113113
2220132223303
2211331320033
0231133102233
0113331120133
0011333132223
1000131232233
0222033302223
0023022332223
0032121332133
1311133221033
0230221232033
0212312230033
3112311332033
0022312102033
2223321010003
2221333003123
0222131333113
2110031113303
1011231333223
1020121233323
3220222330223
1121133000223
3322112233203
3331112220330
2311223203323
0210010232233
0030220222332
2221001001003
1031120130233
1121332323330
1221300230133
1113003201133
2320001133322
0132113233313
3332133311223
3133232223313
2112333002313
1013020113133
2021123213303
2022232323203
3302113132323
1332111320003
1321033312133
2100333112113
1100311021133
3021331331113
3220313101133
2313300021113
1133201001313
2331200111003
2012301103133
3233032121113
1323331022203
1211211003003
3222102013313
2332013231113
2033211033113
3023301110113
0022210020113
0010222031213
2012120011033
2030232101133
1002101100023
2000120101233
2003112001313
2333131021313
0030111221003
2301121130003
3200210322133
3002110331223
0220012002133
0203110121033
3123001232133
2032001221233
2302022201233
0121210200133
2011121023003
0111022003023
0331200201113
0220021130023
1112300010023
0111310001103
3110133201113
3133111300123
2011300131103
2213332301013
1010123331113
1220123003113
1022020002313
1212100020313
3230212333113
2023022203013
3133210230113
1113123223003
3101101030113
3103113311103
1333112331331
3121031013133
1323012101033
0330121110013
1000131013113
1000102121003
3210001320113
2322231120303
3220211023013
1320002012313
0210300223113
0020032221103
0030222113331
0133223110313
3231312311233
3011023222003
0322231230213
0220003123223
3122331223003
2323302123323
1000323212223
1203233321323
1332020223223
0133133012223
0023323202213
2230022023223
3223232002223
3110002123013
2232313221003
0133122020323
0110031203213
1220233101023
0321120032223
0111033031123
2311020123303
0232110302323
3112220322003
3031011102223
1302301202223
2301311103213
1210213010013
1020220210103
3213221200023
2212201030103
2000220120331
2210023103023
1001122032003
3102321110023
3320100112213
0101200133113
1202001301123
2132310131313
1213120312033
1202322331103
3301112013103
3122030021103
1103131101003
1020311132003
1103203322203
1101200303223
3100202332213
2330022233111
2302323222013
1333230210223
1033101011203
3031102233123
3100220013123
1310102213323
0131032111323
0013013211313
1131333211023
3113003111023
0200321120213
3020202221323
1200031120123
2010331231323
3110321000223
0101233220323
2313322032313
1300101322103
0221311032303
1301213012303
2213032233301
0201230023223
2201002122330
0302212031323
3211031203331
0210231233123
1220110310323
3223210011023
0322322012303
3203331221223
0321322203331
2332221133300
3322213210023
2012113302203
0101021132203
0320221112330
2133221203330
0011132211330
2032132232330
0311311323332
0032130213223
3222333131031
0310011312313
0333111321130
3210011310331
2200030111231
3131322201103
1310300022231
0110010123332
2203011133132
2230130022331
3212020020203
2321310130203
0200132011331
2123202010313
1320321203013
2033122033311
2303132213331
1000112002031
2200012323311
3220020101331
0221120003231
0322000133211
1000202013311
1103001113311
2211120033302
1001023111332
2302110031332
1203100232331
1231023223332
0110003220231
2231200301331
0111032301331
2203321021331
3231110033131
3301113323311
2213331032332
1133231313332
1312110313013
1100203133231
1123203313131
0131212333031
0122232330231
3213121332331
1323210223331
1321011033203
2122100310331
1122020033301
0231101300131
2331100023311
1331100103131
1011002033312
0011010323123
0011102103311
0002210323311
0112331311330
1121103020332
3120112020331
3301102130131
2111300013301
0231201013103
2201322000311
3210323133131
0302213301131
2031333121131
3223222300131
0102232301103
0121313320331
1120322303031
2000233223232
3131230021331
0220013332321
1100033232111
2112003331230
1023220001131
1322232001332
0211033233232
3212022023330
3230110202332
2233301202231
3121321330323
3313310113131
3011101131130
2113310003312
0210332200131
1011321003332
3110121100332
1310332001213
1011332300231
0012333102131
1233310131231
1203312301131
1110331233301
0011203120131
0311123132331
3111031333110
0112203300111
0312201023131
1310001333121
0001211130001
3022200130111
3222001020301
0122202203130
3011131002231
3311101220031
3310310123223
1010320102323
1230102032323
1023032132331
3001321223213
3310001202311
1300223022331
0023023223311
3300123021213
0003011322211
0010210012231
0222032032031
1330131203311
1303132333111
3130223332311
3303222032321
3312210203321
3302322322131
3130312231131
3102132313031
3302231013231
3011221100301
0332233122031
2100230032311
2131011031031
3010122023321
1130100320311
0130002121311
1011302233130
0110110330211
2012023203301
0100231012013
0102200010011
0033100223211
0033133202111
1301301232131
2233203320311
1123130132013
3232101303213
3213113023223
0032011012311
0002312201231
2022313303011
0003122331312
0020212003211
3000231103221
1100113031301
1103323121013
3023322101031
0033232332121
0002133132011
0322301110031
1220303332011
3023130213111
3020332012311
2013331133101
3313310332211
3323330223221
3103300112111
3000103012111
1201333112031
2203133001321
2331320312213
2003131010231
3232020230211
0232321333211
1133313113011
1302322213301
1311131110030
1300210331101
1302032311231
3323031313211
3330120032111
1130133301011
3132300222011
1323013322031
0132010313111
2230231333021
0302130222301
1102233020301
0220031013011
2312303123031
0131113203001
0012300211301
3012001133021
0010111303121
0201101133302
1000133322110
2223332200310
2201333032211
2302300012211
3002020102211
3020023112103
3301022001211
1310202100311
1123323331001
1233323222001
1210133313312
0100221310301
3013302231321
1133320021101
1131330031112
2333231113001
0131332311101
0120120302213
1003022133221
3203321302211
2000322111001
2003000221121
3001021311101
0021322333110
2001020211023
3203111331001
3330221230011
2331031301211
1113201030021
3311222303201
3102003210211
3221033301101
1333213201301
1313023022103
2333202132301
2231003132101
2120003303112
0021002302321
1132300313221
2023300103221
3113303130121
3322203001121
1030132113001
0301323102211
1313113302321
3311201020213
0313301001211
1022200220001
1332203332210
3112230133101
2002203002232
1023130322321
0102313232101
2013110200321
3330102313221
2313303133112
3112303033212
3310012233322
0002013110121
2003203101101
2032000111021
2011310320001
2313120310011
3311203311210
3332123321001
3031130031221
3321112310301
3310013322210
3321333202201
2322203322001
2320110133021
1303101020321
3110101110001
0303101210011
0100310213121
2212000313010
0121030203101
0223233120321
2213303011310
2102203301310
1003120230021
0110222000201
3203013213121
1003133133122
2330101031110
2011100031012
2330012121130
2330203013121
1010020302101
2310300230121
2113013023001
1203201302301
1233000212021
0031103311021
2313323302101
2023001120001
3211232030101
2033321200121
3010010121310
0330222023110
2011313100130
3111233230132
3021221333132
2012232331310
0112233233210
1102333233222
0012321203310
2022202303312
2223001313302
3021201323201
3220210313201
2021010132330
0103111013130
0233110133120
3332113301110
0212010033322
0221100100312
2032120020301
0330113020221
1103201321330
1002023213110
3202022332021
1311033032110
0310130113221
2101000102232
2310320001132
2203031123201
2201100332320
2010323023312
2200130302312
2001333201112
0013001110132
0030220331122
0320023011312
3102010113312
0001311011012
0300131021132
0201021330112
3320010110232
2300201002101
1001130001312
2322233302110
3311333210312
3110023203132
1310222003232
0101022312332
0100031112102
1001322313232
3202002322312
3220323032232
0200010211012
1321003000112
0101330121201
0121300023232
2113203332012
0300122010101
2011223001032
3201021210332
1001001323212
1110033302120
1010032110130
0321313332312
3313302212310
1331322322310
1012233032132
1230331332212
1120331000132
0322210331012
2020331002110
2020323031201
0030311321112
2103103002201
2002230130322
1201020011310
1302030201112
1100200200110
1001221233030
1210313203130
0012003103122
1120031200310
0223033201110
0132100311130
2321030320312
1220300220010
1222330001010
0123002200312
0213211300312
1020013003222
1233111033002
2313222000110
3201201300110
3132023301221
0300120232312
3031320101112
0333200113212
3122023010130
0301101102310
0001102301210
2030113200110
3301122033012
0032232010132
0302302120112
1032002213012
0021112032230
3002112332310
1100222032030
1300022212032
3033220221010
0333222100012
0303220111032
3323301201012
1100101002010
3122033020312
2123100300212
1011123100310
3310302110132
3320022133210
2302111033010
3312113330222
2110023033202
1013022003210
2322320033210
3002231123010
1003320111210
2100123310310
2210012300130
2223230103110
1213002001100
0213020222030
0331202130110
1023020012230
0112012100030
2231301110130
3220322030110
3003312110212
3233120120001
1110323313200
3120002131100
2223102233100
3223022313230
2211311330300
2021131333202
2211213033100
0223103121332
1203103101010
1120030130102
1120200322032
3110322333102
0201003011222
1300332131222
1120111331030
1110113320010
1010332203102
1333222330322
1113131303102
1312130031210
1320333011022
1320101200021
3011013023232
0303112332232
0223202323232
0210201213032
1313002123302
1132012033102
3200220123302
3110010331022
1102213030032
2202031020132
2130120303012
2100321032012
2101332321032
3121300103012
3113113000212
0231311102332
1212332010030
2302331211302
0221330201032
2201200200032
3012021030102
2020002330222
0222302033022
2333110301232
2100210203302
1103003110222
3100303211122
3101033132122
3133010223212
0113203203222
3132320321132
3303231110102
3321302333222
3102011223100
0101113302302
0001130231022
1000132012302
1002001132220
0210003022120
0200022321220
0103132330122
3303202131202
2332333132212
2101010200120
3010230122322
3321233102132
1103302020212
0230320202112
3320302102021
0112302002100
1110230203220
1310312102330
3103210110130
1010103321220
1210330301202
1210200021020
1131020133022
2102300113022
1013202000222
1002323100122
0223322301302
3211131103002
3101230120032
0002022200222
3113202013210
2030022122010
3020302121010
3202012312130
3110022312000
1220103013220
0131101230310
0110131231010
3011331230210
3012330202220
3331310011222
3313210032122
3113310320232
3133130201322
1033220131100
2302133312320
0021103113120
0323001121010
2133011102010
3130112110300
2130103133210
3123132113100
1123132203010
0003211222300
1203010102220
3230210002110
3003222102100
1321210310310
0322110131230
3222031113000
2113023110300
0220202313120
0202132031100
2220220010230
2220130112300
2220001230200
0121131012300
0310122120130
0232022021032
0113103110210
0022310101100
0030212312100
1013131221300
2101300211200
2200203211300
1203220203100
1002213001020
2102120003200
2123233032120
2131200322300
3332332121120
2231033220120
0133230121320
3123123032210
2033322312120
2033121032100
2231011012000
2033202223200
2313313231200
1212301303200
0213011200203
2310122011300
1012210202330
0232213010100
0011012233200
1102131330200
1132312320130
1223221323300
3201232013320
3112132002320
1310100122320
3022131312100
3020222322200
3000111021200
1230201320100
1322331300210
1033130120220
1321303132200
2311230232310
1020021020200
1113001202000
2213223120030
2013120220230
0210012010020
0231313101201
3302020121220
1031321213320
2313222332020
0012232200120
2132133020320
2031233000122
2012331302302
2011233122000
2011132320100
3111232321000
3312202323220
3301110103220
3023110203222
3111031220300
2111303320020
3312121313200
1230312011200
2312231021000
0232103001220
0033120012202
2323023222300
1232323013202
1032123233200
1123302230200
3122213023320
2320131032220
3310232102220
2131313232320
0313221202001
1233312313022
1313321332002
3121231332302
2313210311002
0031101201302
3212131020100
3030112032102
1301320220120
2320120221000
1003012221200
3120110023202
0122112301000
0012110321032
1221110300200
2230012331202
2013103322102
3331131322002
0313223312322
0301321101322
0301223023202
0203120320202
0122133200201
0021310022002
3002121200200
3230101323022
1332001322022
3232000220122
1023200102012
3102023021202
0011210330222
2232033122302
2033113230202
1032133203022
3301223103022
0332231300222
3230233100222
3013220210322
3203131013202
0231213133002
0312313022023
0330312122012
3022130310222
0202330132122
0320113222320
0223310322320
0221233232020
0022202013202
2322100030222
2330031202122
0032303221222
1310132320022
1233133020202
2303121003022
0132021110002
0223032310022
3111200302022
0323311202200
0302232132200
3330232201022
3232102302002
3302123220302
1302201230020
