--- Global Parameters ---
Code Length:			12
Min Codebook Edit Distance:	4

Max Run:			0
Min GC Content:			0
Max GC Content:			0

--- Generation Configuration ---
Generation Method:		Random Candidates
Number of Random Candidates:	25000

--- Results Summary ---
Number of Candidates:		25000
Number of Ones in Matrix:	457554
Number of Code Words:		4910

--- Performance Metrics ---
Number of Threads:		8
Candidate Generation Time:	0.05	seconds
Fill Adjacency List Time:	9.56	seconds
Process Matrix Time:		1.32	seconds
Overall Execution Time:		10.95	seconds
=========================================== 
203310113333
122020211000
221122321313
111113331332
111111213133
303330113212
333100133122
022222013201
313003320033
000211322200
300003003300
112112022011
332112030000
000030200011
122223333302
033301312113
130000023203
003302033310
130332310032
322330000331
002022223011
333200011222
033002111113
333000111003
100222231112
222332330221
033301012201
000132000213
001223022333
223223323221
222102222001
121131000301
233002011120
333030000320
131103313103
002033331111
222231331331
222100331333
202231112112
023331020210
020202303320
300020312213
000100332213
220003033011
223321212231
233323332231
113332333203
101333033333
111332010003
333112301200
333113222112
222031133333
110003111112
111322311212
112222112212
003112333333
311112303333
111113110333
113111110113
111313132300
311323333223
013331233331
010323332003
102113102331
333311200202
333011200123
333011323033
331002111100
222333333111
131221122222
322223223231
301111022130
331130133333
100101212001
101100220300
111100203311
101001100313
110021021113
333220232222
112010131311
311230122222
301000122113
333123312222
333111112223
133301313223
113300111211
203111112212
012103333101
122130333011
011311133322
131131123302
133123310033
333312032233
312222231223
023330201113
232333322200
330200002213
132220312321
132131312022
121121103112
311100231120
121033310322
333033030002
333332000000
323333330000
332130332000
321212320000
303310100000
333302330003
332112100032
313232201033
300031113330
333333301332
310033331330
222101203000
222033120000
020131021000
021333221210
111111332213
211131332112
120211130013
022301001011
013232222333
132032012211
220023233000
333322133310
120000311012
222333332032
221233321032
111323001210
033233100013
333300100213
330303000003
333122000313
213211200031
303122110332
222221110002
122022222213
111010330310
111002331330
213002332220
023322332220
122001033322
120223330012
321131003122
210013313111
311133222200
033010332203
310113102200
300011102001
320011131221
300012231013
332000020003
203200020103
033311022332
033321020012
133313310232
211111033103
001111100133
220020232223
031122222100
033112233103
331222122110
101113033123
321133331230
111133320232
111333223231
111300122310
011300020110
311111203231
330330301122
301000021122
301233133330
111320011321
031001123322
333031133320
133221113322
013300223121
003202211231
101320221021
333003231220
333303322210
102112120211
331012233122
133012111312
011023333210
311302233331
331112233300
323001033300
320100023300
320222021121
113303000203
111111020001
111331130001
111113311001
110113312112
331113112001
311131231300
331111000031
110110001001
111123123001
321102013001
332130003101
111120113102
211110011000
133100010101
133103001033
332103020111
110102013111
332113020322
132211030011
221111323323
302111133303
201211130330
303233122332
102031112332
311312112333
013222112033
003322311003
311002112213
331202222312
131112332012
332210223211
301110022211
311112322113
331120223321
331200220221
133302220200
302213222220
211121211010
130002222120
102322221231
001223200302
013223230003
330222210003
130023333132
121133333132
311121333311
210003333313
010013333331
013201133333
300023333110
202231033001
201301111111
201001003331
111000133331
111033133201
311103313130
011130031130
211103123331
311032133332
311013123333
221131223332
211301133303
012300133332
120111111112
333111111012
303310111122
000112111111
010331320000
313312222000
003203220000
031023233003
203122330003
320202233013
120003332113
022210311012
220300303000
300300310000
032202200111
120022200033
003000001203
003000011132
033000031023
020200000020
002320200020
000003330203
020003030033
020022300313
020033013313
000031333213
002333023213
200000021333
321100002333
100002301031
023333123130
013333322102
213333221322
233332310300
322030000200
012202200000
102222000103
000222220010
033011222030
000112223330
000122033101
000122331123
003321331131
001321323333
233021333303
001322333130
011313330100
022112233212
013121330333
113023311332
113223333133
011302233123
111210323120
111311332120
012302300330
301130303330
223221303333
010231303333
220332333333
320320303332
031032033333
000303322333
000033231332
000312131333
003022231032
320000233332
200032311331
122203233321
022203230030
223202230003
122030030031
233033311333
220013113330
032133233303
030333202300
000331302223
000331012322
200001100332
200033100033
233001130002
020300002332
203203333300
230203333331
201133333312
011133313311
311333113320
131133330031
023331133310
033333331030
313331122323
323331103333
323312213333
123331222223
303312222323
113102223132
033311033230
131011333130
103311233330
133002203320
133222201220
132321022220
103111022123
333012122321
313112123232
332312122231
331000203322
033012033212
132020003320
132101003310
223302231300
223302212011
223332202003
221322322110
011130333303
013013233320
033113333200
033133331223
000133331202
100333332231
030333333323
202013033332
200021010330
303130333103
302211333223
312130332113
202202300331
202003130331
200330200313
200003220030
200002222002
000032210003
200003032220
300020220300
332332220330
322322201233
322201022331
233330210223
310010000210
131101100000
131120003200
313300033200
310003313200
313311233220
300000313102
122100032003
311112002000
311122000023
310112220200
111122200120
111132103013
210022300131
010022200223
000222202211
002233200221
001220332211
011330300011
131333002221
211033000231
120313300231
102332302331
120333133331
211031110212
321021100012
232100011112
233300032022
230003320320
333022300300
033023300230
333000210122
030000021220
010010203122
000032022121
012220021200
212220012103
332201222200
012202322010
322200102113
103100000113
003200102333
001330012331
000300232031
001211101322
100003103322
200211112332
103300311322
300300002301
223300002230
303100203200
003100003330
030030321303
200030032203
103333220303
123301322333
000003020313
000000121003
000011011313
000001133031
100001033003
000300103102
010002103133
000200233310
012002130011
011021200111
011301133131
011000103100
021120000330
033020111100
030301111110
333301111200
003031111131
003303013333
002021122333
013322100110
131012200113
333012331213
131111022013
333011131232
020220130111
322222210111
222201220131
231202322331
002313222332
003111122033
112100311331
002201103211
302200122211
021000222211
221000022222
000000112211
002002002200
002000032223
000000133120
300002331120
301000200120
000001201010
300112000122
300012100111
003030032111
031302030111
133020032112
220200121102
220022221003
212002221233
200122202100
222022203300
222020220033
232223013000
333203301001
230120200002
020012222201
000031332001
000333231000
000101032231
113011132231
001311132331
211001132332
211111332331
211131310000
101123210000
310113311010
303223320323
330231322322
310003322323
110000331232
002000331231
030100033130
032200230300
132000013100
100100233000
030200132331
120020111331
022222331231
302221303331
032222333101
012002330123
001300231322
001300003000
111230013300
111232131331
111132110020
111102003330
123132203332
120000333131
200013200131
000013201303
000013303101
200001330000
000313100330
301131110030
010001230032
211231102100
111123110111
112113113011
211131123101
210113330310
220131100100
202021300100
220001130120
223111330110
300001113213
201002212211
100221112211
111211303200
231133030100
211102030300
111003011300
011013023300
010030033220
113303210000
111213233000
022232331000
122033303100
113202333100
213020330000
111003333020
330013330000
330113133100
330003332102
230020332202
000203332132
200221333231
002221322031
232020322220
220021022230
222021220220
223003122220
211300312330
211311313320
311101111332
213113312300
013211033300
011202333001
003231011200
231213321330
103133313330
121133133010
203333030003
210233000011
103330230021
333332213011
333133222001
331311222222
133133230003
301222300003
110013330222
111000130223
111100230003
123102320000
112300232012
232000321000
122300331020
023001311000
030003101300
000333013030
013133013000
030332111000
333030213020
133300312000
123103331300
211110333200
211012233100
122111023100
300111001100
111011201100
011011303103
013110022200
033130322220
033302222021
000322230323
012022023023
000202020023
000202203333
002222233313
222221333203
002221230000
002222020001
012222223103
022322023330
022330203230
012212330300
012022232000
212001212000
210000311023
302032222333
230200202222
011000213031
011020220123
033313201023
111222300231
221002220221
002001220330
120000222330
330002203230
330330100310
030031333120
302200300310
012221030033
031221000003
020001003000
200200100300
200300031003
000113033000
100223032000
001022203000
300021303030
300010112333
311010201330
311103020000
311310022330
300122133300
032022010003
322300221000
320222100323
300221003310
120102100311
033012230033
233022220133
221002200110
320003302120
211020001310
233032200303
020200120013
102200330023
120023002213
100000123313
100113122233
300313112213
230123220033
211213300003
023313002003
023313112333
230130003300
230321300000
313313103300
021302200030
202300200122
330200100011
031100322321
311103213002
031102202220
111022301200
121102010200
111302220002
221120022000
102102221000
100100020003
002112221222
311131323322
211113113312
321311303302
231110311122
030001310322
200030033132
131012003332
111330003030
111033020333
111231032333
113110323333
101110233333
131120332322
111120030032
101000031030
102203030330
110002012000
121200000300
212203003330
210203033003
200110032001
001200313301
032000010301
032110002011
313100000011
131132000010
002123313331
333100202311
333002000211
333102003301
223300200001
320000231103
130000310103
331130310003
322103110000
021221011000
012010210000
002200100003
331223031103
121333110300
311120310031
101121030011
012110300031
031101030030
010112100033
211113023033
001000000312
001203000010
101100100012
221000103002
220000120203
221100200303
220202020000
323302020030
222132123030
231002001000
310002030003
121002003011
212003010011
321001023311
011211200303
222111000003
212112100300
303212200300
333112200110
333133011030
131123011120
133233211310
133333231133
033332113233
303303211133
113003230113
112013303333
201223330333
101303300332
100020331333
010110331003
200033313203
100023310013
110033312003
310203331223
300003001223
231203332221
321203312203
020033032221
100320222211
200330303231
022033322113
003303232221
010312323211
310012312211
022103321111
011103322313
311133230231
002113320033
200022233033
011200222303
010002021300
110022003303
111000000002
102101310000
100010311001
000031120023
301103110013
201123112011
301113311131
302111330311
311131020113
110311230231
111211123031
001312233232
020011121323
012002122331
201132133222
013001120000
031300310002
032132300001
033331100100
233003111010
300303111100
100033211110
330110111110
331020321110
231011102003
032111020313
132111022231
132110322330
333011321310
333111221301
333111130133
313011110100
300131230332
130013110033
120011001033
120020101003
100111030033
303111320021
013110130011
133311110011
031311011101
133033131101
313233231100
303333102110
333333200231
302333202211
302322320332
133133321201
133133023320
133200022020
113133033130
110030303133
131330223022
131101332001
211110320011
202010300001
002002303111
013002301110
201003101100
310003201130
313120311300
233123111300
121101311302
110101333303
121300233303
230002333003
023000223103
103000220133
022001013310
221023133032
030103131332
330011313202
221232323300
221132001300
330002000123
332311300133
000123000112
030220000012
331003010112
333101000332
330100012102
331002011332
301002001012
303100023212
031110000202
111020013312
111201001322
311230001332
001123000021
000033101001
100223303301
132133303301
131123303330
000230031101
023200001123
213000100012
103000330002
003330333032
003203330121
010030330012
331003300022
120001300312
302002100312
332013100003
332033310100
332331110000
212010001003
320000212313
321200211133
001201111333
312211103333
310221111133
120110213330
323300121130
313320103133
331121310333
202101333200
000310133200
120311133100
202011133310
221023223203
001003121201
020103011120
021301110001
102303011000
020133111310
020332110013
001132131033
003112331101
000311200311
200031130313
003011110003
320021110303
310321112223
031102221033
001302220313
001002111312
020330221233
001320000033
002120033332
133222003302
213222202202
132223000032
232220010022
132220013011
122222003111
322132003311
332121003333
332122203231
330123303322
333013333332
022023330032
022221300312
322313003333
021233300031
223303333001
101220300032
203303310023
033200300023
002203020302
000303000100
100231300000
000121300023
010203131000
101023330022
131302303002
131123020023
033112020133
010120130300
022120033000
322220033031
221000331001
221010333311
221300023331
231030030001
220103313201
121100033233
231000301331
123131333000
233131302001
212000233330
110022023012
110012131003
101333032001
001311330020
001011323320
000010321012
111330320220
201132322201
201232030000
222322130010
202332300110
213232322000
003231332100
000132113313
330132111323
002133011211
200012122103
003002332113
300300203223
103133210012
032013301311
332100233032
322330333132
233303311221
110021030000
000021001002
003110310001
103101303001
110310313000
103310310020
313213313003
203213100310
200131010001
010302203100
010111203010
130311120300
003021233300
003020332033
003213321113
023313320011
122103300010
233130000110
002010002133
010201100100
030200013000
103320002001
133210320201
133211023000
032212022003
132222030333
132002110031
011232023000
011233202231
001122020332
000221303122
311123223010
331222230331
320111322331
310023220003
010012320001
011123300101
011113102301
110021013031
113002111021
203320230200
201331300300
233322233000
330222330121
331220010010
321000210001
213002203002
200332033100
200230121000
201010222000
113002221030
303300233002
303331233111
300332030111
000203201200
020002112001
330200231200
020000201202
022003020200
221003330330
201003012013
101002201103
301101201003
301100000321
101111023322
131110203221
123000000122
320020001122
220003010122
203023201133
103230001003
103200313032
313110033303
213110002330
011110233101
331100302023
233100222002
233102023100
223121023300
331110220100
311110020121
331122203002
211012020003
233120230011
030021233011
000211332311
023021133133
023111332032
031331332300
130013313323
003030003013
020031120300
200310223300
212002103303
120002210203
133012213203
233023112323
211001221013
321102220101
322112230013
120302020011
203123331011
320300030110
300100303113
300111002013
010111123113
013130112301
300120023033
000202030311
010012133312
300231020011
301233000311
021003001311
001030311113
300201000200
300203002102
300201030112
320102000100
332003022330
302001332033
001021130033
300002110331
302002321011
311032321031
300303012330
000032212330
000020223230
002330323133
000323021332
000130321331
003012021333
030213331301
302333100321
002023100311
001230100331
002320001331
002230003123
003321200333
003330000101
000331300012
101133100023
232113130033
221330300030
213300230030
231300320020
331000310030
333100300100
220303001010
321003031010
311003301111
010033113110
211123320020
112333001201
301233301231
132230031331
131220001333
221320001013
023330002311
033231003111
000231001133
001221101031
300331001231
300332002210
100021201233
223101000020
203100110000
030023213113
033002322333
010023203033
202303233333
232300223332
020212230333
002103303302
032003333322
032202223302
332222330202
021103233133
201300320333
321301200333
213311320333
010031101033
012312313033
211123313003
023223233331
020220103331
232233300230
003001111022
211012222333
211111222312
031110032333
303033003333
030313303033
002330330013
002300323210
001332322103
033323232100
033222032000
131333321020
233333021000
133313001300
113020021300
213330000302
030032000332
002032023312
320303233100
000230222322
300011022322
320002032122
300202032001
122202030001
131203230001
131232233301
013001000222
100010001202
001310100122
210221101002
200212000012
103212000331
003222000130
232122100023
331322100013
313010110013
333022110110
332202223110
230022231310
030102223203
030132032330
201020333302
202020303012
211010303212
010110030213
011003020211
021102103332
301101102331
001122112331
031121133331
330011011133
233101301113
133031301133
132311131103
033230113123
233230211103
232322221100
233113201100
223000211100
223020033330
210120303331
200202233301
210102023333
210001212333
102301000333
132310030300
232210031013
331300310313
101132001313
330013000313
233313003331
122321000031
121311000013
103230023331
333313223101
233331300121
230303301111
131332132311
211332323020
211033233121
311322310000
100333223020
203332332320
232132333330
212112032231
201312203333
203320030313
033030130010
332322300101
003102001010
303302030333
310330100233
333202021000
333002202102
233201203302
210101203301
221020330131
202223331101
222203000111
023120000001
013212001000
201322211000
203322120300
212302210110
003323310200
222003320301
221320132301
220321233331
300220233032
332202332301
022201332333
002313333113
302332223123
230332200100
100332222100
300332223002
332023202000
320323100000
123330120003
133031210013
002231010013
332231010103
222310120333
220010210333
222303012133
200230310133
010230013130
200013010103
201003220111
311001303033
022030011033
120200110333
020320213333
303023213033
123000013031
123301003033
133310222033
213030203033
303001203133
133000212333
113323120333
213312212033
101121220333
033122203011
323122012000
123201001000
031220323012
031302323031
233002130313
303011213331
331010313331
303331030031
303010213113
033301001331
213301003311
223313033130
133113022130
033332022130
211332203113
201133111103
013113121000
011332100301
011331330133
113310330013
011310033033
011333002333
032113033233
113323001133
123323000101
113300300101
113232303131
012323033011
300123231303
301320231333
033202333203
033320031333
332100311303
331200333233
001023113330
030203030113
203020123033
333221211033
011002012333
033000120233
133203333323
033003333231
332333332320
331233011333
332033003031
330230003021
330003023132
230003011302
330303323233
300201232333
313001232233
333220032303
133302103203
033331213303
130322003330
333202013330
032020133200
030030302002
010033020320
031003320232
010033313022
113000131302
100001001301
021001002201
102100023021
020003102103
011010112303
001200223131
300100222130
330311223133
303102221313
003122023113
012102202311
003222122303
313313231331
131303113333
023011123110
330011222100
331032222113
331131232103
031121132223
033113322213
330001132311
023301120311
213122120111
032001233301
132001123300
021031233000
020032233022
020003123010
100011122010
201001223200
332101123323
333203212332
133210300332
133321122330
032021100300
033211130331
030030110333
333023111331
033202031101
231123211111
330322121111
003023021111
030002313121
330000233021
330030223012
230230333002
300010222311
300030133101
300301231311
312001233323
303000133330
103000012230
001113133310
102130103300
202133033320
102010333210
103203200333
301101233302
001101331102
031100331013
030113003311
030312233131
031211300321
011131000132
312130200012
113013300010
213133000320
011120200200
001120132003
001301022133
002001021311
011200002111
033000020112
333032021101
311302011101
310130010100
111130011122
111100322122
211030022133
231332023323
011110022031
211120222111
033113002231
111002212101
111003222110
110002233102
111000223222
130002320022
000002220222
132020030002
030201330012
032023320001
302323220001
030230200121
002203021231
003003031321
233003000121
132000130133
101200101133
013100011033
301231330033
313101121113
001200032013
012200110132
322001110110
032003220122
030202022012
103022212122
011300222022
011112203202
011000202232
011202000102
031112123000
132012330200
210321113000
011322003002
112103003100
112000231033
310102312233
310032220233
320031130033
320101101002
323301010100
023303010112
302300103010
120103311033
220113303003
200313032233
103010302233
133010202120
130010102200
020010002230
233010000231
230130300033
330110001033
301202011033
301200112100
001010020210
020320101030
230100022323
300130223303
130113223313
301133323033
213332203230
200330021230
033013020003
030323020203
331000132300
320002002233
130200223331
230200030332
130100323230
230100333223
100311033323
003002033022
332003310332
330033113223
013021002333
021300312033
031101001313
201110111313
212101101103
000211101013
001023003303
001111001121
002120110112
202300010111
330330022030
013023132200
030130233201
303013332310
232311332301
330102133233
101110130113
101300113113
111000111313
332002321133
303313000133
300333031133
300101321133
303101313303
132211003303
122211000202
322000002312
222020022332
032000001211
130211303330
300010321323
320011013323
010011113320
302033011331
032031331330
032013012333
002013011232
030331302331
033313311322
012102311300
002302130113
000310220113
000020231113
220000221111
201200001311
303003121110
100032012113
000313002031
003030020221
002313000111
002113001001
202112002312
023121100111
003131310111
303031131303
331013303133
301103021333
313010330103
321030330300
320130330331
323313322321
323310330330
223103223312
231310333332
301313103331
030133100211
201133103211
101133022131
210323333030
030123323133
030323220331
331032203331
302030033311
231012030211
230101213002
111101300212
021110333012
022011103332
130113020211
133313002123
330313322113
110103031021
101303003101
301203033100
130202033300
301100023101
301123033001
321313233033
321323223113
130032323031
330300320331
332302232031
232013232100
330012021320
310102001031
023023020323
102120000323
010223200310
321000122030
330002011201
331003223001
001033233011
310201233111
330103031012
330130112011
030013021011
200001312101
311001321100
220021330301
031010220111
330011121112
031011323231
031111021211
313111103111
331131300311
331301031102
233321303110
203332230331
333210103313
300100113131
300321111331
201323111333
300220032111
330001200321
110003102331
101000213323
010021313230
313002113030
013220133030
211301032031
211320203301
201121021303
300022321301
300023232021
203223322111
330123322311
330310333311
331013221311
133330332131
303322332331
023222033232
023002303233
021100230331
202000213231
203201011332
310021331001
200210321301
203102230213
011313302211
103320133101
133000321301
132200002133
132000022121
022303200133
020133310303
320033312333
123013330320
222010303320
222000132320
321333033220
303130232211
301310023323
313210000312
313211100010
301321130100
321220000132
323010200132
232001030013
130013202223
300102122013
001100210021
002210212001
002300012021
001010021131
000103211302
000112103020
003132210302
032130222300
332330212200
130132102002
030031111302
010002110302
013002212003
313000222013
130202123001
323021202303
021021222233
131320201003
200320211133
333320212003
320332021100
011313223203
011313320332
122113320311
001121223211
001032003231
021132133231
213002033131
213330133201
102320033310
302311310300
200311313312
300210132030
310220120333
313020001233
113030021231
131032332231
131001321233
110310202213
313100112230
131302322313
132331310323
133323233313
110302323331
203010233312
031203023331
021030213301
230112332131
131310213313
301110213311
330302103101
133002330131
303032330311
330023313011
310022033021
313222013131
111321131313
211202102133
213200111323
310202101333
302232001333
311122223131
302102313101
332303312101
303122203101
303002302001
100023021020
011230211001
100122221130
000220332320
032223333220
031222331330
312232033330
323023033132
031220203030
303203103030
203222331200
002223103323
010222233110
300212301110
030232123330
230231223000
320223122300
203222302330
220222123021
220003223023
222002221302
022002031332
023301031132
003320103303
023311113302
230220203303
230002020233
322300010233
321330202323
323003120213
303003303213
103003001310
101010101310
212302011002
030332223322
023332320333
033320323132
333133231312
233133313020
333320313121
333311032321
303323002320
003312323030
003003023030
000133203032
001013312300
211322312301
020332022010
131031222332
133310233302
033000213302
333223313300
303002212300
230012210001
110033221001
210020211031
310010021111
010103210113
103010210100
301102211011
001112213031
013102022301
301022002301
331012332330
010020210201
010320021002
302310011002
203210033003
002310012112
122110003113
223100003121
003100101231
003103131313
211310000213
031221322311
030210122313
332030112313
233003031233
303211123130
100210120100
300221122312
102113223101
002111220112
303021011032
300120101102
301301321301
023011211301
000312201001
103122013303
310220323003
312032233003
222322030303
130322230203
133132223303
133120221132
233020322113
003023032010
003013222001
001110222202
001222112200
103023101203
103003332023
310303333321
103020011113
103302110111
303031001130
320130001310
322103003131
321330032231
321133031121
331133313231
313133310333
031333033203
313322321203
323022332003
313020333201
031000330211
030223020130
223022312210
230103222132
133030322211
330101222223
203010221103
131010021100
130132210310
320103310310
020101133230
023111131131
021312103101
221101021102
220110203302
201100030102
300101133110
102000032110
213100032203
333110011203
331311010113
321310001303
221310311301
031330031301
031111310010
311110123210
311013310330
131001300330
131103001201
310131001301
011213001331
001013001320
100013000321
332130321311
330030321131
131303303231
130030303311
231303213301
232300233001
232030231003
022032231303
002330221003
233223221003
100330013111
133330003121
303033113121
000333121311
000331211021
100131130301
000321130232
300231133232
300231123301
130023122321
322311033301
300232002032
000023210232
320232203101
232222203123
320022012331
210322222311
300120220231
313210320331
301301033233
321310302031
301313303203
210121233003
013202320311
333321333031
333222331110
233323330113
332032323013
033123301310
033132101330
021111121330
013030111330
233321011030
133011100320
331001030320
330210300130
213011020020
311001022223
010010021233
211333022223
331302332223
333102310113
231001110113
012012110113
232102330100
212322203010
111331232203
220310222203
100302322003
210132112213
212313210003
211233332001
311333002101
302230021031
310033002303
110233323032
111213322012
131112122202
231122222222
331122032200
301120323202
232022013202
310033013232
310003112032
110030002332
110320022031
020330122001
103303123031
120002213321
220012101321
032101210110
221011112211
300123103210
103011310310
130112120110
330123033111
132113100111
120122231300
120102323313
100133323211
101223232011
101003313211
301132322312
321133213030
210033213302
210333323311
321023323331
310213023330
331220302332
332332312333
331230231213
111320302013
310322020103
210022112010
300332112303
211000211230
301031211001
101022120003
303312310201
303102122100
000132102101
303221301011
311211330111
011211323010
331111323012
323100133011
323303013302
103233301300
103131000210
330131000120
331031301203
323123302233
032320232033
332320003130
312200203103
202200031300
323103231001
300100130021
131023301303
033210330133
210310310233
110203020303
331203200103
230310000303
212101030333
312303202033
233130200201
333023002033
131102200233
332222002323
330022202023
003002102023
030021032201
330203222021
310200220213
312102222203
312100232001
210303312011
033003132011
031030002031
031033312211
110301011011
031001010011
313103022023
332201320033
301010203032
331022020032
311020322032
310201020030
310101301230
231303012030
332200012032
032322012232
031230101130
322030201130
332131203113
313100301123
010023011231
100103312131
101033330213
020103202033
102130302003
100321333200
310311323203
310101113123
131032102300
110101122222
220131102023
213110130120
013320202223
313132021223
313320023110
130300022100
120310102330
130320223130
103302211330
103312021302
023101020130
001020120130
100102200132
323203100133
013031023003
213103103310
231302123003
303133211003
233110133013
223111113003
201011113001
231010012301
131033002013
310300313312
332300333123
132230333303
133230023103
313323323013
133330223311
223230332310
202303033010
213000332112
111001312130
131200302110
001323030310
231003022103
032210303110
030310300123
031231032011
313301332132
311312013311
312313212313
021301212313
012020212113
310302132033
003302130322
231031200233
221133002313
201213003231
300111013231
302331110111
032232111011
203011101333
213030101110
133211011333
332010101131
130101221231
120012202010
110202220130
010210001303
200102031110
023011102233
230110322221
222031102230
222023102333
022202002313
210023032031
121032323201
320303332031
321322320031
313330200321
233232020031
103122220031
231222220021
330132020230
333031120231
333311212110
310331112132
333233313213
103011201321
203133023201
231023202201
312232023012
312202001310
312021103130
102302001130
223033012320
233033102330
233133003103
221331001031
221333110133
221333332123
222322312033
102133231033
102100201330
100132031031
100212210311
211001210301
311100110311
110012020331
120232120030
110221203300
110111220311
113012200311
213001223211
031301130312
013031122311
011320311233
011031223330
311032232310
131333230310
131332200211
323322003001
321320033203
110332300311
310023300321
110213000112
113301011230
110301110233
110130121031
021332101233
120111112031
201131313031
202333310002
311320233212
021131222311
021113230303
021123203311
002133203110
022323320303
022112203303
323112202331
122313233203
121300122203
203103322233
131230202330
212103220330
203113323310
032133322003
313310220123
311031322301
310333023123
133011231011
130110233031
103020332301
133200330311
102023333031
010230333231
112000032201
103022323022
110021232311
123010233101
013321020330
013010033002
011011130200
021011303011
300011203211
031001131130
030101121013
033200122100
233001312230
030021302232
203000013123
300300110123
010310310311
310330031021
201003031112
230030031120
310103033210
310122233202
131101120311
131101333112
032310303303
032030203323
002213203011
003231203002
332332030023
022201023001
322023100031
002012032302
202012003233
022212000301
022021012301
022323210201
021133321203
020310001111
223000311211
323010311101
221100032211
213200033321
013200031230
011120302311
131110301311
133111033102
112210323311
113231023310
322031123210
131310230230
232001100220
223012000130
323013231302
023011000121
013311110310
023113110110
100302111013
031031322010
020211020010
031201102101
032013122013
232010230131
322310020013
232210020331
321313032110
331202321320
313020232100
332011303210
232330331110
031303300110
301032013303
300333210323
001330101323
100101033132
100301021112
103010101123
113010002101
132303000220
112302111220
011013032233
010130131121
233000122131
232332103320
323001311132
112100302233
132211233331
132131133031
132232113333
130111333321
201210003320
333213022323
100120322323
110112010313
221012020310
222112220110
030100212310
233103232110
321302100310
222302010013
101032010233
103120120330
303120012031
303132132031
332132231030
330013231231
331232210300
330221131313
230201111031
330113310031
032133310320
213333330321
013103230321
113031332321
103113332221
101322313321
301322012313
201122022311
022303030301
331231030301
233031003201
013021003211
231030032313
231023332310
112103330313
300023203123
210023223132
202123030231
332212203013
332013210011
321013333001
320130030212
322100033202
333211310030
333121033023
133212130303
332212130311
030122103032
230322133031
113100333221
312200323221
112310203323
111110302323
133111231323
113010333132
302001001232
320210203133
002102030132
032130201013
320323213001
300220113000
330220131002
333221010002
323200013010
332012012010
312120002303
320200301033
310012010223
320122033223
120022032220
320021033010
201221033312
211321323312
330112013030
232330002033
102102102033
023001030331
213233302233
303100011320
222122323003
303300301201
103333311011
331300201301
301010331201
300133221101
302013222113
301133001102
132033300002
303133100002
320113330302
302111301002
220130220101
323330033101
021330032103
303300132103
203301313010
233213033011
221331330311
203301023101
233333013112
322013023003
312221033000
122300320130
122010131002
112001332002
311010330232
312033321003
303311331013
230311221012
112231330003
101123320302
102032330332
203233003032
233123303012
232233130321
312033231321
222000303213
221200100033
021202110331
212201230311
001102121103
003112120002
103222111102
220222031033
012220310011
220020000321
202030100231
332133110131
233330113131
213010213130
232301023110
332301032212
232030313113
210303133133
111303331233
003031331232
010320023133
331321331113
311121131030
313112010002
313113211032
221311332102
222210333101
312213233021
012132310010
033210232010
001322023200
113022202330
202100302101
222103210101
323132030113
122322333210
231231233310
310133120313
230103123303
022320130132
202320031102
030131120102
233130120133
031123110020
031231000222
302203011012
310220131110
213223133110
200003123112
321122333112
001231130110
113221022323
013222323230
002313123003
020231113303
012021323303
001030230103
301023021003
331123221203
313230022300
303201332123
303303103123
300103013122
211000113122
302301202130
301333203100
312313031230
331331333023
201103133203
201022233221
002102323321
011301033210
220100332100
011103011321
011130102332
010330102123
300113312232
120010302212
230110330012
230111300223
131311100223
223001110322
321000113310
001102310123
011111231020
321111331022
331101230021
332131213001
333211233201
233302112310
031030210221
031033211331
020032131031
032002201130
032001321101
323030110131
010222213231
310121222330
110113222030
100111320230
020111002301
233112100203
211010020332
333022222230
330222032232
232022131233
201210331233
103121032222
220331312233
322023313233
200233321233
320033311210
302200321233
310202321231
302030332303
020320330203
013311030203
321332310023
322032330002
300032301022
321330303012
013301020021
001330020012
003302200211
002331220201
031100203012
103110003132
033101013032
131100111032
130100112223
101003132232
131020211112
331022001121
133100210212
233122301231
231103110302
231112213323
230110233120
030122013312
233102010312
033122011210
333220323210
322031120332
221111202133
211111011323
211111201002
210011021032
010211013102
031020012202
011132022232
211310322302
203112232030
231332332130
131331122100
333303233232
333312203032
333113030212
331110002132
331310021112
333302231122
331313010302
130321321333
121032221333
120311022313
103223132333
200202313233
130222312133
130213320233
330223230233
033103212233
032110212331
032213113030
132201132332
003212032231
013132122320
033320013220
231312223130
330021123023
200021023013
003231210103
333212202203
311012230131
311021002013
211102332011
311020133220
330121230310
330311021230
330021020210
330023002220
033033102221
332033200222
323030203312
312003323312
100021323302
331202103302
102000233302
103012332102
332120210201
322011202011
323011333113
121301113312
123113300132
131321230012
213032300013
231022103313
211202231313
211023113113
210311031303
110130320013
011311031113
313112001013
011231220013
110331221313
211101201333
232102012333
212331001333
013310012130
211311203132
211103010103
300331102030
200311010020
200120130030
231120130321
100012130130
110111310020
210011213203
212111313232
210332302030
312032302230
210233020133
210211023011
200012023021
302003120021
300011330212
200012012120
100012111122
100113112100
100212002020
032113200200
013103202103
013213200211
003332012011
333230202131
313223022030
332233233130
133222112331
210022102332
012022301332
211322301333
332323013203
332323112011
331332312201
331332223210
301302102230
320322202201
301033022310
300133022220
310213302021
102033020110
123330130210
220333130200
303031302220
313021100220
203031200200
021303320201
321300320111
131230131111
131213132331
311210132133
211213322131
001113322121
012313132111
112031320211
112022303011
212301333121
123213323203
120020331210
133202033222
123323330222
111103131211
111310312103
002113330201
010322303121
030121323001
132213200023
113222120302
111021202032
113102130332
112102030030
121302231130
313131332030
113220220032
103320322230
133223223201
003221232321
002020202310
100302030213
101322302303
031302021310
213223223302
130133220302
112013332230
112113303020
112123232302
112312032301
123110032310
120132303300
112013031320
210032313320
100031231220
000320312130
303132211130
131331210130
031331112033
021321102133
302321322133
220233232130
123211102030
103201102302
132300211230
303230210320
123023213320
133330211031
220333022031
222033000032
213330120020
010320121120
200130211121
200232302011
101232103112
111230322031
132011220301
332112231101
122010023331
321010223213
121013203211
221210230133
322233320011
122002320113
100123201111
101211111010
120123230101
232020201011
212020312131
213323111111
130323231211
130232322221
132032221311
203203022313
032102022131
230330222301
330130022121
320103102111
021103012111
102013232131
102232333013
312023300113
321002302013
122222322311
122020220311
031102312101
032101332130
321021312133
303210203023
302220222013
302120333023
032102100202
333122120212
303302202020
321111100221
002302101302
003030102302
022332112300
122331230300
112223111330
003311321312
303210322110
222010232211
230101332211
221230232011
201233223221
123033233221
223033030213
322100312110
332110331320
200310331130
210010131100
220120033113
003033033120
023333030123
333330320120
333131321121
230131211200
220111122200
132130301121
302003013221
010001032213
010310032010
210313003113
300030101211
301030010222
103003211303
120033230303
123030322300
112332002103
130323200110
322333001103
213003021113
210331322201
230032123133
223021231333
020302122133
123011230133
122231123033
102321313033
310231102313
101231111231
111231110133
213111010331
223213210331
233221331332
233122003320
213212013332
212320032030
210123001333
311210010323
311220012231
302112001020
302321001213
302312330021
311313200021
011312312002
313232300221
303022210221
302321210012
202322210031
312321202123
312322200200
331022200210
323020201210
121230220001
111210100020
121031001200
130312001220
100311200103
003121201200
133212011211
033233012321
332333023221
322330322221
331223233211
312022233210
312020323020
232222232321
133131313011
332332103211
333132302013
332313102310
033131203210
332133302210
332301302231
321020302211
230020102213
202232022113
133231032113
230233002110
330312302232
332311122020
333110201021
331103101321
332111001201
302223003200
300213302300
302233321310
302233303002
103213203102
301213210100
302210213300
222100133110
322200131303
101210233110
013213332110
102333332110
130233331010
330032133110
212002331101
223013001101
220322301101
032333321211
000322311211
000020101321
012203032130
100203022130
312132032010
123331032002
222332032001
220220320031
030220222101
010230221131
101203221331
102132101131
212333301131
022323301130
203230011030
203113011302
321233311301
123033321021
220302302321
020300230121
021032301211
010312301313
213123210313
320301300221
001301030201
103130303020
033010131221
333211011121
230321210113
102301002020
100101230203
100123022013
303101031210
003010311230
210110312210
121021132213
132003103223
103200233220
223200220232
103020023121
131121002211
210130002211
200030020212
112301022130
120102112300
011202021130
021230323130
001130220230
003131120010
001321210110
001323213101
320033010101
320220021010
122033220231
320220120201
010232112020
001012212020
001031222222
010012311120
013003211221
030131112201
212003310223
112003311120
103120331120
212203313322
212033122310
212332232332
222303301302
113312203120
313013223222
321001322212
230230231221
320020223221
320120110322
302121311031
022010223121
302223002312
222130231231
230102202121
202102220202
210210022320
210200232201
102320223200
210220023030
120202003030
320201013031
311211033221
111220030221
302132032221
102202203221
103032203211
311232210211
312121201211
030212120021
312310213121
213213021321
312122100103
311031001002
131323122211
301331223031
113023222301
113121222213
123302102211
111332222322
111012221022
100010223002
100331033012
110110013302
100200010302
100310130032
120330233033
100130133022
210111003202
000010030322
232012303032
232010000322
233112031330
222120313321
020210003221
010211030321
110231103030
112222100030
103330201012
130303010312
013233010111
301320311011
030223311110
230132233111
123032311131
121313201031
130120100131
130311001131
130313202132
130333101023
330133012213
331320111231
331323123131
021203221011
222033221112
113201331131
132012301330
223133010311
323332001230
031133200123
203112300133
202101000123
112111000221
112111202313
132001202113
122001200233
122300113330
121200012331
121233023313
202233023311
132021001231
121032103321
132002023232
132000212202
111230232321
121023031332
121010031231
110011002110
010101101211
011201122211
110000103212
000220123213
130220120312
111311100312
113123030303
211313010321
121012300002
120213200332
132101310312
031013101202
033033303302
132133032202
130330132212
103202320132
303320122221
131013132020
131020102021
100320000212
132300130021
233301333212
332202013212
232003301212
110033001212
101210333022
102130331222
033032031011
303120332010
233102131201
230231021013
112030123213
122323311111
133022120221
131021120323
031021021331
100020212312
100220013132
032020103312
132130132323
112233132311
332133013332
031333133021
031313013013
130223130103
310221201021
220201001103
200010011112
302030212120
102000112131
110203311101
313230311110
313031132210
313103212010
333103102120
230133102133
113103211320
213032113313
210321030101
210231311100
211032312100
321303313013
130302110210
330230211030
223102311110
220021111101
220311101211
103311302111
310312102011
113310212111
121320003211
213110201301
211332120131
211220110001
121223100013
021231203133
013312011331
223331011201
223033213101
013332123103
133320010130
133222121130
122000213111
102330021301
120101321121
130121123221
133131102121
010311021221
003321021321
020201221321
023203321223
131211222310
111201213320
001123222320
131031131223
122302232111
101001332010
300301330130
130301133002
133020230223
330312023213
232331202313
320312000320
303312030222
033120200321
323203002210
333121020320
312010203220
010013100220
020332003232
010313201210
313313002112
312332300032
101032220032
023231103213
103113230130
101122301101
100313301010
223311322010
223301133022
322311323030
120303103001
232313032031
232201333313
123120233013
323220213313
103022133113
120313031113
203022000203
303220100113
102220230133
103022031331
203220031223
221032210213
200113221110
200333320131
001323120121
330122302112
310121200222
102132000222
313323210322
331333232132
333323012132
211122002210
121122202013
211020232210
312030222210
332031022201
322030132001
200123230113
223012331111
220013300112
023133123311
201311303121
202311233221
201320323211
210132021010
223202033211
201230200211
221310203021
222320030120
023201310031
112031200130
030302232212
202032321220
222130130313
023103033221
112331031010
132302033113
132322101010
101232121100
100321212300
100223121201
110323110021
102023000201
130230233020
210200133020
210202001302
210123220301
312123010331
132200101031
112202121033
112302313103
112330331002
123303101032
111232120323
013021210133
003102122212
122223030100
121203031101
121212023001
213021202001
323012222212
323002213012
033212213002
111132300322
203022131101
200223100120
302021020002
203313231303
012130223011
311210221031
103210211301
322321032130
322201301330
323203113331
222230111333
221230111110
202120013211
202121121331
010120011110
312101130211
230112012310
113121121131
221112102231
111220212310
210300130231
031310133211
213003113212
231301130233
023130003233
203130100323
203310003211
023113003123
023110301332
013011001112
033123010232
003310120230
303220130230
032223133013
022031033131
032303311313
132330211113
021020013032
022101000322
021123300322
323123020302
132032033030
132203203101
123332323010
113133233011
110232133011
122023203202
120010202303
313021330110
332213001132
322211030113
322120311213
331311231130
213231220130
210211221120
120211321100
132113201302
213121230100
213031222300
212113030132
013033031131
111033310131
311330103111
223301213121
233022321312
023303223231
023303130230
010333301321
013311201320
013333101213
012113203131
012031121130
021031322131
331223013122
120231101110
120233020200
120200113200
101233220320
102003202300
322330023020
203000223020
213001023322
112103021322
101213013332
200323002101
123022002102
002312230210
233202001132
113300302320
113020120120
132121221330
031120211230
121132311330
121123230232
201033310232
211223332232
002130310032
032102103121
101300102121
110302112121
110010231121
102223011311
112201302112
111023211211
211203011211
211231301313
121113301113
120110330123
110122330323
033223303211
131220203213
211030310323
331303003212
122313030332
113310032021
113321233211
103323203021
010332010021
013333300220
023332033021
021203303121
012333230101
002231323121
302022313311
102132313231
012211231211
003331323110
011230031023
023123030200
323122230230
132202230210
133221322102
013221223132
101222222022
103222232230
133121123013
032321230213
132321222013
010021222212
000213221102
220101022212
131123212213
311321232111
331322202322
033232223232
300231221200
032123232111
012333311020
301323110232
301312301122
330331232012
302033223200
020233023302
102230322302
302031130010
320333020132
023100130310
321310220320
021321303320
302223230310
210222330312
321131231132
322113120130
103312320210
112323310310
222220121113
022001221133
020031201230
311223111010
313333120101
113333220110
111323220101
312320220111
003332202102
133322311020
013302121020
303021230020
330112312220
233332120211
130333212202
303223212210
032330122112
211123121213
023102321013
011113210121
300102321212
301222220112
232122332122
101131201332
131221231302
022112032110
031312002113
203301200232
212212002110
231221300011
031220310100
131122231010
212103130010
222120000213
231321000221
231321102230
202132020023
003330322023
330233302202
001233323323
222010002121
121010102132
132102312210
332330021232
322302212321
022310210123
023102211203
023133012102
003103120132
331231221122
112032201121
030311212103
023313311103
213032202123
132233020222
212200023120
002200002320
022220032203
001122030223
011220123221
113220103201
122322013100
020232100203
022112310313
312130323032
322133310201
301030120201
133030110102
033103201002
310332200302
312033120012
320002221032
303230022223
013230032201
012230300222
023030030202
232300202321
032322100321
103112100322
233112302322
232330230202
100222210222
032222110123
323210023231
103132103233
130331003233
213033032332
300001021021
311301302121
310303100212
100031302121
231200201032
121203201303
123233003023
212330033223
223030300222
101020222232
120030222112
100233022312
121302022221
122332022023
123033202230
120301203310
121312233220
120201213302
103230302201
103220130022
103301112012
032101320221
222131330001
223103130031
023021230101
230012201022
220301220002
220221120133
220101110033
211112111032
210231213031
020223232103
023233202100
020323222130
023212220030
133201222032
223200132012
013023222032
013221312001
010301331203
031002121002
201022021132
232220213132
131221011013
231320202102
030120231102
001210311021
002023121210
003321112120
130120013022
030121331030
213120131033
323130131003
203321332002
203311030302
202321033032
033023311002
333333110202
200333011120
223233331122
203331311102
213333122113
213301022200
212320100201
201320013021
123202022133
320320222123
332223110312
332203121230
311223100322
321323103222
321123210223
321120122213
321130212113
320132210112
320112313312
303332313322
323201201312
312320301313
112201101313
313201313321
321213031312
323123313323
233221233213
230122323323
132122312332
323131312332
030212131310
203032013321
211302021321
100132221323
203031321123
203330321321
203221020121
002212201213
022102211132
202222113133
120230201313
102333213230
302333132203
200131320203
232303132003
230131312013
113313121123
101333111321
101333311100
103320301102
113232011130
113111113200
121311113233
112311012033
012131011031
311313101033
131131031033
131031030202
131233003202
031223212023
030113120223
300213101123
231313030222
023110030022
132031100021
133311321031
102031121001
312231301001
213323201002
113300201132
301300220232
202010022013
203210223201
032123123100
132201301100
311303221012
210032301202
100332301221
120330333322
200313003322
300323331322
220320332112
200331220112
120323332311
110203123121
113203312302
220333031312
101010322021
111113222321
111122121311
100210322033
022102032233
021200132233
202020001220
232202003220
220200321221
020203133021
020303311021
123033130312
021023123312
022323032322
012230233212
022202302021
021021323023
012332132013
123320110233
022010230230
022131023203
022133002223
022130101321
023322001023
013302230102
132130020102
220302130103
312030102103
312032110122
011200330322
011330332121
220113030220
120311103022
313031213322
101313130322
300311103220
233311103200
301331112220
102230332121
120223233120
232232033121
122333212013
122333322212
322220303120
200233013021
113223213023
200223121023
200231100223
002033110233
230222213022
201233211302
123302130020
020311321020
203013221320
220301132300
302301132320
101222130320
121220031320
321220131021
212123013101
013012313102
302303121313
322313131011
112202331011
332102121310
032212212121
020132113121
130121131200
020123022121
313031311201
020232222023
030032210212
002222123202
332322123302
103031123212
113110231012
101312213100
203033110302
203311103112
230123110331
302012211030
210212312330
020123131233
020213022033
200110220223
231102021203
231103210210
231212111303
312120113113
331221213303
230110121331
312312202320
311203122120
011203222132
101120312020
201320302220
213013030230
123012310030
212230202230
122312130033
313131221230
313323123230
211231330230
211203133102
303203131102
333233103102
302023133302
312012302313
313023201312
112232231322
110332013120
110331012200
110031232030
120120232020
130110221022
322021022122
022200220323
322100130223
312221303023
102211200230
102211310112
330231130022
323131103020
032233213022
330330131220
133322013123
232323023123
223210130222
122003013023
012301222102
002101222032
203212223032
200122231332
210321303232
113301330322
001001303202
300110120202
310300130320
313330010220
113030212200
133301121221
213301321213
313302132302
311333123002
312331021102
113332121222
213331113012
233311213102
202031021302
231331001302
203221201102
202123301112
203303000312
201033013002
231031312002
213133131022
213311121022
232323100112
132231111132
120221200112
101333200112
123001233112
123120133231
302310132023
200310132310
230031013121
230232101301
332022101311
320210013112
300131022112
202232101012
122330010310
122033110130
121013011110
121030212130
220313131030
231313131100
331311101320
210331212120
020321302110
002213012100
031022123211
032032312321
032132320232
131331302232
113313013032
213313012203
213131320231
233232132232
223213233232
223232301332
023032332302
123321310330
031032223120
331312232020
231230222020
012030022020
010122310221
313202200120
213022310321
231302203221
223330210332
213302110132
201330121112
101320312112
121320120113
130130321112
121100221112
031132021112
011300121132
101112321112
201110231111
201011020112
201113230002
212023230022
210223130211
211013232202
310133232102
202332131103
200131031103
212133231213
222323201113
231222301113
123322230112
121310232212
322321003202
202322303202
003232303212
220322200312
221302001123
220121210311
221222313111
232113213110
102002131010
021322113011
023323012020
321322020213
323121201031
323232012311
233211310313
213211310201
213331102231
203321312323
102130310123
321200300123
122230131123
011132301123
012131213123
311113111123
011103313223
300113113023
110213113203
120103132323
210102200323
220022011323
220320102200
230312132230
230220012130
210133032023
211233031132
231313021131
232333121133
123311211033
323331331123
323211233323
321132032102
322220220002
101302321220
101323323120
100303231102
101330011203
010303232120
203030322101
323030122322
203211203222
202323123012
201331030122
201331012032
101032112031
200301220321
330111220121
320301221201
000301223123
203312312311
203103120211
201312320221
203013212022
200133300022
330130210022
303313210220
030233132032
010323113012
311120123022
010132323112
110333130112
031033203112
213332030212
213300112120
133313113130
103130213131
031302311132
021023212100
221213213200
123020102310
202303203212
001302112323
222030211202
323202301020
011223010300
223303032323
013203032312
012032320322
032223120022
121332301312
010210231312
020313230112
102313331312
020332330120
020313310223
031301230220
023110331220
032110323222
322110323233
223120323123
221312323213
222232203213
222113222313
022113211333
221303202213
121331123131
021331121011
113322321011
203020132011
203022001011
313020121211
213101021011
013221101311
100332110312
022332210312
112302212132
103321210132
130312121002
132312020203
232222120203
231200020212
231020002123
101212000213
201213010212
201112201023
101020032323
100001323221
120013321223
302130132312
231023110012
232322121032
233201101321
223120122321
223210122211
023313122101
123231221030
123223112201
021220111303
012120132123
112220322123
013232131123
132332321123
102032331100
112131011100
112210133100
112120013230
211212002023
112121033213
102231013120
312111313110
321211102311
322101133101
221101231311
122233112000
121331312001
221122131031
322123311002
322233101030
323223011330
221323331020
221221130313
120210222011
312020032011
310323032020
310230330102
302133010120
220110101010
221310120010
221231012131
211310113110
201021012110
211031021210
322101002103
223310111320
321210120230
032121112000
201120101032
313000321222
222120223230
221220322230
211201322030
211103100223
233212202311
221320221311
021122211211
312312021110
031132212010
010112002012
031213212130
101213232233
021223320233
302233221023
023320221323
322012322123
130232031323
100323132123
212323232223
210303222202
210300212032
110130231203
121113223223
120232023231
102210232303
102221221003
102022122230
132122030220
122020012223
112321122303
011232212123
313110212120
321311120112
121011210112
322112121111
322320210130
320312101113
332031201023
133303122132
320121011300
330121110021
000221211303
011222123013
310012211021
311101121221
321012111121
330211132103
331211312233
112113120103
320121122003
210131121302
120232111133
123230231112
312232213133
322222313103
113212311103
112202211123
002202231120
002322213112
323202211102
020222210100
020212011302
320212223311
100201201121
102102023112
002011211103
030211111233
012011012230
023212201103
022123021102
220123011203
210230110310
211030110130
221003211310
210302131312
221031221130
222132211003
200321103131
100312103201
122323210323
223212310223
222233112223
202031111023
202011210130
212332331023
212321331233
220222301223
212031231123
230122200220
100022100220
100221102130
101233102120
103213310213
123013010201
312001101121
111221323213
311221320310
121123320110
221223120101
201111310213
120122312213
110122012123
101232311323
112102321223
112133201220
122310122110
012133212221
112323221120
111223202121
312322322121
310232322212
232231232131
122231203311
302211302212
302221120210
022021002210
202002113011
130220211023
010302201322
023012011012
113312011112
113120132202
113123001012
310201012012
113021213202
301032022202
230210102032
032301111032
013210112012
012011010122
311221010112
011213103120
020231301201
202313322112
020311322212
001313131212
202221022212
022313022210
023102220112
123123120123
110231200123
110030201022
111023101022
121003110101
113203110220
113321031023
113230121013
113211121210
313210123101
312013311112
323321011210
302131012101
322310201101
022331201121
322011031120
300321212121
302121222111
031122131113
032311231112
203033231212
032111133111
132111321111
000233211212
231112201112
311022111320
311202201212
231212231121
302021113020
311221112032
303131121202
321122112130
321131112300
333111102300
323211303101
123211311021
232113012211
321231121113
321323121200
232120121210
201220131210
131221301210
121223101321
331230133012
321223300212
312333310212
323233130120
222311100120
212233310021
232230012001
131200120200
030100102020
211001013020
201013110320
201012132313
223113101312
232001232021
202200123101
032011231223
032031202202
130203122212
312003012020
022230310023
212013101021
231002132321
231213212321
231131202012
213123123032
223323131012
223112321103
210203210121
300213212012
202132313122
131230212002
332323233322
332302131202
323221231120
212222311320
312220110200
313220213002
131212133010
311233320103
212323101300
313220113120
312313101322
012312302223
022231212323
022321121231
212230121322
122232102132
212223212231
222212222133
232220101121
230222011231
223322010221
223320011302
222200102302
232213202332
033213102302
032321330322
302321330201
123201232201
002320132202
121013122200
212101212213
212100112310
232101101330
202111301120
222011121100
132001111210
122002123020
223223230320
222202321323
223022103223
032012103023
322010110220
033211010223
123213303312
123103121212
331030112122
321212011132
302322011222
332211122132
003223113132
003121123102
102021123123
212122300230
320202110132
020202310212
322312111330
312212120330
312221312100
333231330211
203021332221
223202113001
333212130122
232221230110
330211103012
312021310203
112321133020
220111011022
221211031001
233022101020
221203011323
212230113003
312311310023
132310311223
123211031322
123313123220
233211120221
302111123222
221230030203
103211133023
010201113210
003001213220
021201322220
322123300220
000231310220
021131300220
232021132120
232101223220
232111103322
121101003220
120112222220
321132221320
323102113320
303202113211
111233113210
111322132110
201302122120
202312023220
113221011203
132212010120
211322201121
112112210230
011032013210
201103323132
210201320313
200201320222
201231231321
200331132321
232033113211
120131313221
320312130212
201201302023
020100302323
301132110221
301012102022
301212210232
200302100021
211210202221
111212213201
213122213001
111210201112
320121321323
022321313213
023310133121
202312203022
223131123221
232112223121
002013132221
002203113203
122032323132
332112113202
201101130221
120010112023
120212101200
202103101221
202121231201
202311221111
131231121012
210320122012
221132312232
212321123202
211330313202
221233030310
220232210330
120323102303
123221033012
122212331113
101320213222
113210101232
102310332232
103122302212
102123122021
122230102021
222213100201
212221321013
223203211012
123000210023
212202301003
110222310002
122212013223
323212111233
222111011233
213231012021
032323101220
103223113310
013212213310
122121133130
021130012200
233233122021
003033122022
313202012220
131332031222
111213001223
321212231222
313212112021
133232112023
113213012221
210223321222
121122313202
031133221322
230013312122
301033323222
300301232222
221110021320
122210020320
212110320220
211223031220
211120003222
210220300220
020103320220
021012033322
122212103320
221032130220
222221002100
231220321001
122100113123
032210012322
102210020012
130221002023
101100321023
013133210023
010131210230
021331011023
022003201021
103210021323
320200313232
320233123220
132013123110
320022123122
321200232322
122100223033
231211211011
123221321211
102110222023
222110312203
220213322303
321132122021
323211021002
220231030023
222023303123
121202033312
233211032023
023231030221
130231110221
131022311322
231221313220
021222131223
323221113021
022022121012
132022123131
000122113222
000111232022
320201112201
331221132121
223113132121
232311111230
230312110222
232331013232
220030201332
232130112232
212031102321
231123113221
231111322100
023112011100
322233113212
122012311212
322201333211
221012311013
222300131213
223031031020
232303121320
200102121220
200120112132
201203212232
200301021223
210310332022
122301132122
023311212200
102031213222
102032211302
021132111302
013133111132
013220313113
101322023111
201231121220
223112213222
232231131020
322023312121
122223121131
123322021131
121220011111
202031201131
020110031132
223100011232
102011021212
320232332022
330213323120
132212332320
322121233220
322321312322
102211321220
020113201221
302021121221
301021231223
301121212332
302120212323
301121321220
101012123210
302131111321
102101211220
013233312222
012313112202
011303301202
101213301202
112120301212
021321203012
021210120312
322123203103
012213320002
322133130112
022103120231
002123201231
302122230120
022121223002
002002230002
220122331202
200312221202
223232122102
223013121032
223012302012
220122111221
122101112010
302230111201
212211111321
212312122101
213212112200
312132112003
302112202003
202212130200
012221211230
022310113232
232222332010
122212320121
122111132221
122131221123
112013112223
112012223231
223201122123
223011012030
122330101203
121211300120
212121000032
121233020121
121202010123
121201230023
230201103123
221220110122
221101300122
211002300222
101102302223
201023000322
102213312323
112022331321
022022310021
122222230022
120212302322
120213123211
220201312310
220213310210
222212113121
322212122301
123212221111
023233223122
022233322022
232113331202
321031313102
301201313132
112111132102
301121113212
032111312102
032200121023
322111212022
013111232123
023212331321
013122203122
210120031122
010103002122
212100323112
101103012322
103100010022
121110001022
121232022032
221110130302
120130301202
222311303222
312201133222
322032232222
120113102222
302000312222
203300312212
023023013212
123320313212
110220313222
110302332222
201012312322
312123323222
312112330122
013121311121
033012132022
033321312032
033010220322
203320222022
233102120122
203110121232
212310102122
113131302102
013231211022
212133121232
021211331212
221321012122
221023032212
220213122132
021130213222
302110300232
221113022302
223130221023
222131311323
002111331323
100211311322
213121111102
222021212013
202323112030
230232111212
333232111220
310322111230
032313031022
002311131021
202100212332
222133200312
202131120032
122121200321
122102202323
122111110232
312131102232
122312220212
022302220120
123303220121
123101201221
123110202232
122111021332
102210110223
131212110212
012233120332
013231020322
222330110222
023333120322
010210322222
012121112222
012030111002
012201112021
121000111222
020022112120
220121113202
023221131002
021311102202
123011212322
320010132302
013312132232
023121010023
021112012013
020312211022
023222202022
123103230022
020230302112
320233001222
202213030022
202211022020
020221312022
022002133222
322231331222
333201320202
022003132112
022221111112
022010112102
220113231102
220011232313
023200112321
032110011221
021110131201
021101120022
110112320132
210112232122
201032213123
201212212103
201012221011
201222221101
212232222201
120122020232
012122020100
212223211100
221222031100
221320231122
023321211122
233233212122
232313212020
313122211220
221202132202
231232311022
231213220122
132233210102
230203112020
212103012200
020011012100
232031012100
202011012303
222211123313
121221112302
020122132102
020112132320
023112122122
012122232132
212212322022
212113020021
212121302312
321121021012
211202113012
310113210212
010100321032
010312221033
020122311320
023232230131
223332221121
020120021023
202220210220
100113323022
011121211322
312230211222
303223101212
312231012320
030223201222
011022321102
011121121200
012121031232
012100223322
011200213112
012102131022
013221333022
212130211020
312131230202
201222331012
012123310130
112213310100
220210211123
220021331123
222212023102
222213221021
212212201020
201221202131
020101233012
012322021122
302220332102
331213321023
002203101022
003201031222
012220301102
202101031022
202211113100
120220100222
102022103212
120233110232
222020311022
212032031222
112002313022
112023021002
112320212020
111212022200
112213102022
002313302022
110222003232
210222010122
201212022122
212220120232
312220103032
322122003022
221200312002
022110322002
202020113222
222201032222
220221033122
223320123222
002333113222
003103311122
021033301122
031303332122
131323310122
222133301222
221233202222
202201330133
233121132112
223312111002
221131122120
122112313120
323031112221
