--- Configuration ---
Max Run:			3
Min GC Content:			0.3
Max GC Content:			0.7
Code Length:			10
Min Codebook Edit Distance:	4
Generation Method:		Linear Code
Min Candidate Hamming Distance:	4
Number of Candidates:		836
Number of Ones in Matrix:	2306
Number of Code Words:		463
=========================================== 
3312111202
1330203111
1230031331
2130023031
3212020331
2103231132
1001323013
0113302130
3300113221
2333213311
2003003312
2202121002
1121233020
0332201320
0032122002
3313122010
2213202203
2211312001
3101031131
1333221020
3103222020
2132133233
2113323313
1312332213
1223303213
0123033023
3122133021
1032030031
2131010223
1320012023
3220102333
3120023223
2330231220
3023130221
3013300213
3320330113
2212330130
0200010023
0023102110
3020211003
1120301313
3001203311
0122303122
1123323222
3002023012
1302022200
0313011200
1321120310
1313200120
0203331201
1020133133
1332212232
3231221132
2311322013
3112202132
3113231320
0301112302
3122230332
3012131233
0332102033
0331120102
1203120121
2302111010
3222113010
3233133102
2131313130
0230321130
3021020023
2233021131
1202311101
1221110302
1132303330
1231200311
1203322313
1223202332
2310311201
0112133110
1131321201
1100122021
2331000200
0200212211
1001222132
3330222332
1131220320
1122013323
3111022231
0110122233
2003201120
3220201020
2000322130
3102013000
1101313001
1012110010
2202323230
3223322030
2212033223
1323030112
2310012112
2110301222
3210031012
2203310022
1112120002
3211200032
0010112221
1021100321
1031210332
3110312330
3133113133
3300311013
0101201032
1103001031
0130301101
1120103121
1221312130
2121300230
0121022300
2023220020
0213322101
1311211203
2132230120
1032131110
1203021000
1100023100
0110221120
0031001012
2301133121
2330132133
2232012323
3201213332
1232121133
2102101033
2331303113
2033031112
2013010012
2013313301
3102310313
3101233303
3113330201
1232020012
2122322301
3201312213
2002131021
2133001100
1222132233
2322332322
2200233032
2210123021
3212323022
3320231032
1323131033
3301120033
2310113033
0231110110
0111010100
0130200020
1001020300
1000310201
0102120210
0300121110
1002103310
2110103010
1302123321
1002002231
1220220203
2100213003
1013220111
3211002200
3100103202
3303131310
1331133010
3133311301
3323011331
1030322001
0323320313
3003313113
0313312113
0120213320
0132013131
1022023331
0222323113
3001001123
1301000331
1230233103
2333110002
1233310113
2231333101
2203013331
1110333113
2111332030
1201333030
3113132033
2112112333
1302321113
3313023131
2313232211
3203202011
3110213211
3021121102
3032011212
3220003212
1320210211
1331032131
3123100233
3003111321
1311013031
2123113321
1233211032
0212210232
2002232332
2331101321
0303103021
0131130121
2010133002
2003102233
0311202311
2232311030
1132101102
1123121010
2132331001
3133012012
1133231003
0121321013
3323110210
3311032212
2322233203
1223000100
1222330001
3321303301
0310132210
2002030100
2000120302
3110110102
3131300022
1311310322
1300132002
2002333213
3201011100
0232033100
3213310230
0223310301
3232100310
2332123210
1323232320
1220321322
1213133221
1032232203
1002301122
0233101233
2231131333
0011121033
0001132333
1100221332
1113311022
0321230111
3011311130
3030101010
3210130133
3223021323
0102223103
2300302101
1200201303
0331322330
3312313030
1321223003
0132211303
3032110333
0313213032
3021323330
0232231332
2032200132
2012320113
0202302013
2103330013
2210220332
2012023200
2320323001
0202001300
0223211220
0321133202
2021330222
0232132021
0211232303
0212311313
2302212303
2130122110
2302010131
3202033031
0211030131
2100011231
2231232020
3213112002
0100030012
1023212311
3010021031
1030120233
3131201103
1320311330
1201131202
0131233232
0133121202
0001033212
0001330101
0013130310
0022131302
0003321222
0033313022
3122032100
1301101210
1310121302
3011210011
3211103321
2121003123
0111313213
1133132310
1033102302
0033111210
0023201203
0213120333
2130320322
2033233320
3310203232
0300323322
3321202220
3322321230
3322123002
1123222303
1102032223
0022030223
2001210203
0002110202
0002011323
3301021112
0002312030
0031302301
0011222320
2203112210
2001113110
2101123102
2230102121
2201002012
0210102202
1013022323
1330001323
1211023023
0321032323
0202100221
0110023312
0031100133
3130030123
3233032023
0333232132
0122000231
2332321022
1331331222
2031323122
0221301022
2022011000
1021001200
1110030200
2200332113
2301230232
2303122202
2332220103
1102230011
3120221011
3203000223
2312300122
1313002312
0312220220
0222020200
3002221220
2023022212
1021302113
0113001223
1033003223
0233000312
0220031123
0112230203
0110320001
3302201211
3232001231
0201023231
2000223011
0032221311
2102303201
1020230220
0102322022
1302220032
0302233120
3020310122
2323103302
3210233220
3103323101
3032312101
3332031223
3331112233
3331013312
3330121021
3310100121
3223223111
3221232232
3220300101
3213211311
3113033112
3102211232
3100200111
3030303222
3002122133
3001302230
2332022331
2303023323
2301032000
2230300313
2223331122
2223032231
2220313013
2213101110
1010101333
1003233211
0332300201
0320001131
0312123133
0311303230
0310330022
0310231103
0233202120
0231312322
0230220011
0230123302
0221200103
0221103210
0032023123
0031203220
0021012312
0010310013
0012301330
0013031231
0020120021
0113100302
0120110033
0120312201
0122101310
0123231211
0130002212
0132310222
0210003323
1103100110
1110232032
1113012331
1120200232
1200300222
1220123110
1322003300
1330100202
1332313313
1333122333
2001311322
2013212220
2020202111
2102000112
2110200303
2200031200
2201200220
