--- Configuration ---
Max Run:			3
Min GC Content:			0.3
Max GC Content:			0.7
Code Length:			10
Min Codebook Edit Distance:	3
Generation Method:		Linear Code
Min Candidate Hamming Distance:	2
Number of Candidates:		202768
Number of Ones in Matrix:	31696384
Number of Code Words:		7326
--- Performance Metrics ---
Number of Threads:		8
Candidate Generation Time:	0.08	seconds
Fill Adjacency List Time:	259.40	seconds
Process Matrix Time:		24.18	seconds
Overall Execution Time:		283.66	seconds
=========================================== 
1110001110
1113331113
0003331112
2223331110
2223332223
0003332221
1113332220
1113330002
2223330001
2220002220
2220001113
1110002223
3330002221
3330001112
1110003332
2220003331
1333001113
2333002223
2233302221
2233323222
2223300222
2233000220
2221000223
2303000222
2200020222
2220200022
2230001222
0230002223
2200032221
2220003122
2220333221
2223233322
2203331222
2200031112
2233301112
2203002122
2223000302
2223001022
2210002322
2233003322
2220033323
2200033022
2300333222
2000332220
3230002022
0222002022
2220332022
2233202022
1233300022
3223330022
3233000122
1232000222
1120002022
2220002011
2220022002
2220030212
2213033222
3222003222
3220002212
2220022233
2220002303
2320002023
2320023222
2221002032
2120002232
2232002232
2132002022
2220020123
2220203223
2203203222
2200322322
2020233222
2223032202
2203322202
2210002201
2200102223
2203002203
2223003233
2223033032
2230230222
2230300202
2220013202
2220303002
2320030022
2200303220
0220031222
0200330222
0200032322
0220002332
3220033232
3230303222
2220331232
2223020232
2223303320
2223313022
2320303322
0220300322
2202000332
3220202322
1220023022
1222030022
2232010022
0222330002
2210030002
2213020022
2220010021
2020030223
2202001223
2200011220
2210031223
2210022023
0220032023
2220032030
2200302032
2202030023
2200030120
2220232320
2203332320
2200023230
2200332233
2200033213
2200222020
2202000200
2200201322
2000321222
0220020020
2220300010
2220330200
2200010203
2200012012
2200100122
2201000212
2202000121
2200021021
2200020013
2200200233
2000200220
0220003021
0222003302
0222000323
2220200330
2230020032
3220001002
0220202202
2102003222
2003002232
2203032332
2202022323
2202303323
2202323022
2200013332
2220132332
2200303312
1220033302
2200330132
2202333212
2200313122
2232303122
2232200322
2230203332
2220223302
2221023332
2220323330
2223322332
2213303332
2221330322
2100033232
1120033222
3120003322
1222303322
2022203322
2220022310
0222032232
2230023020
2212003220
2200230302
2220230003
2220010300
2221010002
2202220002
2002022022
2000203232
2200223012
3200203022
3200032202
2020032302
2230332302
2230032200
0200022200
2200233200
1220003200
2030032022
2330032232
2300022032
2020222332
2300031322
2010033322
3202033322
3222332322
2231032322
2223032321
3320032322
2023022322
3223022022
2320220322
3200022320
3230023322
2201033320
2220133300
3222030332
2202032300
2202031202
2200021300
2200310020
0220203320
0020023322
0220022321
0220223232
2232023202
0210023222
2210023312
2230033102
2232333002
2230330012
2230030321
2230302323
2233032023
2220320102
2120320022
0220030102
2022003032
2020021232
2000122232
2020002112
2230002133
2210032132
2230123232
1230003232
3210030322
2130300322
2020200323
2002300322
3202300022
2203200320
2202021032
3202002032
2202003001
2210310322
2220120320
2020102322
2201230022
2000300212
2110303222
2310003223
0221020322
1202020322
1020001222
2023002221
2231003221
2202302021
1202001022
1222000102
0020303222
0002000222
0211000222
2002001122
2010300022
2010010222
2000103022
2000202002
2100032002
2003320022
2223120002
2100332122
2010002032
2201103322
3120020222
0120002221
0120003202
0020020202
2020003201
2021000122
2023303232
2303302322
2003303122
2120330302
2322033302
2322000320
2330003212
2330020202
2233310002
2000223122
2000232212
2002232322
2000232023
2232232332
2300232332
2002023302
2022031022
2012333222
2002330202
2001100222
2012002223
3300200222
3202230222
3210233222
0230233322
2212233302
2212020302
1210203322
1210003221
1211033322
2111000322
2110030122
2121000202
2122200302
2212200032
2213000323
2221100332
2210303023
2210020333
2210223323
2021323322
2021003323
2001003220
2130232322
2130013222
3300013222
3200011122
2310001122
2110003320
2310033202
2312023322
2313003022
2311003332
2311233322
2203011322
2213001232
2211000132
2211002233
2020331122
2020332323
2120323232
0222333122
1220330122
2210333112
2203033201
2030033221
2000233321
2330133322
2333033122
2330323022
2230333123
2130033312
1230033220
0230033212
0210333022
2001333022
2020333012
2212033012
2121033022
2103033220
2101023322
2211333232
2131333222
2201233223
0223033223
1323033322
1003033222
1330030222
1100030322
1300023322
1000200322
3133033222
2000133223
2200130323
2100330223
2001220322
2100223202
1203003223
0202013222
0203033122
0201003022
0223010222
0200010232
0200020312
0230320022
2230311022
2000211022
0220213022
2100200032
2020310002
1203000202
0203000221
1003002022
2203220223
1200010002
1200021202
1230032122
2300202122
2303222022
1200120022
2200121002
2202010102
2203210202
2230100020
2030120222
3200020102
2200320001
2200123321
2233120322
2333021222
0203021222
0033020222
2330012122
0030002122
0100023022
0330022022
0320302022
0002332022
0023332322
0022033202
0203323322
2332330022
2332233222
1002203222
1200233122
3200331022
2200301121
2330300221
1201303222
1220303212
0122030222
2122033223
0220101022
2122003321
1200013212
1200223220
1200220232
1220001132
3200223332
2021033212
1321003222
1001003322
0100033221
2100323221
2210133220
2201330221
2000330121
2321001322
2232013223
1220013223
3220001323
1210031022
1100103222
1300332022
1330001022
1100011022
0210012022
0301033222
0200133232
0200013321
0200232032
0223232022
0200202323
0223202223
0222332220
0203332232
2202232203
2200221203
2232002120
2030323223
2330010223
2233010212
2230023211
2232023321
1222023323
0220323323
3220323122
3220330223
3330320222
1230310222
1020320222
3200320220
0220320221
0200313223
0200322212
0202300223
0222300212
0202303202
0103303222
2103310222
1102330222
0323330222
1020333202
2002230221
2020100221
2320200212
3203003212
3230100322
2031003232
2123010322
2120010220
3220013320
2123300032
2033301022
2022300023
3022000223
2322200223
2022020321
3000202223
0300020221
1300032223
1202032220
2000302201
3201000220
2302030220
0230010220
2003010220
1030002220
1001020222
0010001022
1222002320
3220020230
3020023220
1210020220
1200302020
1220100220
3200100202
1220012020
2020013020
2020300120
2220300133
1200202012
3020022122
3020002021
2120032123
0020232122
0020032012
2100022120
2203022210
3202020221
3202223202
0202223223
0202202220
0220123220
2022202020
1220202023
2102020223
1202320202
2020320203
3222010220
2223102020
2211002020
2100202021
2201020201
2202102320
2103002020
0100302220
2122300220
2122032020
3122002220
2130202220
2230202030
2200212230
2223202230
2023232220
0300202232
0100100022
2022002330
2322300332
2223021323
2100213223
2002032230
2030022230
2300220023
2030020021
2300012020
2330031220
3030031222
2130003021
2130203122
2202031321
2032020122
2002010212
2010021220
2020031200
2302102022
2322202032
2230212002
2300212202
0300232220
2102302202
1022302022
1023300322
1022000212
1002002221
2002000231
1101000221
1323000223
1000220221
2000122021
0200112220
0023302220
0220302230
0230022302
2033022020
2333002012
2233022312
1233002212
1103001222
2123001223
1223002123
2311300222
2300301223
2113000221
2133030202
2013300223
2023000210
1033000221
2203300213
2032330223
2223302033
2022230232
2233230032
2313230222
2113302022
2133303223
3103002223
2012020232
2010330232
2300310232
2310330220
2310020020
2010023002
2122023002
2200230010
0203230220
1223030221
1222330232
1120300221
1123000122
1002300220
2223200201
2213330020
1200330021
0200210221
0100201222
1002022232
2231332220
0201333220
0100222322
0002123222
0232133222
0002233220
0222303020
3220230020
1223033020
1023330220
1203033321
2210200120
0223000120
2230020100
2233302010
2200202110
2202203210
2230003110
2213301220
3213320222
1133200222
3223302122
2120331220
2220311320
2320033120
1220031120
2022023120
1022003020
1112003022
2010203020
2022103220
2032012220
0322003220
0022002200
0320002120
0220322120
0230232020
2233233020
2023033021
2023013122
2223201332
2333200232
2323232232
2320102202
2012032202
2220101200
0221001220
0322100222
0103220222
2210001000
0220001100
0120001020
1100020020
1200023121
2233020121
2202320120
1203320221
1203010122
1130333022
2323300021
2322330221
2321333122
2322303212
0332303222
2320332212
2323332020
1232332022
2123320223
0233320223
0233322122
2032332122
2323220220
2223310120
2033302120
2213032120
2210013120
2223033100
2302223220
2012320220
2202213020
2333203220
3320332220
0323200022
2323000132
0323003122
2032302002
0332220222
1322020220
3322000202
1320022202
3320022020
1332023222
0232223022
0023223222
0003202322
2023323221
1223323220
2022333230
1022033221
0220333210
0223323212
1320303220
1020020320
2323023320
2223223200
3233023220
2321233220
2212323320
2211203320
2122233320
2120133202
2223321230
2002333120
3323020322
1313020222
0223023002
2023203002
2300023123
2203023112
2303123222
2303233202
3300223223
2330223221
3130223222
2332032221
2033213222
2233133221
1232333221
2232333233
2231233202
2231233321
2331033223
2330332321
2120302321
2310232223
1203232223
2310223232
2202233132
2202022130
2322022230
2322002201
3323002232
3212002202
3221020202
3030022202
3032020220
3232330220
2232332201
2033322212
2021332232
2022301202
2022322302
0003232202
0103002202
2123002312
2123331322
1213332322
2223002131
2212300321
1020002203
2320001233
2023032233
2022202233
2230322132
2133022232
2130302212
2232302213
0222002213
3222002333
3022002302
3233200223
2002022213
2020232201
2020303213
2022313223
2020013233
2321302223
1022332223
2002233233
2300312221
1221333223
0222333203
2221002100
1220022100
2220031101
2123022200
2210322200
2123302210
2223013210
2020012210
2013002200
2213002330
0201002320
2231320232
2323010221
2333013232
2101032223
3221032223
3223223223
3123203222
3220103221
3220223321
3233222322
3120322322
2123322320
0223222320
2233322300
2133223022
2113323322
3003322322
3210220022
3220222032
1220232200
3220233203
0320233223
3320233022
2323231022
3320030221
2210233021
3223320320
0223320200
0223331020
3222020300
3222322020
2203232000
2230132021
2230232231
2230220201
1200232321
0201022232
0023022212
2020220231
0200222330
2020020130
2220232133
2223230123
2123030023
2123033112
2220233110
2120203312
2120300112
2123330121
2103230122
2113330212
0220332112
2320010332
2020301332
2320310122
3020210222
3120301222
3003301222
3232320122
3232020002
3222023312
1020003312
2323320302
1322320322
1223330323
1200320323
1300300122
2122332032
2323303123
3322333223
3222301223
3022331222
0222302201
0220021012
0222023210
2232323210
2020001010
2120031012
2233301233
3232032320
3223032230
3203010223
2330202233
2330322203
2332302023
3302302223
2332020332
2321203232
2122030132
2322030233
2323330213
2322023132
0222020132
2322232323
2332320212
2331020221
0322020212
2302022102
0102002122
0200200132
0220303132
0202001212
0223001112
2232030112
2023030312
2022330112
2223020311
2233233112
3233233232
0233231222
3233031322
3023001322
3201031222
3221030122
3231010222
3322310222
3233311222
0223301221
3022200122
0210332221
3213002221
0213022202
3102022202
0302023202
0322322202
2233021102
2033000112
2030023132
2332000213
3033100222
2020023313
2320021321
2023233203
2030200012
2030221202
2033220002
2301220202
0302203022
2302233023
2322233012
2022233123
2302213322
0302233232
3023230223
3332323322
3013030222
2010031212
2333223332
1030222022
1030302322
1233021022
1023220022
2023222023
3033232022
2333232002
3023332202
1130022322
3023300221
0233002132
0233013022
0133002322
0233022323
1320300232
3200301232
0233301202
0023001202
0023200232
3221302232
3202302200
3223000231
3123300202
3023320232
3223322210
3223331212
3123332221
3123030220
3130032220
2233321321
1223300203
0001032220
3032032223
3003032122
3223232120
3201232322
2003332102
3200332210
3230232212
3200132122
3230133223
3200231221
1300231222
3222133220
2300112322
2023223132
0323023232
2302013221
2032023233
2032233032
2032003123
2202003133
1032033022
2021022203
2223322103
3110002122
2112002332
2310200332
2132003302
2213220332
2301322232
1213230022
1103232022
1333233022
3232000312
3232020323
2110032021
2311032022
2303032021
2303130022
2203130212
2220310213
2230312210
2312030212
3020330212
2022303121
0220233121
3210330202
2210300211
2303202200
2003200102
2002202123
2003223020
2020223030
2022323000
2232203000
2322302000
2130233002
2203133002
2223220010
3203220020
2203231021
3003220202
0030220232
0100320202
2100320332
2002220132
2102020012
2203030011
2033230021
0032230022
0021030022
0221230202
0223230332
2123230012
2223232031
2321323202
3022320002
3001200022
3122323022
3022323320
1022323232
1323313222
3233133022
0233032012
0223032211
0233232302
0203220302
2303020312
3223220312
3223203302
3233223002
3233302312
3323230202
3020223002
3223303213
2021232002
3323033212
1012020022
0110202022
2310222002
2301023212
3020322200
3220203112
3223100212
2223103012
3222300121
0323232221
2303330112
0203130322
0203122022
0203012020
0202232021
0223220021
2323223021
2320230121
2323312202
3231322202
3230322023
0200321020
0320223020
2310213022
2320113220
2320223213
2221133020
2223133213
2223202313
2213020213
2333023213
0213030232
0203302321
3221002321
3223210232
3203230012
3200300112
3200200210
3200323021
2220323011
3200313202
3200030211
0220200211
0230200021
3130230022
3310023022
2203323010
1223320012
2033032210
2233032111
2333030211
2221303021
0330322232
1323220232
2220130231
1220030233
2333130223
2333132212
3303332212
2333230312
2333232121
0033232223
0300323122
3000323212
0330230221
0020230021
0020310220
2021200021
2023230211
1320200020
1020230002
2120203000
2233320313
2231300320
2102330320
2101300122
2103000123
2302300123
2300230213
2300323210
2300322112
2320033311
2320320211
3203202332
3203201122
3103200322
0210301122
2210301012
0201332122
1203332112
0120233212
1203222002
1203213022
1223223032
1021233022
1202033032
1021032322
2002103332
1233222023
1232022020
2231202200
2231220020
2230223033
2330222123
3332022122
3302321222
3230021212
3300021232
2230331211
3230033121
3232030021
3202032121
3302030122
3322001122
3230001120
3303233122
3002001220
3232001221
0232021220
2320222010
3022012022
3321300022
3223233211
3233230321
3203332123
3033323122
3033221222
3203221232
3203022233
3203322032
3222322233
3232022231
3223232333
3233212220
3202322321
3100022332
1210022332
1200312232
2202312332
2203212323
2221230233
2103222332
2033222321
2133302332
2233002301
2033023012
2033020231
0202322102
2203021231
2100021312
2003322121
1002332212
0023322002
0020322023
0123322232
1203022132
1033022122
1203322120
1303302220
1203332200
2303332231
1233321232
3033233221
3003023221
3322023221
3122023232
0222313232
2103023032
1233023332
1233020320
3133320322
1231323322
0123320122
0023311222
2203323331
0200323231
1200302211
3020032213
3022022210
2200323103
2202032113
0200321332
1230323002
2303323132
0003321232
0203320132
2233201120
0202120232
3103020232
3201020332
0320220032
0300210022
0220221023
2030222003
0213332002
0223002001
0223301032
3233020201
2213320201
1220323201
1220301021
2223313231
2203313200
2022312200
2022120032
2032312232
2210331321
2200223131
2200012131
2100012321
3200223211
2203222133
2232321302
2201320312
2201220230
2001020032
2221220300
2201201020
2200120030
3002202212
3022233212
0022203221
2002223201
2202223100
2013203221
2213303121
2210203231
0210203002
0213103222
3032203232
3010032232
3210332332
2330312332
2110232032
2313233032
2033133232
1223133232
2033321332
2203123120
1223230102
0203123221
2203103230
2000123200
2030012323
2130023203
1130322202
1213302202
3212023223
3230323213
1230022213
2233023133
2213031312
2020231312
2023031320
2030001321
2003003211
2033201212
2233231213
2032202210
3132002212
2033223230
3230223230
3231323221
3230221223
3020223233
3101320222
2233122230
2232320330
2232303331
2223130333
2323103332
2233300131
3220220333
0120220223
0122323223
1210230223
0013222022
2022320333
3213102022
2332321220
1231320220
1033320202
0033230212
2002323112
0033222332
0333223202
2113203202
1120203232
1202302312
1023203122
1203231202
1100232232
3100233220
1020032121
2200321110
2201321320
2200231330
2000322100
2003021200
2023222100
2322021020
2021322020
0322320020
2030210020
2213230210
0213200020
2213100021
3210300021
3211200322
3202003231
2203203031
2103303321
1223200321
2203200111
2200103211
2100300231
2202330031
2302320233
2202120203
2230130203
3232320203
2230001031
1123300020
2112200020
2113030332
2103320230
3211001022
3210012223
2210010231
2310022231
2300021211
2302302211
2330022013
0210032233
3210302320
3322302320
2213013321
2102313220
2132313322
2133303012
2103322012
2130322021
1130332221
1233013221
0123023221
0022023023
0022320230
3102220220
3002202320
3202202102
3230302102
1230132202
3202330102
3023103022
2023133323
2103233323
1123233223
2123233231
2132322230
2130233233
2030233210
2330013321
2331002320
2230112320
2333022331
2320133233
2220103033
2320023031
2320322033
2210322031
2320321120
0021133222
0031330222
0200331102
0020033211
0020302102
1202020210
1230020112
2133320112
2133003132
2123200213
2123203120
1232203223
1203323233
3103323223
1103323122
3102333232
3102023122
1233032233
1233030312
1233200302
1233223321
1110032202
1110020232
1120030032
1123023202
1220231032
2110302120
2110033211
2102030211
2100301320
3100332321
2110332231
3110033223
2020332031
2320331002
2000322331
3220302031
2020312132
3220331121
3022322132
2300321302
3302322302
3300120322
2100303102
2130333201
2302122332
3312022232
2312322032
3220012132
3220313332
3220212233
3232033132
2233212203
2303321020
1233312223
2133322123
2133231232
3223023331
3222312032
2010322312
2322322310
2010332203
2012322233
2212332331
2022232331
0223332331
0033312022
2323013002
2302001002
2202301000
2230230130
2322210002
1320323332
1303322332
2303012302
2003312032
2233112332
2203311132
2203012033
2230301100
3223113322
3233213122
3203321112
2213321002
2210011032
2210100312
1210300032
1213003002
3212013022
3210003012
2213003010
3232003210
3232233200
0033321220
2013312220
2323012120
2313000120
1230300120
1230200200
2332200200
2122230200
2232231230
1302202202
1322233202
1303220122
0130200202
1220020003
1300220002
2213312233
3222022001
0212022032
0012022322
0020203210
0202030201
2023233010
0230233201
2230011201
1230030201
1230001302
2330011002
2301332002
2303322001
2313322321
2313332302
2323232300
2010323230
2313032323
2313003231
2313102220
3303132322
2130123220
0130321222
2130301002
2133210220
2023310230
2023200331
0200223001
0120032200
3213322231
2323322131
3013332223
0020331223
2301323323
2013332211
2023312021
2010301221
1020322321
3223312321
1013331222
2013132022
2023321012
2011302322
2321302012
2011022332
2122022333
0122022302
0132322322
0123032320
3123032332
2123021302
2123020330
1023020332
1023032023
1220120332
0123302302
1120020312
2230210312
2233021030
2313020230
1230100212
1310002212
1312002322
1320023230
1310133222
2210210200
2213102302
3223122302
0203312302
1223302300
1222322330
1120322032
3120332002
1220102002
1323302002
1203301002
1320003102
1123332012
2123332303
3323322323
2212322303
0202322333
0203022331
3030022321
3330322312
2313032112
0113332122
0023032132
0120132322
3230301321
3302002321
0323002321
1323012022
1223012302
0022022231
0022002121
0002021221
0021020221
3011023222
3031020322
1013003220
3012033220
3010333221
3312333022
0002302120
0203301120
0003201220
2203001130
1023012232
1013000232
1003230232
1020332230
2320302130
2132033200
2323301200
2223301311
1323301122
2323311223
2223011203
3323031223
3322032023
2313031221
2313301212
3310302202
2321031202
2330311212
3121032202
3110332212
2121032230
2110030230
2101230232
1101302022
0201302002
3221300302
2322230330
2212030330
3330222320
2333022100
3330011322
2333211322
2330201302
2323201102
2323002103
2210003103
2212002313
2112332323
2110032333
2110202323
2130322333
1020022333
2323012333
2323123231
2323122203
2322321203
0222021203
1323332203
0320332201
2023021213
1320021223
2020021003
2123132002
2103101022
2113002102
2213332101
3220332100
3222323003
3221303323
3220303311
0321333232
3013233322
2013230302
2101322302
2013330321
1310330322
1203303132
2330301132
2333101122
2332300102
2123022031
1223230030
0012002212
0231302212
0213000312
0133000212
1320010212
0213030021
0020200312
0223102312
3012302122
3313322122
3310303122
3123031122
3223021120
3220221200
3220131202
3230222000
2220211000
3220022113
3220332313
1220331312
1220033111
1220133321
1123133022
1120100322
1020213322
0020212223
2322133321
2322331312
2020011123
1320222323
1320201322
3320021302
1223322313
1023323323
3322022303
2332202330
3120023023
2013023023
2213323033
1010023122
2013033132
0330331122
0130031022
0020222000
0320012002
3303022120
2303002110
1220302110
1223001210
1120332213
2113032213
1220332003
1210332123
1210323321
1212323332
1202303230
1320331221
1223331201
1023322201
1123301232
3220312201
3200202001
0200212102
3230322331
1212032302
1132302220
2132302300
2232001330
2323023111
1323302211
1320322210
0323000211
3323300112
3322030012
3323323120
3023323312
0023320321
0223300011
0223312012
1233303210
1133303202
1230330213
1220130012
1303002102
2330002101
2030202100
2020132000
0020112022
2020203111
2330102032
2320120132
0313320022
0213323020
0310323220
2023321300
0213302023
2213302113
3323321221
3323021112
1320031112
1122332200
3322132202
3332202302
2332223102
3300202312
3323222012
3123022102
3323220023
3320102122
3322120232
3323100220
3323020210
2322120200
2022030100
2333120020
0230312032
0200012001
2310022303
3230012230
0320130232
3020103232
0010233232
1103332302
2300101212
0320321212
0320001312
0320200102
2310021012
2003012112
2303201032
3223201012
0213201322
0321301222
0332001322
2331200122
0322312322
0322302233
1333010322
1333001232
2322031210
0300031212
2313033210
1320033213
2232003013
2120003013
3223002013
3220320013
1221003012
3220100233
3233012112
3233001213
2330220112
2130210232
2313220012
2213132200
3300221122
3303201202
0322201202
0322203323
2320201123
2320133112
3322133122
2323132123
3022123223
2020123123
1020333123
3220123012
3200122312
3232223120
3230231002
3221333032
3221233312
3321332302
0321223322
3121233232
3123120022
2123123020
3330231232
1320232012
1330032312
3100232302
3100133322
2023023103
2223313303
2120323003
2230321003
2233200103
0233001021
2213201023
2313311022
2213011020
2203101102
1233103122
1233001323
1233002100
0233312200
0330312220
0321202220
3330201220
0330211222
0310200220
0332202020
1323202120
0233202121
3232202123
0311203222
0310300212
2213300100
0222300100
3222301102
3220232011
3213232312
3213132232
2220132013
2221330030
3221320021
2322330010
2313303102
1213300112
2320213102
3320201032
3320203120
3110202232
2110100232
3220201231
1020200230
3020230132
0212300332
3223231132
3322330132
3012300232
0022102232
2023100233
0223122233
0123002233
0331020232
0322303102
3302232032
3022300312
3300232021
0012303322
0222031312
3022330120
0010330122
3000310122
0310001232
0112302232
2312331232
0302301232
0132003232
1213013232
1112033232
3002031232
1133223232
1132233322
3113003232
0122103322
0222100021
0232210202
3330210202
0222332011
3322332211
2322332113
2322333031
1220333031
3320233231
3120333021
0312030322
0332232122
1322032102
0233203102
3203203201
0303203221
0320300121
0120330012
0322033021
0220030311
3220230301
3220003101
1222000311
0120323302
0120333231
3220030110
2223100110
0123003012
0122232002
0122331022
0322232312
0310232212
3320202211
3321200221
0303232012
0300223312
3331203322
2031201322
2331203002
2233123000
0220312000
2320312300
2320203301
2301030012
2321230102
3223130200
2223213001
0223132102
0322322123
0323202112
2323213312
2022013312
2022033013
2013001302
2011013022
2120130021
2011200202
2131200223
2132232023
1331000202
0333102202
2233102003
3233102323
3233102200
3332322200
0232322000
3231032002
1133002002
1131020022
2223112300
0220102300
0232202300
2100202300
3332332012
2302312012
3302320012
3000220012
3330220021
2330212021
3312220322
3002221022
3030212122
1303312122
3212223032
2301011022
2313120202
2013100212
1213202032
2013202132
3033202102
3203002101
3201002112
3302012212
3300012102
0002022112
0020022103
1000222102
2330122102
1233312102
1330332102
1330322020
3103322020
3201332020
0123322021
3100302012
3203332011
3223320111
3232332031
3332302132
3232301332
3212332213
3122332123
2212232033
3212233321
1332002032
1331202022
1333122322
3332220032
2332032010
2212332010
0232002010
0132332020
2023123210
1212330312
1022330302
1222313002
1232203012
1232220332
1332203332
0201203332
2032203112
1332200212
0230223112
1132230202
1332320002
2132310202
1112300202
2122303201
1222032031
1233302031
1233230211
0122303032
1222103032
3222100132
2022100102
0222120302
0221200012
0021201022
2231201032
0231230122
1222030303
3222033010
3022203200
3221003230
3222333130
3210333120
1222031230
3012002020
3010002312
2110012302
0122033230
1120303323
1220300301
0130203223
0222330310
0122320312
2221023013
0223103023
1323123223
0323020123
0321030223
0212033023
2120231023
3210232102
2120220001
2122300011
2232230011
2232210233
3122302021
3111332022
1123020021
1323320121
1322000121
1220203011
1023330132
0233200231
0332022233
0332002123
0120003123
2120023110
3222001110
3232022110
3232122032
3233322130
1231022032
1213022230
2130002310
2022200110
0220220110
0232220210
3232200211
2322200311
2213203311
0333202210
0333022201
0300230112
0200232111
2030022111
1023022000
2232312100
2231022103
2232320101
2221300101
2232100123
2223110023
0323230210
3232301020
1323001020
2310301020
0222011020
0223201000
0223230013
0233202013
3231202012
0233321211
3233323311
2002332013
2100332313
2230031313
2232012310
2102012200
3222331000
2122233001
3320322001
2332023001
2233221001
2133022003
2333011023
2332031323
1002032323
2032031302
1332031212
1323103212
1302022312
1303022023
0232230323
0033210322
2332103020
1303103322
1333202323
1333023021
1322203021
3212033211
3122000211
0221003211
3320001201
1133030223
2103302100
2103202231
2310120223
2110332000
2120333130
2323233130
2201233030
2201013021
0201022021
0021002023
0221302123
0222133012
0231102322
3232102021
0221103232
0201201202
0202102012
1232302003
1222300033
1231002021
1023102223
1103302323
1233003011
1123003211
2133203211
2232103201
2132200231
2332202011
2312002033
2321032003
2203102011
2033001201
3232232311
3332233021
3233231023
3233310021
3032320021
3132022021
1320230203
1322003203
1323033201
1323203200
2323001001
2123202301
2212023031
2312001021
2201002311
2201123032
2201222003
2201320033
2300132203
2300122000
3320012203
3122232203
2022210203
2332220303
2322001303
0122000203
0120300213
0213330213
0022330213
1103002230
1123032231
1022302231
0112333221
0110310222
0113300220
2113303230
3123323230
3123200230
2112333210
2312303200
2330213200
3220213210
3230213020
3021303220
2322213230
3120003210
3120232210
3002232200
3122032300
0212232200
2212012000
3212032030
0212002003
0322202003
2110203210
2112020200
3110200221
2111302200
3321302200
3213322000
3322001230
3120102223
1213030200
3211230220
3112203220
3132201022
3132132322
3130122022
3130202023
3301020223
2121203023
1221230023
0201200023
2301200323
2302200010
0202320010
0202202033
0022302010
3020202010
0300220210
3310220212
3210220231
3312323212
3211303212
0121230322
3002133022
0002223032
3302233312
3002223323
3203123323
1203022303
1201000323
3223321303
1302203320
1102202020
1202200120
0122200210
0132202312
0102023332
0302023321
2302023310
2102203330
1102303332
2231023300
1202023330
1203002310
2202013303
1220202331
1230032331
1230312321
0230302011
1203023001
1223020101
1200020331
0200203311
2200100331
2300220331
2233010331
2300203011
1303200021
2100023301
1302003012
3020011212
3020301012
1300020132
1330020210
3030020211
3022320211
1023020211
1032002112
3212320210
1232102302
2103100302
2133000311
2133100200
1330203321
1003020321
1003021212
1003002213
0033002211
2033302311
0032032312
2032102312
0130332312
0232332313
0232331112
0230032110
0030301212
0303012223
1301202223
2120120233
1223120230
1033301223
3133301220
2032301230
2131301232
1332012202
0130022112
0210002111
3210202213
0100032132
0200302131
0230012211
2230122301
2321022301
1320032001
0230102112
2301322120
2032322110
0032300112
0032321122
0032013322
0022001320
2022001311
0232321021
0202311322
0202010320
0232012321
2320231030
0202221320
0102323320
0131303322
0231000321
0332200321
0222310321
1022323021
1122330321
1132301322
3132302323
0232313323
0323201320
1122030201
1022200201
1322320201
1320102021
1032202321
2133102321
1132032321
1132002201
1332322321
1002321322
1030223212
2131001220
1133102232
1333102221
1133002121
2133321210
2330221210
2103022101
2310302001
2110230201
2121330231
0213303231
2022133201
2013030201
1303020201
0323120221
2110300203
3332312221
3032302201
3022332001
0030202201
2033311221
2133312201
2333212231
1203012201
2130102201
0133302231
2133323001
1333120212
1133320032
1231300332
1231000230
1212000231
0212003121
3120002301
2120001330
3020023011
2120100123
2120101032
2130110022
2102120020
0202130020
1212233020
2132201320
3202201321
0201223321
2130103323
2100133020
1310032020
0233103321
0233100012
0233310312
2330313120
0200313012
0330100122
3310100022
2030102121
2022102001
3021020020
1030201221
1100020211
1030002011
1023002031
1201002231
2120200131
3212002011
3231032211
3031202221
3021002211
2021102200
3023102320
3003132220
0231020200
3212100223
1000212220
1000132221
1330232211
3133032201
0332232203
1333222132
3030332211
3303302121
2331302121
1332301221
2031322201
2031102223
2030211223
2033112202
1032322102
1033322233
0030322213
0032332210
0302331220
0230322103
0203321203
2201301201
2201031210
2231030010
2231332011
2121302001
2303331210
1203031211
2103301211
0203201211
1100331212
2033231200
1033202203
2203331103
2033031123
1201331322
1211332032
1210333203
1221023203
2211032001
2221103203
2211103002
2201311002
2100311202
2130031121
2302331121
2221312003
1210312002
1120310202
1201322203
2122302103
2032032103
2103223210
2030332113
0132302203
0032122202
0030132232
0321032032
2321021032
3323321032
0031202002
2003211232
3032223302
0032223200
0232223303
2332203313
2331232213
0331332223
3213323203
1110323223
1100302203
0102202201
0131232202
3133102122
3133202233
1031202232
1021203223
3221200123
3201201223
3221203003
3211202023
2201132023
1201032012
1201002000
1201030302
1103020302
1212202000
1211320002
3313202020
3312232220
2313202003
3313203223
3131232223
2312133223
2312012203
2331322000
2331323230
2312033121
3323201121
3321012220
3211002210
1311002220
3331001223
2103331032
0012202021
0212200102
0112233202
1122333102
2122323313
2133232330
2122331233
2132331012
2132321323
2132320003
0132323002
2132030001
0120122002
0222122003
2232131020
2312132020
2233131012
2323031013
2021032011
1210332011
1221033231
2001002001
2012302011
2010003011
0002002011
2011000211
3013332012
3020320123
3010001223
3210001230
3102201232
3213003123
3332003121
3030200121
1020312012
1000313022
2303313021
1000302123
3323032011
1000320312
1013032002
1312030002
1312001202
1012022200
1212323200
1213323102
2312232001
2302232110
2122320130
1222320103
1222332133
2221323100
2322130120
2210313000
2212310203
2210330313
2211033123
1223321031
0210030123
0201300231
1232323123
1122320023
1332020023
1332230020
3202323313
2201333013
2100333011
0202303011
0202200301
2102303010
1102033020
1302323020
1323122020
1013302020
1020300011
1202322031
1323031032
2323331331
2123031000
1223001003
0210321223
3023021023
0230321230
1230332310
2201232310
2000220310
2203221310
2203121023
2223311013
3230122210
2112232300
3211022302
3331022332
3021321022
3323022133
2012201002
2010230112
2011330002
2131330032
2131332102
2331300312
2132230030
2132100012
2031320023
2332323013
2032333011
2230313031
1332323203
3302323123
0202321123
0212220023
0211130022
0232130032
0231332332
2012020003
2022331003
2213010003
2012022010
1322022013
0210130212
2111330021
3011330322
0323222033
2310332013
2010032310
2310132312
2111323032
2111020023
2112130002
2112303123
2001022300
2001122002
3033122002
3312200023
3010202200
0032022100
1332022300
1032023320
1322322100
1022202100
1333222000
0313322200
0310322302
0313001220
3313302210
1321330212
2321331021
1321030020
3130100220
3211300200
3311002002
0301022002
3321023002
0010202302
3021202312
3121002012
3321202102
3122203102
3202103302
2332112002
0332130202
2302130302
2322130003
2302320301
0002320201
0202310200
1300130202
1300200231
3102323200
1100321220
1120223320
2232310311
2032310320
2232130300
3232132000
1231333020
1232300010
1323002313
2133200010
2133310023
2213331300
1132000320
1103222320
1321022320
1121002302
1122301002
1003222312
1013233212
3010201212
3012201322
1010332112
1133203320
1203220330
1203103020
2233213330
1132032000
2213133030
2221331301
1220021301
1213322301
3013302321
0010032321
0013323202
0213223012
0202123312
1201200312
1212200323
2012200300
2322103300
1321333002
2312203030
2012203213
2221203130
2321233033
1212003030
2212321030
2112320010
3021203032
3012233002
1230223300
2332231000
1230113322
1233123012
2232123313
2232321133
2131223323
2133013320
2203010310
2031123022
1233133323
1223233303
1033123221
1002023211
1000333211
2330333111
2233313111
0223313121
2203113312
2103313302
1133323211
1132023312
0302333112
0231333012
0233233011
0232203031
2002323031
2103232311
2101233312
2201213302
2131220302
2132123332
2131130322
2202210331
2102232031
3132232231
2202133311
1202100321
1202223301
1202230213
1201203021
2202231013
1221020031
2232120031
2211200301
0213202303
2032230301
1232330301
1332332001
2331303201
1032303312
1012133322
1022233300
3331333212
3330130212
3033310212
3322102012
3320102230
3322202110
3302230210
3212230300
2112333003
3132230332
1321030332
2121030300
3132321232
0232221233
3332223233
1322323033
3331123222
2132220310
3230220310
0231220312
3132202030
1232202130
2131102020
0233222110
3202312120
3032220112
3222102310
0122102020
3032323231
2130321231
0032313202
3332213212
0332323132
2033313102
3331031022
2003310201
2033120203
2000301011
2001030321
2032202131
2302201231
2032213021
3032312020
3031230202
3130331202
3132033012
3130020012
2131012002
3030012012
1103033012
1110302312
1103300312
1133220312
1203220011
3202220311
3102223012
3132223321
3133233312
0133232112
3323202331
3323213320
3303210220
3003200211
3013220221
3013200012
3132023211
2313201321
2310201201
3312202201
2002012003
0332033211
1322032311
3002003112
3001030212
2001320211
2001333231
2301320010
2303220130
2330320131
2333203101
2303100201
2332301031
3322200031
2321301231
2020311201
2030312001
3222100303
2323210030
3122003001
3322013020
2323133001
2113033001
2000130312
0003103212
0002323213
2100010112
2332310121
2301003102
2023201011
3202110322
2022311032
1020013032
2303231233
0200231233
1201232230
2311232200
2321222330
2221012330
3221332330
0221222030
1323223330
1220223130
1312202230
1332332230
3232312330
2213312310
3231203233
2332103233
1332132223
2332231132
2322201130
2230131132
1223023113
1223203131
1233201132
3231023112
3232333113
1030033112
1030331232
1232331120
1202331132
1202313321
0202312213
1012332321
2301233211
3102233211
3102232120
3121202320
1121332320
1031232220
1312033320
1302333210
2332303110
2313322110
2313223123
1322333111
1321203312
1212030120
1103120220
3202331211
3202331323
3222313123
3202313112
2202013110
3130333112
2030313312
2130323310
2120312010
2100132210
2130230331
3120313212
3133313232
3120223201
3103023312
3320013312
3203020110
2003320110
1202310012
1002210022
0002321002
0002230102
1102230012
0102231322
0102030312
0120202030
1123222030
1232220013
1232210320
1020221020
1133230230
1133232120
1032322030
1302302010
1121203002
1122300300
1122202330
1022312320
2022110020
2002120210
2032100211
0032100220
1231300211
2031300210
2131301021
0232313211
0322312210
0022301211
0122002311
0020302311
0222323101
0302223211
0210302301
0220331001
0320232031
0202323130
0213232030
0320022313
0200023113
0310212322
1312232332
0313302312
0303220231
0122230231
0002220233
1102220323
2102230303
2102213032
0100230321
3200210323
2121100320
2211100230
1221010320
1212310020
2112013020
1122130020
1122333030
1122023010
2111003000
3121003020
1201100232
1021310022
1300100223
1100300210
1010030012
0102330210
1032030210
1112000210
2132010210
0102022210
0310202121
0303222121
0230221321
2130330110
2231010120
2331330120
0232132120
3230113212
2021132320
2310122320
1331300223
1331320122
1332030132
1332230233
1333233231
2110200011
1210020011
2321020011
2302100112
2312000103
3211020012
1232310132
0303313212
0130323321
0130223032
3203100120
1012302210
2021302110
3101200212
0101032212
0102232213
2132132233
3112032312
2100200313
1030130022
3103313022
3003120223
3100110222
3102100122
3002230123
3102203023
3202000113
3200202133
2030130120
3030133122
3222021013
0220301013
2320301313
2301303213
2221303113
3320302113
1212303213
0212322013
1302322003
1321302321
1320202101
1320212302
1222123300
1322303310
1323323010
0032322301
0230330111
0130303211
2103032133
0130320210
2130310211
1202330111
1002320121
3302220121
1302330231
1002300132
3022130221
0032132221
1012330211
1010200211
1013022021
1022230011
2021130012
1010321022
0030103221
1030023201
1021032201
1311032232
0230023101
0232020111
0322020001
2023220113
1323200111
1303003121
1321200210
2312100210
1221000110
1021000200
1323003110
2323310310
1323330311
1322130312
1233310230
1203210210
1203233310
1132233210
1211100020
2232133110
2102103120
1200333110
2200133133
2001302233
1031302200
3331301202
0213022011
0210122020
1211203200
1121200203
2112001203
3112000302
1002020203
0002020123
3002013223
1201033200
1201130220
1302133221
1332131022
3202132201
0202132132
2201332131
0233232133
1202122000
2213230131
3202230130
0201030132
0203210112
2030321010
3233321010
2333021310
0313022320
0112022020
3013022203
1231301012
1131003212
1101023220
1121320200
1112322000
3123220120
0133220320
0123200121
1231030121
3223130121
0100200120
0200133120
1122323301
1322003331
1012003302
0012000201
0321300201
0013302201
3033321201
0003122200
3221100201
3203323101
3201322300
2033223111
3033223213
3322232131
3221321332
3231232132
2001232132
3221022130
0231022330
1021002132
1120031321
0121032021
1132000111
1132020102
1132302011
1122200013
0112220002
1312223002
1201023102
2311302132
3311130222
3201133221
1132320231
1313332121
3031332021
2031012021
2031323121
2031022033
2031232030
2231033130
3133303121
3132103221
2321032131
3321032112
2331331112
1332331332
1122031332
2231301123
2211303303
1211000300
1211330201
3212333001
3322233301
3221033301
3213032301
0222103330
3322313302
3313313322
1311323022
1311030122
1213330331
2213031033
2231031231
0231230230
3232130233
3132330201
1313232201
1313300201
1313000321
1123000331
1313321220
3312021220
3322023100
0021023200
0031023223
0021022120
1031313222
0030220120
0031223122
0003223123
0333213223
0313212220
0333201312
3013321212
3213301302
2113300301
2112331302
3112322332
3112332102
0112032201
1123303001
0222301303
1022200333
1221303330
1221301200
1102202233
1202012233
0202103233
0011232322
0021233320
3312333231
3132322033
1113322023
2012321023
3201330213
3001213222
3131030232
1313023032
1013322132
2313332133
0131030220
0231003120
0133032123
0132012223
0020122201
0020312121
1013303012
2033031011
1013203332
1332030011
2213310011
2313320031
2333122033
2103220033
3100220233
2010320013
2333101203
0223021033
0323321233
3330321102
2313313211
2313023301
3121333211
2231100102
2232112030
2231330103
0230310102
2201110320
2311010220
2321313210
2231110200
1233133200
1331032023
2031001023
2322101023
2321101002
3121010022
2320103010
2211030311
2012233311
2312223331
1212203331
2122130331
1222301331
3212302131
3212320333
3122020033
0122032033
1121320332
1101323232
2121300333
2122102033
2101000233
2132300133
1121302233
2131302033
2121332013
0021302332
1132002333
1121303210
1231303203
2011003203
2011203012
2010103302
0213001203
2100020133
2002102030
2002210120
2200210113
1202220133
0023120020
3131200020
2133010233
1130300132
3122330031
3222133033
3222132331
2021303331
3322013233
2112320331
1211230332
1001230122
1100230023
1300230120
2001203121
1002200111
2020010111
3020220111
2320210110
3322210120
3323210211
2212313301
1122300131
0112230021
2112330101
2010300101
2110303031
0211033002
0211030320
2320100031
2333100011
2333010110
2331001211
2310013112
1302000110
1120200110
1122330110
1022301120
1030203120
1032213220
1000201112
1002013122
1002231223
1100033123
1032220123
2003110122
2013310112
2312310312
3322320313
1020100112
1020321102
1020021110
1023102102
1123210002
1030103202
3101003202
2100103203
0101003223
2101203201
3030101022
2103103112
1230303101
2030331101
2010132102
2011332123
0321332121
0032333121
2032033131
0223033131
1323133121
2012030031
2031032331
1212333131
0132330132
2113220203
2312330130
0310332132
0313032231
3311032221
3331332231
3230310231
0311030202
3210132321
3010122322
3010032120
3010102221
3111003221
0310233321
0213233301
0221320330
3022032130
1323032130
2310032100
2111033102
2101033121
1102303121
1201003111
2132031213
3022031203
0021332203
2132132310
2111233230
2211230100
3221123200
0113223220
1123233311
1110333121
2123313311
1213313312
3122230311
3020233311
2020130301
2020301103
1320330101
0203230101
1103330201
1002331020
3123223000
2123313030
1123023033
2313323313
2113133312
2110213332
3023213332
0023233102
2110313012
2120313123
2131233120
2123103303
2121313320
2130313230
0133313220
0131320020
2131020030
2131320011
3313013220
3313101222
3301303221
3113033321
3113303312
0113303021
3213200331
1113200231
1121300123
1121033120
1101002120
0223100301
1223132301
0212220331
0210230031
1102320030
1020232033
1012232203
1003223203
2013232333
2211132330
2101323330
3210103332
1201323000
1002223000
0022330101
2111320233
1302230001
0012232231
3122301231
0020223331
0023123032
1002232330
2023201303
1013201202
1021330121
2022331131
1322301213
2212201303
2121013200
2012231320
2012003130
2210021130
0012200230
0121300230
0123320010
0123013020
1021332000
1321002030
3122000130
3113020020
3113323002
3113012322
3113032023
3110303201
1113223302
1213222333
1211302323
1212331023
1122001023
0112300023
3212312323
3112310322
3102303213
3122003313
0122333013
2102310021
2202313131
0132330011
3313230021
3313330211
3313310202
3113313221
3103230231
0102130221
0013220200
1113320210
3123301023
3223301130
3310003211
3310030112
1121030011
3113302203
3111323220
3103212202
1130320121
1030331021
1310303021
1211303120
0211013220
1011303221
1001300201
1002302301
1321303023
1123320303
1312330203
0322310203
3321300213
3321003132
3211330023
1312302123
1312031223
1312313220
2321031123
1021303112
1011002012
2011302003
2111202030
2110222330
2102123230
1232123233
1233100233
0230120233
3233220133
3133020123
3313220233
1310302233
3130310223
1003313223
1013023233
1012223230
0312023230
0312323323
0130120221
3133220211
2133220131
3133322111
2313233111
1132332131
1100032111
1130230112
1110233012
1310233302
2310233310
1112333011
3132303311
0113200302
0010100202
1012130202
1312102002
1010102232
0210102231
0310012221
0102322231
3210103200
1210100201
0102332111
3023232111
1203232131
3321232123
3321231322
1320132231
2320110201
2330120001
0320101221
1320133032
3123013302
0123213202
0123231220
2012331213
2310321213
0320121322
2320120303
2323100313
2132312031
0212331231
2101312020
0012312223
0123102201
3123001200
0312333120
0322133200
0011333223
2313231120
0322231120
1313233323
3123002111
1231132320
1331033321
2301132321
1001132022
1001222020
3033222010
1003322010
2033312013
2103312213
0033122320
0333221020
0331002102
2131000100
2032122013
3032202013
2010102213
2212123003
3210023001
3310020201
3310320321
3110103212
3113000213
3103203132
2310300113
1310320112
2310130211
0230200113
0302202111
3332331321
0332232331
0022021102
2022021133
2332001133
1132001132
1132312302
1130302301
1323131202
1322031000
0323131122
2333131332
2333031131
3332031120
2212031100
3212003100
3312033102
3312203112
3312233203
0122303111
0102203112
0203203110
0012031122
0010003112
0112000112
0212001132
0312202132
1312310232
0121000332
0321200233
0122201332
0111200232
0121100223
2003233113
1003200123
1023300113
0023332113
0223321113
1203030113
1230320133
1303203213
2033103213
3323221213
3320103213
1101320321
1001302320
1001332332
2031332310
2031212320
2123221333
1123201323
1113100223
1113330233
1213000133
1002002133
1013310221
1211001332
2113102233
2223101133
0113002032
3213331233
2013331230
3112330230
2331331233
1213201233
3132001233
0132002031
2131002131
1210031231
1100332031
1100223021
1100322300
2113223031
1320223311
1102203311
0010231221
3311001212
3332101212
0332001210
0312201223
1033201020
1333221012
0320010321
0331131222
0232101223
0212102323
0222131023
0222102133
0222312103
0023202133
0023221312
1023203313
3123203310
3120203331
1102033301
1201303301
3020212321
1300022301
0120201321
0120020111
0120223011
3123213021
2312323101
3302332101
2332132101
2001132201
2300102301
2001233001
2131303111
2130100111
1301302112
0023021121
0323223313
0012223312
0212003310
0212323311
2031003311
2011033301
3211023321
3310213221
3021223021
2021223310
0211313322
2001223303
1301323302
2331013302
2031020301
2331030101
3332330111
1332320310
0332322111
0323230131
0023130201
0023031210
0023132230
0023213023
0003321021
0013033121
0213000101
0013200321
0113210022
0323210302
0223221301
0333021321
0331321221
0320221231
1313213202
2333110302
2033132301
1003232001
0033232311
1033202111
1033320011
0003232110
1120123200
3110023200
1120030100
2110020101
2000210001
2113030103
3113330123
3113230320
0113233023
3123100323
3213310032
2013010032
2013020310
2023010013
1003010012
2013003113
0013002123
1013030213
3211030233
1021330233
3021020233
2013320133
0010320231
0211220233
0112020231
0012013221
0011322232
0111322002
0111023202
0011020002
0211310202
0022110202
0013110222
0103100232
2103113232
0303102021
0333112122
0311102022
0121102032
1102102032
1102013202
1202213203
1122313203
1122103233
2112013233
0110012232
2302113202
2001001332
0100123212
3110223312
3000222313
3002322310
3332223310
3221223010
1211223330
1201032333
2210301333
2201001033
1223010333
2301001203
2303001311
2302231311
2332120311
2321320113
0333220311
2002031310
1210303310
1211032310
3213212002
3313212232
3202312003
2021120323
3021222323
0221201323
2021210332
0022310332
0002012032
0022212230
0022231132
0022033110
2003212330
1203312330
1123312230
2120012130
0212312230
0212213320
3020231230
3020232103
0212120200
0213102210
0212301210
0213311232
0202231110
1210223010
2012313231
2013313203
3012312202
2123231310
3122331210
3112030121
1020230310
1031232312
0213321312
1033232013
1030233011
1332223011
1333220031
2331200331
2231102331
2101003331
3201302331
1203001331
2311230231
1331230302
0133322013
0030323111
0032023011
0010223211
0021023112
0321233112
0211330112
0210300110
1210330130
1213033313
1213123023
1201330310
0210100121
3210230111
1210001311
0210333101
0210331200
0213133320
0223313310
0233311320
0200312310
0232122310
0202212010
3223212010
0200331311
0003312210
0202021311
3002331312
0120313200
0203312111
0033322131
2211013310
2301012210
1301032211
0300322101
3000322011
1300222011
3102202011
1020201213
1303022111
1300100012
1312022001
1303323311
1023312123
3023312233
1023231231
3032231211
1023323130
1023013200
1033032101
1032020031
0032031021
3020310021
3102032001
3302022031
3002301021
3023212201
3023221102
2023012101
0003012321
3023013321
0022123321
3021033123
2021333103
1202133123
3022303113
0221331213
0003113220
1321023123
1022023101
1022010231
2013123321
1033313321
3001323321
2010313323
3300301211
0100301201
3212030313
0033131322
0032201323
0033301121
0001301322
0003121122
0013221223
0013220112
3113222323
2113120323
2013131223
3103322301
3303312201
3323112223
1001312202
2002311102
3100312200
3130312320
3023312310
3103102002
0113203233
0113132223
0313133022
0133133202
1131033002
0313213122
0313222102
0113202120
0013320120
0023100123
0233130123
0313230123
0213221230
0213210201
0233110020
0022200103
0022210012
3022010112
3222010011
2122010031
0002010021
0002230311
0001232211
0003212233
2001012231
2003212011
2002012311
2313012011
2301222031
3301220320
3302223001
0003201132
0003020111
0100320011
2300010011
2322010101
2332012131
1332021231
2332102113
2301120021
1300230311
1002333101
1022233131
1222103313
3302310321
3033201321
1003301321
1300301312
1330301210
1003210320
1213231320
1210232313
1213232103
1233210123
1210233033
3213233010
3033021312
0033123312
3003223311
3003222031
0032232130
1003202130
3003221320
1303221321
2003231331
2002131021
0012310212
0002231121
0002131212
0020221113
2003132111
2003301131
0002032131
0202031031
2002201333
3000213021
1232233101
1033223310
1120233101
1020213201
1230213231
1230321011
2303122311
3301322211
0021213232
2311332311
1113032311
0231322311
0031320012
0032120332
0200132301
0001233012
1002233313
0030231012
0102310122
0101300021
0122210323
0132220033
0033120102
0300221323
1033022313
1233212310
0220212313
3220231113
3223123110
1200230103
1220201103
1202031003
2102031030
1030201032
0301220332
0332103312
0322113022
0322011232
0220011231
0200211312
1210210302
3302210302
3220211302
0120231102
1100200301
3203212311
3233122011
3231222313
3033122121
0032122123
0002102203
2003102103
3003102201
3002102121
3102312312
3131322012
3131302230
1231322013
3312322011
0312332031
3322021311
3222031131
3332200113
2312230113
0332122012
0302120002
0331222021
0103222011
0302220313
3301122202
0332313012
0333231102
3232311012
2032011012
3332310210
3331220200
0332120230
1331220321
1031203211
2131032110
1133031112
2102331110
3102031112
3130032011
3332020131
3330222111
1313022213
1133020013
3332221123
3300222103
3303223110
3303122112
1000221123
3003321123
3001021122
2301100032
2302210033
1302210223
1302301323
0302101122
2303101323
0301100322
0301102212
0201012312
0001202230
0100202331
0100102211
1100132312
2110102331
2003311323
2001311220
2031021120
3031222120
3030232131
3230203131
0330203111
0302031102
3122031011
3332001011
3313020011
3023200101
2012203101
3200310311
3202103111
3302100021
3322100111
3303123021
2202101031
2100213311
3223103031
1031200320
3322213132
0322213201
0332331201
2331231201
2132301101
3313200132
3011220232
3303010112
3300023111
3330313211
1330310012
1032120012
1322310011
2132013011
3232213011
0132021012
0132212032
2320311011
2102123001
0202133001
2010210321
0322012011
0302312023
2100312003
1211022003
1101220032
1103312021
3110320211
1130330311
0113202311
3332123023
3323223103
1132231032
1131230021
1133031020
3133001012
3131001122
3031231122
3000231102
3032331102
3000102132
1000231320
1000203101
1230001010
2301202101
0301232302
0301230021
3331230012
1321232301
3322212001
0222123031
1002203031
1302221032
1001202011
1200221031
1231232031
0231230001
0202210003
0332210023
3233012031
3332100231
3311000231
3133100021
2003221101
3002221231
3232221331
2132021331
3010222132
3110232123
1031022210
2031220110
1331022011
0031012212
0031112220
0031031202
1030012302
1031031221
1031301122
2032311123
2302321113
3322321110
0330232113
3302031213
1333230113
0333133112
2133311312
2333210013
0312301112
3303213012
1333213112
1330123122
1330021332
1133022330
0133321302
0130102302
1233021110
1233130010
1232021001
3332321001
3322301301
3322311021
3323313011
2102201301
3320012111
3320123121
3320132301
1320013121
3110023121
0133223121
3012323121
3012032111
3012003311
3323122101
3321220030
1311220020
1313322030
1313222310
1310202311
1313302331
1010002301
1010232300
0302132320
0021032310
0021102321
0002122311
1030132323
2332112323
2301212023
1332100323
3012220213
0312220011
0330220101
0330221203
0130232001
0133220001
1333021203
2133001103
1113003203
1110002030
1110202001
1000201200
1110200102
1120220103
1130223123
3113021223
3110120202
0312122023
2311220001
1031220201
1030321200
1130001200
1130221002
1130222010
1130222331
1133231321
1130231201
3330122233
0330222130
3033011223
3133301132
3133030111
0133021200
0303021210
0002221210
1133011202
0133302110
0103300111
0102302013
0310020213
0001020210
0200130011
3230133311
1230102311
1330102200
1231012200
1331002301
3210012311
0332102001
0302103201
3330102011
2013122001
2013331001
2023103100
2001310302
0133201002
1233101201
0032210211
0332310231
1332303131
3332123111
3230120111
3123010121
1332033113
2322013113
1222013133
1122012030
1232010030
1231020333
1033120323
3203130132
2001000113
3032023113
1320323103
1322231031
0001310232
0001112322
0110120322
0100132023
0201122323
1100122001
1131322001
1303122231
1330312111
1200132030
1230121020
1200012110
1133012210
1303132032
3031132212
1231133312
0313312032
0333110232
0233110211
0203122101
0310322010
0010220010
0211302030
2311332030
0201223033
0312011022
0312310002
0212312001
0232013001
0231013332
0033013112
0233013213
0012212002
0122321001
0022001001
0021331002
0023231001
1031330102
1002132102
1003123002
1001230203
1200120213
1001012223
1231012323
1110132320
2300123313
2000122113
1300123211
3330123201
1003213211
1302132011
1020132311
1001223210
1300122120
1302201210
1302223113
1300322313
1000323113
1101333112
0001323102
0310132002
3013020102
0021322101
1003133201
1002123120
1331223120
1332023130
1002013230
3002133231
1002101232
1322101332
3020313231
3020013102
0020113212
0022213213
2030113211
1020303131
1003031132
0032013210
1003001120
1013001112
0030010121
1330210121
1330010231
1330112232
1100122230
0030011232
0010012200
1020011021
0321021021
0321322003
0021220333
0023122011
0030120011
0302122213
0313123212
0312023111
0332113221
3332133213
3031323210
3031302123
3001302210
3032301213
0132321213
2013301013
1131332123
1311332213
0320313213
0331320213
0331020120
0333123120
0331203132
0233121132
0230123331
0220113201
0221130120
0232231131
0311222032
0111022230
0211123332
0011033312
0011023320
0233031101
0303031121
0230311121
0230111202
0301000121
2030113002
2030221330
2230211331
1030123332
2000113320
0321130002
0030131220
0301330211
0321031211
0101323211
0130031231
0303011202
0212013102
0130001102
3013000111
0133011122
0333011012
0220110312
0113013212
0111302321
0111300211
0312300311
0302311211
0023112120
0302211012
1103100211
1203133111
1210133102
0211331021
0110133122
0110323112
0110022123
0210222133
0110220132
0110222031
0211323123
0311002203
2311002113
0321302313
3213021132
3210023133
0311003321
0012002331
0011001221
0001023231
1002120231
3000121221
2100131321
0103132121
0233132031
3213133112
3023101112
3323113112
0023213111
1123313132
3323101302
3231313002
3231320301
1130313332
1113323330
1013323111
0013223001
1021023311
1201223313
0201023310
1001033213
0010130223
0011331212
1012331012
0012333132
2011333111
2010223110
1013332313
3012302313
3312102213
1020103023
3100010021
3203013011
3202011021
3203311023
1200331013
1200211023
1330231023
3200102013
1303011221
1303130210
0332011121
0230011023
0330121211
2331321311
3331302311
3331203210
3311202321
2311313321
3213120321
2303133131
2310030131
2103031301
3010202031
3020201301
1210231301
1110030301
1113100012
2102011302
2302011120
2120011001
2103010001
2113001011
0113001121
1333012001
1323010031
1301000311
0120021213
0130021320
0123222103
0121223203
0031233213
1131220233
1131033233
1131003023
1130011223
1101301223
3130012121
3132002100
3102002310
1023301310
1133301013
1130331323
0101332323
0231031323
0102001323
0101332200
3231331200
0112332330
0311332320
0012332100
0012323010
0230123010
0130133012
3011032200
3021232300
1130133211
1130130302
1130203031
1230133001
1230210003
1133223003
0211332303
0312133302
0121333001
0111333020
1110330010
0113332010
3133132020
1133132011
0110130020
0110002013
0330131021
0311310221
2330112213
2310310301
0330011213
0330321110
0331220010
0311000210
0112030010
0310010012
0313021002
3130201332
0213023100
0110023010
0110003311
0110031112
0111032000
0201100200
0201010211
0212010213
0210201011
3102310211
3302010201
3300112211
3103012211
3100311221
3100022013
0103021023
2101023003
0310301321
3103021121
3203331131
3113332031
3010332101
2301033110
0010230101
1011233201
1010033101
1010320001
0001220001
0010312320
0101032331
1010001320
1012102320
1323102330
1310023310
1012100021
3112102200
3012002103
3112202331
0230101320
1010013211
1000103210
1200100310
2101000310
2111300110
1300102111
0300102123
2300113121
2001021011
3001032311
0001322013
0011022213
1010203203
1132203303
0010203123
1210203113
1100102102
2301310200
1032310200
1032331203
1032313032
0032111022
1032201102
1032230100
0033111212
1032133230
0012301032
0022101312
0012132012
0012133020
2002133010
2100013010
2000213013
0030212013
2010212233
2101102230
2000132130
1000133132
2001023130
2032013100
1301020230
1102021230
1101031232
1011301232
1101330230
3101132232
3302132233
3301103232
1130202113
2101301312
2201312313
2230111233
0012133211
2000101233
2302211203
0002111223
0100121223
0110021021
2110001131
1120301101
1120013011
1112003101
2112103301
1201200101
0221200131
0121202013
0221020113
0201202113
0101202132
2021102013
1023100010
1120102010
1113202013
1311200011
1312300013
1312232013
1311023201
0131033201
0130010201
1133210201
1203310301
2233110101
0112033031
1312013021
0313203011
1331303011
0311303012
1313230010
0310231020
0310331012
0313310210
0323321310
0132103200
0132203010
0232100130
0221101302
0102000131
0022100331
0023103311
0021330311
1001330011
0021100211
1100231011
1101031021
1303331011
1033310120
1300310213
1333102010
1003132310
1013102312
1013220311
3112020311
0311022311
1311020312
2311020300
1311300302
1311103202
0131120202
0131230211
1130210011
0130212210
1002102110
0121002110
3002100213
0030213311
0102210011
0311231232
0311132201
0201132210
1230131210
1310132210
1313231213
1333231310
0331233311
0331212312
3331112022
0332231013
0312032313
0312020310
0211202310
0331222300
0300122310
0111203312
0101203320
2311120332
0321203331
0311223231
0102220300
1011220302
0011320203
0011300102
0011122302
0322100310
3033210011
0202100313
0220210030
0213213000
0112203300
0112202103
0112023003
0100222003
0100213302
0103223331
0122103003
3032021010
1022321010
3301202010
0302021013
1223213013
0122231010
0320211210
0120213120
0102213210
0130233110
0102033113
0120230130
0130301123
0132231123
0130223313
3132230013
3101230002
0210011210
0210010301
0210112302
0220013130
0221031030
0210012330
0322012330
0130201230
0120103230
3032210230
0321023010
0311232011
0113212332
2113312331
3321212332
1113320131
0113322101
0103132332
0120331332
1120231233
0123131232
0133231203
0133123023
0103121202
1133122203
0303131223
0130312233
0110231213
1102001113
1021032113
1103220113
3100222110
0300201110
0110200310
0100210200
0101202000
0201222100
2102221000
0103221120
0103323110
0101020112
0103022130
0021120312
3002112232
1012312332
0021323313
0022132303
3013132302
0020131302
3113031002
3310031021
1010331302
2010233133
1113233132
1113203030
1112230310
0121220310
1013220030
1110210020
1310220300
1300223100
1103223101
0102233100
3102130200
1101133202
0110101220
0103010120
0100130102
0122133132
0121100102
0111031322
0110331320
0103310321
2121010010
0230101001
2102100101
2131130201
0010001101
0110300131
0021003101
0120012101
0120010233
2120212303
2230113303
2130120300
2100210330
1100010230
2113212000
2102132100
1102231200
1120331300
1202101203
2200101303
1203101312
3120130112
3120233013
3232201003
1103200100
1213220100
2132021100
2103021113
2103201003
2103211020
2032121001
1103031203
0201031203
1133312000
1133321101
2100031100
2330231103
2100231131
1130032130
1110322130
1130323100
1010302100
1100031310
1103033131
1102331311
1103013023
1002031331
1002012101
1113103321
1213123331
1100313001
2101323101
2131321203
2133121320
2113102310
2123132130
2112301310
3212201010
0112321200
0113010200
0110010320
3312300110
1112301230
2201133101
2001320103
3002220100
2121020103
0011202101
0001303111
3001222101
1002221013
1230221313
1231213032
1231230110
1221331010
1233132113
1130321113
1233221103
1103221233
1033210233
1133203133
1032212010
3012230010
1203201113
3021200013
0012200313
1001020013
1001021201
0101020301
0101031002
2000112101
0110220303
1110022313
1213021013
2130130013
2103130310
1221001313
1133021311
1312020113
1331202110
0312012120
0312320100
1202321100
0321330110
0322331103
0220331133
0212330133
0320031131
0212031113
2130331133
2303313113
2020131113
3312301203
1123012013
1033112012
0202130103
1302200103
1102330103
1300201001
2003101001
2003011010
1023011312
0223011311
0203213313
0203120013
2001101012
2001123311
1120012331
1301302031
1000102031
0112100120
2012210013
2013221010
3201322113
2311322103
2311220313
2311203110
2011303310
2311033313
2031230313
2231201313
2311021233
2001221233
0210013313
2312221003
1313221023
3332010123
1333013123
0211021023
0210021303
0211102001
2311103021
0332010311
1231010011
0133010011
0133012301
0221012301
2001212301
0121322331
1123100101
1201320131
1031020111
0112301011
1321001011
0232101311
0102101021
0133301311
0102301331
0023010110
2012010110
0320312331
0320132111
0300212301
2303213301
3200120301
1113022103
0331021112
0333122103
2303123103
0321010230
3231021011
3220121001
3202021000
3203210001
1303212101
3032012001
1013212200
1301232000
1211332100
2011133210
0103133210
3103232103
3123233133
3223210113
3103230110
1321021200
1203121200
1212021300
3201221302
3201212032
2012310030
1212312033
1212013013
3320111232
3322121002
2301313032
3001203102
3101233203
3320221003
3330221301
3010221201
3330112302
0333211230
3231101232
2331221013
3121222003
1112223033
1112200133
2111230013
0112230333
2112100313
2213210313
2133210303
2131010312
0233210100
1332210110
0133021031
0030221031
0103031011
0223131011
0123120311
0123312033
0123331313
0120310001
0322131231
0122312313
0231333131
3023331311
0113123201
0323112231
3233131211
3230121231
3330121032
3300122331
3110323331
3110322303
3111223023
0111322310
0131322303
0130122311
0110312011
1131021302
0203102130
3310223031
3301022313
3323120031
2323111032
2323112013
0003112023
1013212323
1011223323
1013010020
3012210021
3312210231
0133211021
2301210311
0212130311
3212120001
0312130121
0011120021
2011120010
0011320111
2312100131
2313102101
2031210102
2012110302
0012130001
2121210003
1112100332
1212120030
1213120310
0213122313
0113020313
1213210031
1301321021
0310210001
2210110001
0210100013
0231100111
3320210331
1321100231
1322103101
1022120301
1023122331
2323121301
2313130331
2023110311
0331321032
3132120011
3331212201
3233211201
3311223012
3122210010
2122113000
0300310111
0313020131
0211210032
0010121232
2013313010
2021313011
3221301011
3023130011
3213001031
1123201031
0123130031
1332201033
3103001231
3103031210
3103101212
2211301031
2021013003
3022213003
1022310003
1323321003
0123120003
1100021003
1323311321
1333201331
1213301131
3313301231
0331331011
0313100231
0013001311
0013102111
0033021113
0033101011
0131003011
0131300101
0131310212
1313110022
2111001301
0121201001
1212100100
2121031031
1331221001
2331121302
2123210100
1333101002
1130101012
0223111002
0323021100
0323310101
0323211132
0223113132
0103113122
0022121200
3102212230
3122120203
3130120323
3100203113
3113203111
3113201021
3120210102
1100212100
1110013102
1101302101
3201303110
3012230331
3012022033
3001222330
0010210332
0121323033
0221100033
0113003110
0103102010
0200120100
2100120110
3120120210
2331010031
2232211300
3232211323
1233231333
1231210301
1131030331
0111330331
3101030123
3100130213
3100201203
0100201013
3210200103
3112300103
2111203103
0210211203
1210310101
1310010200
1012010102
0012210123
3122103123
1213010110
3210010010
3223010100
2221101030
0201301010
3010020110
3230310110
0232010103
0231310233
2231013101
2123101013
2330101013
1230103013
1202101010
1302011011
2200111010
0211012010
0021012000
0002212300
0022013301
0010012031
0213013031
2031301301
0111013021
0111033111
0112203131
0112103213
0211032131
2011310213
3213203130
0111223301
0031221311
0212313110
0030211320
0033221100
0312001100
3130220100
3233231100
3323331101
2023131101
0213131201
3020131211
1001310112
3001200110
3011000120
3211100011
3121100312
0011200031
0111201020
0101320100
1101203110
0100221101
2130213101
0202101101
0020211011
0010311211
0012021110
0002201100
0002130110
0020011310
0020210100
3220110120
0220121310
0013130312
3101020010
0301121022
1313130112
0113130111
0111200113
0001001213
1110010213
1102010311
1202110001
2310010313
1112010323
1113021320
0011321321
0120103313
0121010311
0110101312
2100101113
2122133103
1112133200
1121330003
1101300013
1101232013
1132231313
1132100213
1132103102
3022123102
0102123102
2021133132
3211320132
3111300032
3102010032
3200110032
3213011012
3110321012
3111323011
3003311012
3003231011
3002312111
3100210111
3130221011
3120101011
3120231000
3210201300
1102010003
1112231003
0112101002
0103110002
2103310103
0110332103
3320110002
3122011002
3332211102
3110010002
3110131022
3110221020
3300221010
3310012332
3310222333
3320212030
3332212033
2102130113
1010120210
2030110230
1100112020
0100112012
0102312030
0202111032
2202111003
0002311010
0120321030
1110103120
2110201100
3211202100
0010011302
2010010103
2010011311
2013021333
1110001303
1311003010
0132133111
0020133131
0303012131
0203311031
0310321031
0302313101
0132312101
1132213001
3110233001
3121230101
3320211101
0332123301
0031233101
3133233101
3023123301
3023122030
3020122110
3113022110
3113320100
3120100100
2113313101
0113313323
3210313111
3020313110
3021320100
3212130110
3010213112
3122013110
3112233113
0122101100
2121331100
1123231100
0311323001
2111321300
0211221300
0313221110
0212210130
0113210110
3102122010
2302121010
3122123013
1123123313
0123102113
0122021130
0222113100
0132121020
0101221010
0120122130
0120112203
0123113223
0112122300
0112322133
0102102330
1323101311
1333133311
1331130211
1332313301
1310321311
0210213131
0310120331
3010120032
1010223131
1120210313
1030010311
1020122013
3021122001
3021132231
3021313122
1102123310
1112103010
0112213013
0012001013
0032011203
1032001313
0112013123
2032211313
0011213011
0200113111
0300011311
2303011031
0310001113
0100011203
1310001031
3300101321
3011220003
3302121312
3103121322
3100221300
3101233010
3201123011
2101103011
1003103011
1201103213
1120132103
3111030001
3111002101
0211301101
0321231101
0321211002
0222110013
0322123113
0011223113
3001123112
0301123121
0001103021
3011033021
3311233121
3321323331
3313123332
0231133023
0121123323
0321120300
0101133032
0320113332
3320123310
0322231333
0122213331
0120113321
1032011321
1033010132
2032311000
3321110322
3120123132
3133123112
2333121113
3230212113
3232121200
2331020133
2231013033
1230013103
0230131013
0231123213
0331103223
1333111223
0323111021
0333121001
0221110203
0001110221
0201211001
0001312001
0301231200
0003131231
0013231332
1020110223
0320110023
2320111323
2102113323
1232113023
2321311302
1323011102
1122031103
1203110231
1103120132
1020213113
1021223100
1221310013
1123130113
1110120013
1112030033
3311203001
1032313111
1132013120
1013233100
1013132120
1013130032
1010130121
1133010100
1203013130
2000101310
0101201311
3100100311
2001100301
0121313012
0123311102
1223311100
0120131110
1113313120
3113103020
3201313320
3100313120
3100301110
1100321132
0013301110
0003311101
0031201010
0231211020
1302211020
0331312010
0231012003
0231132101
0123133100
0123123330
1101233300
0123310130
0113312300
1113102100
2133112010
2133213113
0122110230
0033113201
0333213131
0031313021
0331133231
2132213130
2131231010
1131331210
0231311210
0111031210
3021301121
0313311121
0132031310
0132130301
0012331310
0131223000
3131223102
3123132311
1313210120
0001232103
0132321330
0132311120
0010113121
0213011123
2130012113
0132210113
1032210131
2332110132
1302123132
1013210101
1103211001
1323211010
3322211013
3022201033
0232311033
3232031103
3202221103
3202213300
1320213000
3223211031
3221010030
3320011031
3023001131
3033011102
1030211101
3121330010
3102231101
0132131102
0032103113
0132110312
1130110210
1133310310
0130103101
1013031010
1011033230
0113331301
1001001010
1001101220
1021100120
1131103220
1331301020
1331110220
2133131110
1203131120
1133101123
0133321133
0132023133
3130022133
0133113332
2133133031
2133111002
1133211332
1113213310
2203111301
0333113011
0303110312
3301110212
3011100112
0011102120
0010102310
3310102323
3100321323
0001122110
2331122310
3212123310
3112123302
3012013332
3132113022
3232113102
3230112101
3233103113
3123010310
0030112111
0330112031
2031110011
3231110012
3230311001
0331122132
1331322131
1033211311
1000121311
1200131101
1310021101
1000131002
1213131002
1113031101
1133013031
1023113021
1020112001
1031110232
1003111322
1231031102
1331032100
1332301100
1332013010
3320101020
1031003110
3021001100
1022011100
3321201000
3021101202
3001101211
1321030103
1210103303
1012323303
1032103301
2331133301
0331201301
1333130101
0032130131
0001100132
0031110112
2133130133
2033012133
0032110010
3022103010
0330120113
1320121031
1320101110
1201031123
1130100103
1131110002
0131110021
1133110321
1033110001
0131100013
0131201213
0130212131
0130013132
0310103132
0233011130
0013221131
0111323131
0103313131
1110313231
0110301233
0103212113
0101002103
0011012102
0121001300
0131101201
1131100311
1030100131
2010100130
1131120010
3123321131
0011020130
0111232130
3112321320
3131023320
3121013223
2101013213
2131313132
1131023131
1031323331
1031221332
1002211302
1012213301
0312113232
0330113210
1010231132
1102311023
1102131320
0102111200
0103101301
0233101103
0010310113
3102131223
3103122213
0122113310
3022211320
3121302303
3131222301
3113122032
0213121031
3101102321
3133112231
2310213303
3231001301
1331023313
3311223300
0310013101
0310102100
0300110120
0001210020
0111310120
0011031020
0012231030
3123101120
3123110201
3033120110
0301010102
0001211102
0012221103
1001010001
1010101011
0111010101
2101010131
1031101021
1032101000
1001013020
0201011120
0010321100
0012121320
0021121010
0311321210
0321122230
0321112020
1021123020
3012122230
0312112200
1302102300
2012123100
2011213200
0011212203
0131122233
1131132332
3131323233
3102320133
2102312133
2101333133
3132310100
3132120132
3133120331
3233101331
3130210301
3302201313
3301103311
2330111311
2101102313
3202301133
2123311133
1120021133
1023221133
1103301133
3203101233
0131232033
0111312023
1001100023
3001102302
3032102331
3021010302
3021030131
3002122303
2002121103
2002111230
2011201230
2301221100
1303121102
3301320101
3210321101
2210311103
3200101100
0300111002
1300111021
3010011121
3312012101
1100101231
3323312100
3022112100
1310011120
1000311121
1013101210
1003121110
1301221310
3011022131
0012312131
1010032133
1011002333
1031001233
3111220031
3101023031
3121230033
3111213002
1103201330
2011312031
2010133031
2013101231
2301110231
2031130233
1012103231
0121132301
3112013201
1112013331
1101133321
1211013001
1120131001
1013011201
3112023330
3012233130
1101200333
0101230313
1001230331
1031223033
1100231303
1120013303
1132101331
1100102333
2322011331
0312313331
0013313311
3130013311
3100011301
0110121301
0112113001
0231113311
3321213311
3332213331
3322113210
3021110220
3012120120
3011122020
3011320310
0231130310
3132100310
0121303103
1031310010
0011312110
2011313120
2110131010
2110133113
0010133110
0301013011
0312103031
0130313113
0303131311
0301321301
0301032113
2011031110
2011130101
2021110100
0112310303
2130133100
2113011100
2110131203
0310111201
2010112023
2210113013
3210113021
2120113031
0020101031
3010130231
0011130200
1011023000
1113013000
1203011000
0011123101
0101012300
0013231013
1011132010
3332101320
3302101200
2303131100
0301133102
0311233100
0331213320
0301233123
0301220103
0131230103
0012102033
0211132013
0312130013
2313133013
3210031013
3211031201
0302111321
0302121300
0002213103
0300213113
0302131332
0113123113
2110123130
3313320113
1131201100
2132101130
2113113200
2131313000
2301213000
2311133000
0311031001
2313211001
2010321131
3000123131
2301011101
3000110201
3031100101
3311032010
3331332110
3301001110
3030121112
3001012010
3001031101
3031023101
3031010110
2131310113
3031310201
3131301211
3013312001
3313321301
3010321332
3003110321
3130011032
1130011131
1121001130
1012001131
2120011313
0031001131
3301002131
3301012301
3303130111
3300132110
3030231110
3130211120
0332312130
3303231113
0303221133
3300131012
3301130201
3321310001
3000221130
3003212100
3003211121
3002211311
3031021200
3120311311
3120102131
3110102110
3102012113
3011232110
3012201113
0113211320
0203211300
2130311300
1303021130
2300211300
3002311200
3012310301
0022311300
2021211300
1202311310
0011210300
0023211030
0213111010
0123211013
0120110113
0110110231
1011001123
0312110110
0101021131
0130102133
1011021031
1021011002
1311231002
1021321301
0121031132
1113311302
0103011332
2301211332
1110123032
1103123030
1301133020
1100111302
3021113012
1010012003
1012311001
0112211000
3112213100
3121223130
3123121010
3120031130
3200211131
1000110010
1100110101
1030011013
1000210130
1030120100
2031122100
1031122301
3133122300
1310121010
1310101102
1003110200
1300311010
1303311200
1101331000
1032031130
1033133110
0031133120
3130132331
3023112132
3123212130
3113312132
2312311100
1312331110
1110310003
1120310330
1112010130
1011201301
1031320130
1131303130
1310203130
0113130230
3032321130
3033121230
0031122030
0031121231
3331132200
3331132121
3031121223
3201121020
1032121310
2103121130
1131221030
1211231030
1211311000
1110311200
3310311002
0113131000
0131031100
0131211302
3313201100
3132231300
2312011013
3310201013
3310232130
3311220110
1311323110
1311312020
1011312230
3301230132
3331210111
1312103311
2312113010
3310213010
3310310120
3310101001
3310112012
3110100031
3312110102
3332120103
2311310102
2211310130
2231131100
3201131102
3313110121
3310133011
3313133201
0201131000
2101131001
3101321201
3303121203
3103210013
2003111213
3021221203
3021021113
0031221003
0001021103
3311021102
3211223103
0311023103
0310123233
0101231330
0232131330
3022131110
3321101210
0223131303
0131313301
0121113302
3113130301
3122131302
3110112001
3112133101
3021213101
3212101301
2121231303
3122313131
0312211301
1012112000
1012312103
0101310310
3010110020
0120110300
0310113320
3212011200
3232211130
3222113301
3220113000
3030112200
1223211330
1010121130
0101101110
3101013111
1212101330
3122210133
1010013130
1000213331
1000212303
1001213312
1002112331
2103112031
1002310313
1000130113
1003131023
1103132003
1123331033
3102231033
1011231023
1021231130
2021331330
2201131332
2301203133
2201231133
0211231103
0201211230
0201331130
3001331120
3101032130
0131013230
0121131320
3121131200
3121120301
1121132030
1121133310
3021133111
3102133313
1100313313
1110303133
0211003133
3021133302
2021113301
1211133301
1011333031
1123113301
2211131003
0011131102
1022113332
2022121330
2213121330
3231201330
3231210033
3131220330
0101120030
0101130233
0101121332
1103121331
2032111332
2031011132
2032110113
2013211103
0020211303
0021110030
0021123003
0211313003
0013311023
0010121003
0003121313
0003110131
0221110331
1022121003
0301102331
0012111031
0102111013
0120131033
2031211031
3033211032
0321120131
3022110131
0020120133
0021101113
2020110033
1010310233
1211010103
1321110032
1321133011
1022113013
3002131301
0030111301
0311100301
1301103001
1201133003
1301123012
0301100113
1301120110
1310130100
1321300130
3323110010
3213110210
3203112110
3200112300
3201102030
3303112230
3213112320
3210213330
3003122133
3103133123
3021221331
3001321031
3011210312
0002121033
3321210303
0322113303
3111200303
1001321213
1101021323
1101011100
1301213232
3201310031
3211130030
0211101130
0011101000
3313100311
3130031113
0300311123
0300113231
0321013323
0313101032
0031101332
0031211123
0120211133
0100211030
3000111031
3000113312
0002113313
0002311133
2113231133
3113221331
3301313312
3021013310
3022011030
3011213030
3001211000
0011211130
0013110301
0031311100
0321103013
1031103032
0012012303
0013123130
0013112213
3011023013
3321010013
1312012310
0123011303
0110111032
0113011030
3123311000
0010011133
0011010331
0111010033
0111221033
0311301023
3011301001
1011320033
0013132103
0313012103
3313031110
0331301113
1031231113
1031120213
0001013113
0121133113
0213133133
0322130133
3312130032
0011230133
2110210133
2132211033
0132101033
0331101230
0323101130
0321001133
1321011023
0331113002
2101110332
2001120330
2023113330
2300311130
2310221133
2112011330
2013111320
0012113330
3201123330
1323211203
3130213203
3112221303
3110123003
1310130023
1010100313
1010110132
1012110310
3221110310
3222121030
3223111230
3322111203
3221113023
2231121033
3231123003
3231103320
3032113320
3132123030
3302113032
3303111020
1102111030
3322110033
2312110233
0311123030
2311101010
2031312303
2033111030
1033011230
0020112330
1031102330
3133113001
3131233031
1331031031
1311001003
2331103100
3121103300
3122112330
3012011231
3011011210
3113010331
3111010300
3131103002
0331110100
3331110301
3031120031
3031112102
3132212103
2132113203
2131100303
0333111310
0233112303
2131113310
1103311231
1033311031
3030311131
3233311103
1132311103
3132111301
3102121031
3103111011
3230121303
3210101123
3123131213
3013111022
3233111312
3012111010
3133131032
3031131002
3131331001
2131031003
3131321321
3303113101
3013103102
3013110100
3013102130
0023113103
1203103103
1012031303
0102131303
1122101303
3101132300
3101110102
2001110003
3001113001
3011013100
3301013120
3011301320
3111002330
1013012330
1303101230
3103011320
3101212310
0101211323
3112101023
1311200123
3122011323
3302011310
1213311323
1210113230
3120111320
3110113220
3320131100
3211211003
3220111013
0110112323
3231331013
3321130230
2321123130
3322103130
2321210133
0221213133
0012321333
3023120313
3020113323
1022131323
2103131333
1321101320
1301031320
0032131233
3032131023
3332111000
0130111003
0100113103
1033211003
1031013203
1032132033
3032101103
3221101103
3121202133
3221120133
0311120123
2311123203
1221102333
2210112333
0213110330
0312311030
0131103331
2311211030
3312211032
3123111332
3023111300
2313101300
1133131300
1221131300
1031231300
1131212300
3131211200
3301211210
3203211213
1031133013
0321313100
0111313330
3011131220
3031133321
3011313211
3021313203
3313112000
1023131030
1022101133
1012120133
1021123233
1211313233
1221133133
0011013233
0201121133
0031110323
3033111013
3022112313
3013133213
2321113313
3011103230
3012130323
2012132133
2302131033
2011131032
3212132103
3111310231
3113311210
1013311213
3000311213
0111313213
3111011020
3113101101
2113121003
3311011011
3311010032
1331011000
3111021032
3121001033
0121012133
0021310133
0312010133
1302011132
0021311231
3013131121
3011131011
2013131311
0321312132
1321012233
1313131021
1013110113
3013310131
0321311311
3113113012
3013112311
1031312311
1021301033
1022311233
3210321033
3230111030
2011103033
2011101323
2010121313
3010231323
3110132030
3111331223
1013101003
3013010123
3010132013
3011212013
3101021213
1011130003
1031110300
1331123000
1331103310
1010113300
1323110300
1313120003
1021130330
0211131331
1311130321
1331110312
1211130313
3030110213
3301101023
1121120033
3132110003
3103120103
1223110103
1213112003
3203113203
2001132333
3011332331
1011031311
0001131323
3231132333
0031212333
1131131023
0331131103
3331121101
3131321110
3211321230
3311321000
3312312300
3113213303
3313221030
3303211331
3201213123
3201010313
3211021310
1320100133
3330101131
3310120130
3312121100
3101121100
3301113200
3131133230
3021121130
3013121113
3302110130
3101100130
3001103123
3003113113
1021131203
1011133123
3111331030
0301213130
1001103130
0101112130
3100112123
0301113023
3021130103
3311100203
0310110103
2101121303
1220111303
0201113303
2310111230
1102112303
1112120303
1302123303
3210110303
3010311230
1330122303
1330110203
1010111203
1311210203
1311303103
1331133203
1312133033
1333113032
0130311331
1133131131
3131131120
1331311201
1332111013
1131310303
1132130333
1310210033
1310110311
1310123113
3301120013
1202121333
1320211130
1331210030
1311200330
1001313100
2201113130
1231213100
1131011310
1313113210
1031113101
2031131131
1231103131
2321313131
1201313113
1312221330
1311122300
1322122333
3101310203
3111012203
3111010113
3101011003
3201112103
3211122033
3311121031
1321102103
1301112203
1130112313
1311102313
1332112100
0331112113
3331132013
1131213013
1101110313
0102110333
1012211033
1010201333
1011121333
1030121033
3301221033
3312102330
0212211333
2010311033
2111301133
2313103133
1033123133
2331110333
2301101330
3111013312
3211013131
3211301113
3231110131
3131011231
3321113231
3212311331
0111311031
1121313031
3011231131
3311101132
3311321312
3312113312
1312213313
3310211311
3332110313
3321133323
3331211321
1331311322
3311331122
0301311320
3011303131
3101312131
3001312323
3001013132
3100113331
3100212333
3302021133
3113001133
3113110033
3013113031
1100110033
1130012033
1201112033
3001110233
3001201133
0301011233
0311011131
1001010133
3301310113
3011330113
3012331133
3012212133
1300012133
1000113233
1103113213
3101132113
3313212113
1101130131
1301101131
0311011300
3201011330
3113101330
3313013132
1011313132
3101331332
1110131332
1310311132
1231011133
1201011031
1101311301
1230011330
1000111330
1301113330
1321013300
1311010333
1311013213
3112123133
3110130133
3111211330
3111231301
1030131331
1300313131
1301131213
1101131103
1313310103
1311312301
2301312330
3331112330
1333121330
1001321330
1001331133
1321332333
1311331300
1311331131
1011311310
3031311332
1311321013
1321221303
1231331330
0112131133
2311131130
3111311100
3103311130
3103113310
3110133310
3311130310
3200131310
0311131312
3131301103
2313311303
3131131311
3131120113
3131112323
3131032313
3111213233
3021012333
1121011333
3131021333
0131013313
1102113133
2131123133
1131110130
1330131130
2333113130
1312113130
3121113103
3331231130
3321331310
3231313130
3321031331
1302011303
1303111033
1303112113
3300111313
1331312033
0331313123
0131121313
1313122133
1312231133
1331212331
1332121133
1301211133
1213213133
1301323133
1331121323
1331331313
3230311313
1320131333
1313132303
1330311233
1330213133
1313111331
1310313013
3132313013
3121311013
3110310313
0311312333
0211311313
0332311313
0323111333
0113111233
3101311123
3113111313
3130113130
3112311233
3322311333
3112031333
3221311133
3213011333
3331311023
3311203313
3031101313
3031213313
3211231313
0131113033
3010111333
0311101333
3310131233
3313311133
3312313103
3011131303
3312131123
3311011123
3310311323
3321131033
3311133133
3331012133
