--- Configuration ---
Max Run:			3
Min GC Content:			0.3
Max GC Content:			0.7
Code Length:			10
Min Codebook Edit Distance:	4
Generation Method:		Custom Method 1
Custom1 Code parameter remainder:	0
Number of Candidates:		79138
Number of Ones in Matrix:	42678580
Number of Code Words:		1031
--- Performance Metrics ---
Number of Threads:		32
Candidate Generation Time:	0.04	seconds
Fill Adjacency List Time:	38.97	seconds
Process Matrix Time:		125.61	seconds
Overall Execution Time:		164.63	seconds
=========================================== 
2220003000
0222000333
0003000222
3330002220
1113330333
3111333000
3330333111
0003331113
3303332223
0300033222
1113332220
3331333220
3222333033
3323331133
0222333111
2232333000
2223303331
3022233000
3322232220
3332221221
2333233222
0333111222
3330123222
3331122211
3330011122
3330331232
3323003322
3332133233
3313332331
3313322212
3111332233
3311212223
3332223313
3322323331
3322201333
1333122233
3331211133
3311121333
3311223322
3311132122
3332112112
3321222132
3221122233
3322110222
3222111332
1322233322
2212223331
3112223233
0111222133
2331322333
3023322333
1223332233
3321310333
3331230332
3331013331
3332122320
3300322332
3233233302
3123222322
3233322321
3121133322
3221233221
3223313222
3312311322
3323323203
3323302230
3330312203
3012333223
3313233023
3132302333
3323330021
3332232002
3033323022
3322313123
3332331310
3132333212
1331333032
1332331122
1233233033
1333032323
3133301322
3113323320
1113223332
1133133223
1303313332
1133310222
1130332322
3230133323
0223233323
0222322322
0133322122
3022332122
3233321112
1333231113
3322230112
3232232213
0212332333
0103332332
0133311333
0333220323
3323213300
1322132232
0322230233
2312232332
2332133321
2122333022
3302133022
2220133222
2223132332
2231331322
0233133232
3232313132
0223330302
3033232132
2233023323
2233212223
0203331222
2232231232
2232331113
2233221133
3223203133
2221231333
1122321333
1322333130
1233313320
2303233313
2130333133
0311333133
2333013133
2111233323
1231113332
1233123122
2332313230
1333230230
1330223330
3231221323
0331131323
3303103232
2333103302
0013133322
2330330022
1330313313
1331132312
1321113323
2223113303
1313133310
1332203132
3221333102
3133213032
3331310212
3323111311
2201123322
2202223223
2233223012
2233320220
3223320032
3323112032
0222311223
3222120323
2223200222
2323320122
3222030022
3320203223
3221032323
3211233032
3032031222
2032221322
3303221022
3123211223
3103113323
2323222023
2213222320
1313223220
1332033202
1310233233
2321033223
0320333213
1232130222
1213322022
0313332002
0032333102
3332303201
0302333231
0330322230
0230330223
0313320233
2132332231
1332322131
1233302132
0323022332
0323321313
0333002202
0313303312
0033222312
0032233221
0303212322
0021332223
2033322211
0331323311
0233323031
0223232211
2133232303
2212302223
2033002322
2032032333
2013332033
2203330023
2313300323
0231333013
3203230232
3020331323
1021323322
2230323202
1303330202
1123232202
2003233032
2200330332
2212033303
3122033313
1212233123
1231233311
0231203322
0232223300
1223223310
3222023212
3232033121
3222312311
1121332331
1232132330
3122230321
0021331332
0321033302
3212003332
3332001302
2300203332
3311003233
1221202332
1220303232
3210231222
2103033302
2132303320
2322300330
2322202231
0321232321
1222320231
2231123231
2232113213
2131130333
2232100332
3231133130
3213330310
2211313302
2013313330
2211003222
3211331123
2313331121
3233102313
2323000233
3232200303
2322331031
2322112313
2023311233
0303131233
2221312023
2202322132
1202303323
1223033112
2023213312
2022313321
2203311312
1320330312
2113303132
2213231311
2133203311
2313033031
2013323123
2113133113
2123313211
0233311211
1323131221
1123132313
3011323313
0022330313
2012233112
1311331212
0303133112
2201333211
0203233131
2023330130
1000333132
2200033230
3103331231
2332312021
2313322130
2300333120
2221303113
0223130133
2223301002
1222001322
0213303221
2211130232
2313121232
1133211321
2223231020
1221332120
1203332300
3233113021
3033113230
3133132210
3131303123
1033032212
0003313212
2103132122
0233131310
3303311102
3223021302
3200313331
2033130231
0030332311
1033223301
2032213303
3233131003
2333110023
3233301200
3213033200
0333232100
2121331220
3222131120
0231132220
2021133230
2230011332
1033201332
0332113310
2313213102
1333120311
0333021231
2133300031
2331200033
2133322000
1333112300
1331202221
2311023330
2113212331
2120213232
3211101322
1312102322
3130112332
3111312321
3111233111
3130231331
3033213111
1310013322
2302131312
2310312312
2230212311
2220023311
2220322300
2332300112
2131313012
2331101132
0310131332
2031131311
2233310101
2323112120
2323011022
3213012122
2233011120
2200031122
2031110322
2210103312
2221013131
2211032133
3021113133
2200311133
2301112233
1213112133
3210212333
2310001333
2302213033
2023023033
1312123133
1023212323
1222022133
1233012231
1230322213
1230003223
1332011233
1322002223
0323012221
3123012212
3030022323
3202122312
3113022231
3313110231
2003302220
3032322200
3023023220
1002332230
2032330210
2303323010
1022323113
1200233212
1320121322
1201313112
3301321321
3100323122
1120031222
2320132112
0132103222
0121312232
0122113233
1213113202
1122123302
0220123330
2122312130
2221021320
1222313200
3223112200
1112233210
2022303202
2022012232
1132022312
2132122032
2133121102
2332121110
0322121132
0121213331
3302021232
2320211330
2330031130
3300231302
3022013302
1020033320
2230312030
2332201203
2130202233
3132211230
0223211230
0221123202
3321011220
1133222110
0123223121
1232310123
2323201301
2231211300
2322103012
3332111000
3322210030
2123221031
1022211331
1303223031
3223211101
1220311022
0321321022
1300311223
1102231223
2110131233
1103023233
3310130223
2110323221
2110220333
1131220331
3031212231
3203211033
3202220330
2220213013
2202101233
2021232131
1201132231
1002122333
1032312033
2002320233
2000222331
2200302231
2320021221
2022231201
2131223021
2133021213
0211320323
2033210030
0032101333
0321203313
1320003133
0332132013
1301321133
1311323201
2020303310
2103213130
3220221130
3200222123
3201322202
3212023023
3220310230
2312032023
2330203020
2301233200
2301220222
2230022121
2230032003
2220102033
2331021023
3302322003
1321222300
2331222010
2121122303
2300102323
2032003023
2003221212
2030101222
1032112220
1230221220
2301302032
0311122302
0030013232
3301232310
0031023223
0022033203
3002231320
3020223202
3321230003
3322031101
3220132103
3301033113
3331120103
3313020313
3330220031
2302022211
2331003211
3112011333
3301221203
3021221033
1312202033
1330002032
0012022233
0001223232
2002122202
0011322330
0012321222
0221222030
0022212213
0031122132
0313122113
0232220212
1031222022
2232220001
2212212003
3032202310
2311231103
2312011131
2032220113
2203122110
3310221113
0312231202
0211231320
0213321300
3210223211
0310222311
2210233100
3310223000
3103223013
3133120131
3303123101
3123123030
2102330303
2122100133
2123320013
3122301113
2122203110
3121221310
3111202313
3221210213
3122130203
1332211011
0331301113
0330102133
3302010133
3032301130
3201300233
3203032031
2320030301
3230003012
3322000311
3320320211
3233020201
3230220102
3131023112
2121320202
2322120200
0032202032
0203232003
0132321203
3113212103
0202202313
0202032221
0232300321
2203001321
0230301312
0200220322
2202202021
3202202200
3321000202
3101232023
2201220131
3220020003
3300012023
2000332021
3200233001
2111332011
2313202011
3131330201
0333200012
3223200010
2113220210
2112200232
0122320220
0020230222
3231302110
3313300111
2321310111
3101322111
0210132213
2013013221
2010033213
2221002210
2200023103
1131022203
0100223303
2120222002
2100221132
2031030132
1031332103
2022200020
2302020030
1220230030
2210230012
2102003221
2202032010
2132012210
3111203220
3211012230
1022022210
1220332011
3221300301
1123302111
2213102201
2012110223
3021302211
3221131011
3221001231
2312002310
2231200120
2211300030
3311130030
2312110032
1232121002
1212330021
1213220130
1212301331
1112220003
1312331003
1022300032
1022322001
1132230012
3123300102
3131200022
3013230002
2021330001
2030231002
2103020022
3001332301
2300123002
3013331011
2001303122
2023100313
0022120033
3201130303
2213111030
2012132103
0211331031
0113132131
0132031132
0112213022
0120330032
0111330122
1113313021
0023310022
3023102023
0323103103
1123103321
3023010331
1203200331
0232030200
0232011303
0223001023
0002320002
1123020221
3112320301
3112032012
3013103213
3110300222
2131100221
0331020122
0233102000
3123032000
1013032330
1013230213
1113302003
3113103002
0113110332
0131302302
0123002303
3120002321
3200103221
1323023100
1302320300
1133203000
1033303011
0123303001
1330023021
1322013020
1321030231
3321103001
3312002001
3110023032
0113003331
1213002311
1203021313
1133000320
2122010320
3121000330
1112303030
1231020032
1211203131
1121301312
1330001311
1010232312
0212012312
0220032130
3112210131
3132102121
1320213111
0231210221
3010230133
3013201231
3002112321
0202121321
0003203123
0010312323
0301032203
0102032033
0302002022
0320200132
3302100213
1300232013
0131000233
0121023230
0310103231
0312200021
0310321131
0302012230
3002012203
2102012123
2102212300
0130202320
0102220123
0003222020
1103122320
1300022310
1131201213
1302201212
0032022301
0032211023
2111200301
2011220203
0012230030
0132200201
3012220011
0112123201
0013312200
2113000121
2130101313
2001212313
2011201330
2220010112
1113013303
1102013331
1130010333
1112110313
3130002103
3310013103
3203000113
1231130113
3230101030
2303001013
1321301030
2112131001
2110032030
1213210011
2231010011
2130321011
1130320103
1110022123
1210210223
1123210020
3210120021
1230110321
0301122121
3030021211
0131213210
1130131211
2301311201
0322112001
2201112002
1303132001
2220110001
1210032201
1000202232
2010002202
1003212131
1010331221
1110311311
3100022130
3100202031
2100310321
2300101211
2030002011
2103001230
1200030311
3000203311
3000123113
3110012111
1003022103
1030203210
1102033103
1310200211
1310302200
1102302120
1303200120
1320120113
1030301123
1030100233
1200120132
1300100222
2110301023
1121100023
1100213023
1001330323
0103013113
0130331120
3103011121
1120221013
1000221121
2000201113
2012001211
0320010031
1132311101
0120312301
1303011301
1102312002
1121021301
2101102331
2010123301
3102112013
1022100211
1202300111
1020031131
2003321101
0002232111
0003102211
0023002131
1102000132
2100120212
2010021312
0101231121
0030003121
0110333101
0311230210
1120300010
0120233010
3120030120
3000300112
3000210032
0002133210
0101333110
1120113210
1202120210
3203013010
2002013012
1002103312
3011033021
3020310121
3021201121
0201103311
0212003011
1212103300
1200111230
2003012001
0030220130
0200321013
0200023020
0200300210
3100210220
3100100123
0100011233
3000132120
0012003220
1101003022
3001121122
1023101122
0201010232
0013120212
0121020312
0103202102
0200112201
0320013200
0020111231
2002021120
1020200103
0202100030
1001220013
0121131130
0122211103
0002113031
0033110301
0131112031
1001120221
1101123001
1300210001
0301213011
1110102011
1310103003
0301210330
0001123300
2000103200
0300111320
1012130320
1201110033
0330101021
0313121001
1032013001
0011210311
1000123030
2101020300
3130110003
2100113011
3101110211
1131113020
1301110302
3031102002
1013010132
2013030010
0010300201
0110010221
1311011021
3001010312
1011200112
3011000131
3111020010
0111001323
0311002013
1021002003
1210102102
2010130111
1010010301
1131003101
1033010200
1033121010
1311310010
2101210010
0221113010
0213100320
3211011013
0110031113
3010003110
3102321100
1103130110
1001301021
0013113003
0200313002
0210211032
0202103102
0020100302
0023131101
1011131013
0001112023
1021131202
1021110310
2020101130
0021000123
1003101003
3003110020
2010113020
0110111303
0103131000
1110110030
1110101120
1100011102
2110010002
2131102100
0113011202
0311013120
3311101200
0121100200
2022110102
1002110130
0202312100
2002300100
1201231000
3201001120
3000101101
0300021100
3032210100
0021213100
2001131100
0213001101
1312001100
0022021000
0120111012
0111201012
3011211000
1010121200
0300110103
0101021003
0100112110
1001211103
3021031110
3110120100
0212200100
0211021210
0001001310
0013101110
