--- Configuration ---
Max Run:			3
Min GC Content:			0.3
Max GC Content:			0.7
Code Length:			12
Min Codebook Edit Distance:	4
Generation Method:		Linear Code
Min Candidate Hamming Distance:	4
Number of Candidates:		12964
Number of Ones in Matrix:	67834
Number of Code Words:		5185
=========================================== 
203100211103
203311122321
302231210003
022201312321
302003322022
230010023322
123222331233
113100300011
032330311331
201222022300
010222012210
223301320233
013021210201
222003100201
212223011233
201320003031
201003323322
110111213313
222330233212
032310132003
023110200231
313311321132
232233213321
213332012221
110033110231
101102302101
032013130103
013222121000
133303022230
212003020310
313321010021
030320121020
133312002322
213313101012
230113233033
232203122232
022212323110
022233133030
202220302001
332231330112
233022133011
332231033201
002223230003
020312233200
003210233220
231322033322
101110201003
123213033132
020123020003
001023212311
133313031130
022203000311
303303311101
102220221103
103221102110
331220322331
233220033230
002200031200
131112033122
233313310200
330120113020
332333113011
002113323313
110203132012
033000112220
331101112220
322231001211
102000311101
112330133112
232221310223
301200322201
300023120133
013221200222
203000122202
213133233222
231333112311
021023201331
310221311011
302001131133
032212311100
201110322101
131133120311
223003311121
302130001012
032130200233
232213030013
113312110223
311033211022
133112311012
333222011122
332223031222
200030122333
222113022032
321320122101
022000133322
011103132100
123322200300
221222332033
003213310230
010320132000
100013002200
100320032100
322322202200
313322230322
222330332333
201223312201
312000233022
011102000233
121112203300
201122301022
110123331311
022333200331
011031222322
302130100133
212012000202
310030022233
103312320001
003113033112
231321011213
311133122323
112111333011
003331013312
300013112333
031110213002
221200100022
323330213331
220011220312
331110330100
033300132211
113320133300
132232303031
132000330131
221201032311
030021033322
021032320302
230020110003
201220033023
112002233313
001332212232
001321322122
312102111000
123000311033
120030012211
323330110022
310100020021
230221133232
132221031113
023330132001
121131200331
123213132013
103111011200
131031000101
213232220001
012330100123
121132020032
313303323111
100223121102
110033011310
113030001110
333102212221
211332033002
131220030030
200032331222
302330011031
331322000313
002223331122
113320032221
011122322020
201123130002
221123220331
122011322033
120332122022
300021333022
202203103202
200010200120
223101132022
211123003133
031220300312
301332032023
033000211133
030122322112
211221230013
001322300013
020003332202
120001112322
020001323121
022200321133
001000211320
002031323122
002332022331
333110311323
001112223311
303321022031
201002211011
010002221101
220032322202
303002100110
000113100302
300010233111
313323100223
312232200122
312002121012
301023032100
232000213033
230013100332
010312010002
303320312130
223332033211
312133011133
033311211010
131110220033
133310211233
212330010010
021220233223
121233033211
103330211303
221010002220
232212300112
231321213021
310003331211
110011120012
011103231213
321130222131
032301112111
011000223330
112202223330
200111001112
002102000112
022001001011
020211023111
022231221000
323111310121
300012323313
331001023313
302233102033
103311203011
001221011223
221101311033
232202212333
010003212313
012210111031
112130123131
110031303320
003231320013
103110022012
002132133233
030320222333
332221222333
012220321003
022011012311
333110113111
313312000310
313200133200
302220133202
311102123331
032031302112
233322210333
331102130311
100021223111
001221213011
111002300103
313331102200
003331112233
302012302130
331113011322
111031211313
111203121100
322300333102
312003310032
310030123312
333003112332
100020311222
120020100030
200012310322
100031230211
202223122302
111333022233
113331012333
121133310133
020230233031
103210002023
311330011310
323330011103
303123023331
212220330011
331001122232
310122111323
113322023102
030123311300
033002002022
323110020020
011000322211
121000132022
232223301100
313301233313
011100213322
010231122100
002000322130
022201213200
231000122011
230002223133
030002131232
103030231332
222111033311
211101033310
302332000312
322331233031
120200030032
000221200103
101131312230
030010133211
321113023332
332211012301
010130333111
113332333111
013012103223
022000331110
223303331110
103330013131
323322310233
113312011302
312132321032
032111313000
001112021123
120233222131
003221131121
100011211311
003213211311
230311333212
201320300322
021330012303
010011311211
103210200211
321121202023
221133031203
321103131113
103002212211
331222131220
322230133122
300112212220
201301213111
203110101110
300312101110
031312111011
033112120211
030321211121
030303122011
033210212210
132130233202
333233233202
003122230332
300312303322
001311310322
003131300022
003110110102
003001001123
030100011022
000311000123
000101300113
100332131002
001123222303
030111332223
300320122033
132212120303
122133120030
301112201332
130001120332
330320002122
020223303321
202202233303
202231120321
321231132001
012233112000
012231200030
131000100032
332200331100
121031032111
213320313111
102013023023
200222332101
120011303210
130011133032
013231110231
213331131231
130113112303
230033222121
231121100311
031313122203
221020030020
133011101303
030111031130
301110113302
213320111323
212200113323
201313211132
223210330333
303311212003
003222311222
012202311220
010010223122
321000220323
002332321022
320332331202
132223323123
032123330123
021203331333
032113302323
202332033323
303122212311
332223130303
120222000211
301211001000
230022101320
220031003020
220303000132
020130011232
232000110320
200022322122
120021133222
200021102221
123221313302
120312103122
221113313010
213220121331
220320201331
100331210220
133302011022
332110001122
001011330313
020213133313
020202311033
212210203330
210222003202
213102030002
221003330302
321133301121
011333011202
221330003311
233313112032
100032111033
103322110033
103122100010
113121011010
111321020210
131201220110
230032211333
201302132333
203021130110
200233011300
002020202111
202032211120
201031201320
002132230120
002232210111
100021322030
000121022300
202203200111
022020211131
201211133110
102012313122
120131312302
131032123111
123211123330
123031211100
132231321100
122211031303
121230312033
121203203223
122203330033
122132311010
112223330103
112223132331
103022233311
000222323113
010222311103
030221221133
020122112330
221031010132
031323213310
311332202201
301132022000
031021222002
301010220003
001112120002
133320120320
033320012230
010333200122
203320022212
133320322112
333210032001
333123200133
333103221033
331323231333
133112210133
003313122010
020333122201
000333131221
201033311122
003320132321
212331122323
010332332211
033020032201
030210022313
330101000213
000202100221
000321032323
030301032213
333211203021
311120210201
121122330021
313211210001
331130311000
231133300100
322333020120
322231302102
022003111213
322003133230
020011132013
000123132102
020013321102
010320033121
332232110211
321113221100
321121000211
012100023221
012223000221
112200030221
300332120010
230003311200
023200233100
232311011322
233303101332
333131000322
222002331221
230020312231
120020302202
000120312201
021001132201
323120012220
323130001120
002122322301
321203212231
322202312233
322231100330
213311213022
322301102122
132301121120
133313332223
331331332231
032231213010
121320133113
102132203111
121112100013
123101110001
130111002101
131130102220
132301020001
113122033121
311131032121
311132010010
102013320330
022031132330
100122033200
213312231113
331221311123
323223111201
101332122110
001102032223
001100122021
101121002223
101100111010
100113230020
310001122300
031300311200
032313312300
103001230320
120311222300
031132322300
133220213021
033022122003
122201022003
320330221000
223112200100
302221100010
020020133001
203020200011
232010301212
320210230112
312012132312
301203102102
012121332220
112313233230
301110210011
013120213001
112102100012
011102202001
301112300213
301200021112
230102213121
313000321011
132112100332
003101130010
030001210010
100010020331
001022023331
310233111200
023321211200
333121112103
020322201000
020001222000
120022212000
233102221210
312330122100
122230122130
122231313110
022130131130
222301131113
222031321110
100022201020
310332211313
310033202130
233300022322
323332000220
130100220221
130123021022
233212010313
232232220133
332112212033
233220330123
232033302223
231313133211
302012001223
220020122013
212333032121
230222010222
202200020212
003123100233
012311310003
232331333131
212202201313
221130013332
031123100020
203020103302
302000201032
300223130110
200023012023
230001300123
230003012113
101322131210
131002010230
001002002231
010200022033
001220220203
101003200220
111323031133
131333031213
001300132002
130333220133
120032300221
202213011023
113320230013
233320300131
111330303011
111203323332
101233323122
100123202220
033022023122
103112231103
032223211033
022033321221
011012122000
311011320320
332300301112
012300330111
322300030211
032310033122
000122101310
332220013313
120022111313
230222111303
332022311300
022011311002
022101130122
311103011002
023332123322
231212332223
223322323202
233312121220
233310233210
123110233200
113331210101
113301121012
032133121011
331332013013
301321300101
101121200011
001003130102
001313200120
001302022200
000313011200
300013211020
021232231200
023002232200
320101331110
020331331310
023011302110
022231320121
202231322113
302211132210
320213111330
222013311333
023311322121
233110322312
202221133021
301032210220
132110313223
131231010122
232303013301
232310123011
233322012101
132323111303
332100113303
023100011303
223102011032
221131020120
132210333212
131100332212
103232133321
021013332010
021003321310
132231123332
222031123322
333022100020
232231000230
333222110003
223003012232
200031212232
120230002232
232232022301
232230330331
233221303331
133030311223
132333003122
222023121301
020131123101
221011233200
022013201200
022002122001
013220031202
233211230010
021332102101
300013310101
331130012313
223300111213
020303011120
303000111233
332001011022
202212123310
212001130112
210003001133
220010011332
220210100230
220223110101
131320303331
131202303100
132212223010
332111230102
333101230310
231031220310
231030213102
102020330001
131100031101
131113000330
311100033133
210030312111
122232230100
120231332333
321231330233
033001222321
030022213021
000231213203
030021132203
000330012231
122031000220
002203310022
120011101022
112210320232
110022031202
222102002120
022200220012
322212200012
133103032213
103023103210
001321120310
200112320330
101030311030
010331310320
010332130023
130331033022
013013130031
010031330311
000113203011
021101201100
000120110033
031201312000
032121321200
301212122010
030100110103
220012101130
103332200020
301030201103
111223302232
101322333022
113112302032
101122020312
111322301032
211130230130
122113303302
102213033000
213302323332
033323131220
013323122200
023322332210
201332203220
203330332201
113313220322
110122203022
311231210322
032331120311
032122303331
203321312313
333111322131
123313300233
330102321031
333020313131
330022132311
330013331131
010323312303
323021312333
301333001231
310132300211
311023000110
001102230011
331102233002
333120222002
231222300023
313101322211
323331022311
031203202202
010322022202
330133122211
330003322231
323303302121
012031012221
000312321301
003313221303
010032213301
111010100312
000101201032
303211222011
333112201121
332331201021
320211302221
302220230111
310223201213
331112220302
313311123300
323331123230
101032300313
330312021001
133310310312
323002210223
023222302202
013102223222
021312220312
021332201212
031222012322
013212012321
012212001233
030023022001
012302123000
010312313311
311323020121
313313330211
013123330011
102333022112
003313023131
123302122113
312033322232
332233321231
332233022122
133322333231
303221311330
323210202223
102112020223
303013322230
131331222302
130211220302
213021102100
023320121301
302121322213
301032113133
331000212333
303121133133
010132322232
010101233022
011320323320
122022130130
012221213330
110211031110
223002322333
023122322233
020131321333
000100131133
032101003013
031110110311
223313223331
211131001110
221231000111
322201033011
223123300033
222132333033
232102131011
221033001211
322033000111
220101302121
220320102022
220300321310
203023323001
120013011220
303201033123
023212231123
202310300213
323200211123
223202130122
222302113022
321302112322
323102123122
230101033222
202131302122
212233301220
201300321222
323201121022
231102301112
231323101011
313331201113
031313221110
331232122120
213221310311
230121311031
013211131331
232132103211
331301201110
313200230113
332320221133
333012231133
231330233133
213030023133
313320023233
333220202033
122210200323
332210120032
301302000223
322310023111
221302323121
231320123120
221003231223
222000122330
220003222331
220022230023
020232323233
303323132233
212100032233
210121100223
021002312102
332103232121
123023213123
132233132011
122203132201
220331320302
120203113022
033203120332
120011000103
201100133033
303111202020
102102132002
103212013300
132203001330
101200030100
113322122023
111333123312
111320013002
011030013302
013210300311
211130133223
211103022033
113123000333
110100031033
210310010333
020111300233
011130122231
002121300230
302022033023
030022011213
000233101233
031302300123
020322300121
203022310213
202110310230
122231010203
132231022213
132213210202
221332210200
232211322023
222032202100
122020222100
220020221300
022102211300
322331031203
223323310010
232333120020
223312311002
223032211012
223131100222
232331030222
223330022132
223331213112
022330121113
223301023120
332223233010
011022213113
111003030002
111033200030
213312033321
113310303332
221133130322
222313032011
223232300110
220311002111
203213002131
213330300211
121131103022
121031133030
012303011333
023301133013
032300121303
123212303033
232223103332
023232113330
223121311310
020313103301
322113312310
123301203331
211230012333
212100133312
212102023110
212322311320
233203131320
233123031330
111322103200
202102011100
002112112333
033311310131
331311313331
321131013111
033320113311
030232113011
003321101133
303113011131
302131331113
321311123113
333213111011
331231100011
330311102011
303311010231
000122000231
230022202033
030013212033
003033220232
033323232133
012333023133
023323002311
233030232321
333033223221
023012023332
230021022330
102322002000
102301203203
332202122011
032322212233
101022010300
103010012000
230130133311
231001313031
211011313311
212013132131
210120133031
223101033103
233131033313
330123232202
320113232012
221203320321
322203321021
202103321001
210332121031
201233200020
202331213020
020311310210
313313033102
133313233302
001133033231
010113132312
010112303332
000111212332
030111233302
302011122233
001121233020
020113113322
003011012223
220330111322
233023001322
303323231120
130233311000
331100222321
112133000121
011300100012
002133100021
322332310021
220333032332
032233303212
332221323212
130312232221
113223222130
300032100021
233300321031
330032121011
230010320031
212221000110
212200012202
003113132033
321032100113
322103200131
221100120013
123210011003
322210013103
222003001320
222301030032
323012001311
200010103233
123000113201
100110010323
022012333133
102223302113
100123101133
002122120133
001212100033
011211011033
002323301130
001223303213
033312233121
000202302013
222020200123
022203202123
021202302121
211302302111
311321332111
201202300113
202233030123
221223103013
222331103313
202133111033
222133102013
232133130003
223320233000
202320031300
202211000300
203103031200
200320313230
203033231220
103323022300
332120330031
233310130103
330113301123
220233301033
012233211313
212333230313
101123211332
122330211231
101031120010
111001120200
210311122000
331123122003
331132300323
220311200323
331013322023
331230133203
333212122203
330302133220
233210302323
223233232223
022233230323
013210102123
100133310001
211100101023
230110310023
033322003113
211222010310
221223200300
211123201301
112301132100
211130032302
111002003210
121130332002
131130300012
312130033002
321120033003
212320003310
212300321103
123021101113
303300131202
303320011223
002220010300
032200010230
202300010200
230002120220
230230012201
212300022210
021000202300
112000222030
123001223300
110013232022
311100132012
100013200032
310020130012
232100322100
031113231133
312323113331
313313231330
311123232330
311120311320
231220311300
310011131000
010003111000
010211103000
021100030120
001110030200
001100023100
002011100210
003211103321
220211230331
220013231031
003011210011
000300121110
030121201102
000102120210
130010100220
103002010023
130013221002
331113110203
031323110003
103023200103
102302122021
120113021232
012013022002
133311323100
122331323102
230311131020
230333101203
233231112203
233221202210
332203212110
302301212211
122312023220
222333112030
220303202300
022310203300
203022013100
222300102301
023030310202
030013010201
130300133111
131301113211
133000121211
100010222103
110101002221
121032010020
231231133020
313231330020
332321313200
133321311300
213330201330
121331311233
102233311213
033023212102
331320213202
332302013122
333002323312
330312322312
323021213212
330112233210
033011132332
131110123320
133131011330
132131103303
132311330012
123323130201
132011013330
123132100330
331211323323
332112111320
330212213221
333022302212
033322201321
330122300131
331133131303
110123133123
110223311320
011123311232
020121233112
131032321323
133033232233
120320322233
130310322023
123003232023
322230032003
232323230033
221321023203
110321033302
322131021220
133103230021
330322013201
033303011201
103123230111
330132212310
330112332331
333032113320
232303211133
022331310133
002231131333
002011001331
310111000133
132121110003
302310030131
302011023312
232001123132
231301131232
230213011230
232023311123
233233301312
233022331223
223303032203
322330200223
311330110231
111313201101
102231201011
023232012211
021232132113
231133201021
011100110031
032110023101
011001311003
011032103100
113033122100
113133211201
110021310020
101000121002
313310011033
131320101103
022113330333
032112133303
233112333031
220322311133
220002211123
122003221131
112000323111
110200312311
120033232112
330233201133
312203201130
333031131211
233301312223
333133110120
330132111003
033113113003
021132013003
011011302303
110312023033
010121313003
110233100212
223321200212
111003131123
112130321303
113103021233
310320213330
002223133310
030223133103
211202130331
011002333132
010033321032
211002322120
010023233213
020032333210
211000232322
210003203301
233222123032
200222130333
133100111203
203212233111
321203010003
221000110001
220011123001
220001233012
012200102331
010123001033
011023022133
330110222133
010030101331
312210133012
030221023301
012102331211
120232013111
202003311013
203013311201
003013102021
013023102231
000311202311
012103100231
031133210033
001122310030
030113323100
010113330120
001333221020
012031113300
012301101131
012233013121
101223033131
103203033212
133322030122
111222032333
121100201323
021021113301
010011210330
003001203311
000122303122
201232130121
020011033132
023010133130
020121332033
022210332233
000120213320
101012022100
100112001000
112220110200
100221332013
101220312313
212232233113
202233232311
322233212300
311223212301
201011022012
201231310222
010112202213
010120122023
002012320113
001220123110
200012112110
001302321113
100330322113
100312011023
000313312113
001032131110
023131212123
022002320233
220022032211
221023210323
222010232323
220301213023
122200213023
200021300013
220021313033
120030210023
220011321233
120013312133
001311211203
300312202203
000312022012
110032022102
020112021011
001322102221
100301222020
000122202003
022212020203
011222100223
110210103223
023210022032
012310121023
012200201022
123100220100
313222002102
012231002202
013300222122
100200221220
110003221322
313001213322
133130022122
132330223221
012302022121
030002232121
031033022213
310203022121
032221002122
222312100322
222130021003
322210211331
102210011131
022010021103
023201200312
010211200313
021320100122
020202012320
232321023122
030222100311
303220120310
230313120303
233320102303
223312012311
323233201212
323302032020
321102003220
232113010022
231232010030
233312020301
233302330312
133112012301
331131120020
133012321000
213321320303
332113320300
130110332000
011033233001
231033033201
213300332011
233310332331
011130320003
011123210313
101123310213
213123321003
211133212001
210113220013
201102221003
110223210201
022102310221
310102332011
202212220003
311133221030
312103320020
310201033202
312001002002
201310233003
213323230101
213223200113
100130233011
220013330110
120101023211
221003033011
101113322013
103123133202
232013020030
102013122102
101310211020
200012211203
322001122113
032201221210
312200322120
301321003212
031212121003
201011123133
201132312322
230123201233
223311232012
221103201231
112231031233
122100332133
122132012303
202130032023
302122300322
332301130132
232301103103
231332121103
221130211100
201323021100
203203213003
203232313130
001131022112
220011022120
030121102211
001101212120
131103211202
213103201022
310123122131
310333222101
003312212111
003112202132
022231122313
220331122130
211230210101
231003001001
203100310022
230331011001
020303110001
033221011030
210032101000
100213210011
000320001131
013000202113
023110002003
231200330200
021310033203
211000333203
110033312003
221110032232
110003122031
020113012203
001321223003
031010120303
013130002133
330020022113
320001002211
203011003231
230111222310
120100212231
200220020131
300020201311
100020113010
102011230132
210032000121
110023002010
110202000321
113023030321
110323022021
110313212013
312010321203
231200033113
120120031103
201200012123
202003012300
002000120302
020031012032
002001210203
302003120210
332023120320
021320001003
313120330103
311320301303
113323313003
210230203013
210020200330
201003020031
003022200320
001022320022
003010322322
100223020023
002232012323
111203020021
300232011123
113232303103
102322301313
132230312312
112021331203
132131200010
103121023000
312310103000
113003110300
032000101332
322000313133
323203332133
312313323303
012330001002
012003031302
010332031102
102033200311
100020012131
012033300211
002033031112
200020030112
000230321130
202023033200
200223002000
223330220300
020332212300
003311230020
030332220310
031023332200
103113303230
111320211230
113110212230
101100212303
132110212302
213210311303
111311311303
111011133100
113101131031
112310211301
132302103011
133232112311
302323121321
302231311122
110010113200
101021230003
031200123020
013110023033
031100200302
310030220001
003022002112
103022031123
103032220011
113002220201
101032102121
213022120031
101303022023
121330322021
203332020231
213111302120
323112130222
333111021222
303112022323
301211203232
321120231231
302102022131
300121202111
200102232111
003100200111
020231002011
020010202112
220200012011
320300110113
230032013101
320312013011
303302120121
023300203112
232300031230
330002311023
332000220002
330022231002
123320211023
331202213033
133202322323
131302232033
230223320323
320332230323
330332303212
100330223032
010033022321
010200220201
301033120321
123302320321
223023231100
222301232200
203221223220
203201303201
201031300201
012131220001
320023230200
300023223220
203002230232
220230222023
122310230331
233102023022
103310230203
103100332001
103033011031
003232100310
003201011100
012001121100
020021203100
221021201000
122000203000
120103230300
122102323210
112212230030
121222310010
112231233001
011220313332
132031133311
232231101311
210231133112
211003311332
130122113311
332212131311
112231130312
212031300120
112323300111
110210301011
320122233000
202012230020
203202123102
210002331032
102032332022
222002230300
321320023020
211223023102
311220230230
121003213200
120123211200
220111210300
203111330130
211101330003
211201310032
021200111030
002112211020
203112110233
012112120323
211002120312
221032133122
112103133200
111212303220
011223230322
001123323222
110211233322
121303130122
123022123022
011332220222
021331322202
231231331212
221001022332
100212322322
103213222320
103133223211
300303222311
303102233211
123102033011
120201300133
121203001011
021000101013
213000110212
030030112311
301011213211
300012121121
033100221121
021012002111
310120001121
112002031121
100023131121
330320301231
310322000221
131122001322
031122230121
031320231221
131223012101
121223121030
032303200121
331232320312
333203201002
333223321023
031130232102
300311022100
133221321312
332322032022
112312200022
112303022302
011323002102
123232223012
223002223212
311200013102
230021123211
333021122111
312113232201
332210322200
232110331200
311333132300
322110132013
221121330133
302113301330
011131212330
021131233300
301011312330
201131033100
303012012331
030310012301
330100231233
230302100211
231203011022
323103011211
101203311322
100101333122
121003312321
102331033231
202101033031
201013330022
321313330002
120010330002
012200300103
301112003100
013122000110
113232000210
113020012210
123132001211
212130202201
012120103200
201333230032
220211133022
202113233220
323211132322
323131032332
232110133032
301113030312
123203323121
103200213111
120303022111
130203222321
130222032201
302232131221
302302331201
302203031312
302333231332
310223300332
300211311201
312301220201
323332202012
132331012201
233111012213
023321112113
202311131233
032033111003
003020211003
032103210102
021230321002
102220320022
102223100321
102300032223
120213100322
121202133322
222021332210
102111002312
101130123210
010130232030
101222303030
022203303002
333232200010
120301033232
323301010111
233021010001
230210033301
230123300312
230322020230
210202022302
121203302302
321212333202
021112133022
302331123302
332311123232
321131211323
201231211303
202321103033
133210122132
133312103203
113112100200
133210023013
331002302131
331030220133
133320021201
313320221001
132323212010
123233210200
323320200031
232220020322
032320001322
030211312212
303211121302
030012122132
020100122113
303100222132
031022200133
113022003133
121301323033
110303201313
331100020113
331212002101
332132031301
133310013001
031112000113
031100301223
001200300222
030312003022
303120100321
103111312113
203111033223
021231110022
001202311101
200113111310
200331131110
201103313330
231103233221
110311302211
113010121131
110301210030
110200213230
010230313120
211203200230
213212300020
211230311020
202112301113
110010311032
201031003112
000310231103
120010231123
111001223113
313002231213
310010201101
313103232013
132122033013
333130132011
333233130111
303313302201
011133001221
101102001212
100100102102
100110111202
010001001202
200121231120
123101213312
200132301230
203101323230
300111331230
031231023113
030212132111
000200212211
302022231211
013301211330
010021222130
030232311223
001002301122
020022320110
032020322000
132330322300
023023220112
222300201012
222020301002
222322033003
222323101330
223330123013
223020213031
223130133030
230013302100
230221331000
002300302101
322013021011
220103010111
122022031011
212012303111
210212332311
212321333211
212301312311
123011331121
232130013013
312013101100
122330013003
312233130023
223201211300
232101210233
231033231033
332013211233
322003230123
023223230131
301223220311
312223220030
231122320012
230130230002
131220232202
113122132000
103112132210
130121131220
130202112220
103102121110
310202110212
310232122012
300023021012
002023022212
300122022212
200232022112
312312211030
313322133031
010302201130
011230201113
003112303013
020033201123
003200220120
310321022310
103211031231
123210213231
023220313121
023301032132
032103113211
031311032001
103201022131
213200100231
122320202131
223302001011
213322001121
001033201011
221132002011
010232100031
003010021031
202030002031
320102111213
132102210321
100102210132
100222310122
210302210122
210120230322
110310230122
231101323023
312101230222
301102212032
031102112332
013132112331
012130312332
012233310232
010101130331
201101100221
001113311022
100313321122
120130321110
201000103021
102010302201
001030322001
213011031221
231130322031
112303321011
021123033111
022311230112
023232311102
020333221112
003301021112
003021020023
130302122232
131011322312
131033011222
310302322032
303212002312
302200112302
003312111202
300220112021
302020123221
002311120221
320003310221
203331103221
033110232221
331112321223
331110033213
230210132220
320021122230
020023212223
302112332122
301212320222
200210311022
312201210213
112012123300
312023133300
321123213300
013121123100
331113213110
231131311223
013123132223
311231113031
233103111311
121331113001
211331213301
110313111300
311101101200
111332110100
012130110100
211013100200
211011010002
201331122002
230001201002
210031022010
202010122010
112113120100
212031201001
211103321320
221121033220
121231123013
131212310200
111233113300
011133100300
311131133000
302213321301
303222333201
302233300201
303213130021
022330020032
310013322111
100013301113
200013222011
010213310111
013231011310
001231200311
023122120001
302331220011
023031222131
032300323131
020231200223
302020321013
322302021132
302230223211
022020310010
210220113000
022210130001
022130030011
002133001100
010300113100
210310313020
322213130113
021301310002
233023100203
233233002001
230200020001
212100230001
221002000203
322200202031
022000230031
320010220131
332302310231
032132310031
332331003213
232300233002
323012302002
223221230200
023210220200
320203300202
321020003011
212030030021
220320003103
220300022003
223203002211
202232300022
123230131022
220202300021
220023100122
230020011122
213200203122
220030232000
221022322010
220310332010
201023100010
102210110010
322113011003
132223020230
122230023011
123231003311
233012303023
201210302130
221002303110
230122232021
123323332033
213323032333
231322330031
310231302311
113102210213
313213102031
332311022313
321320320333
321302013203
223102213200
322131322133
332231231033
332202320223
303220223003
321300301233
122300021203
113220002233
011310012233
322002001103
220003020103
200010301001
200301103310
200200100110
030020101011
033021001013
320211001132
132211003313
112201003033
011320020033
011000120023
132100300123
013210003002
213330003102
031220003001
231320022001
032120011301
322000111301
032002011130
011121300111
121130031311
121000231331
102103000331
302020022300
002100213003
032000202021
022030202231
030301230021
330112031022
032302332212
002330231220
023223133222
321012323221
220132312210
221013121230
301312310230
330332101020
230123102120
202221032100
020223202200
200212201220
002130122110
200322001200
202200222020
220322012220
022331013220
230321103220
232021300200
300113023200
330012302323
330221302031
320220202312
323020022232
320202131222
322031011232
020200102122
020203021132
202020110210
203100112210
220301011211
332110302231
322011333021
022012131301
022122331321
223222313210
212232031321
022213112130
221213232100
223210132101
221220323310
202200323101
202210033112
031212323231
103312122233
032312123320
003230313201
323101202300
312110113023
321131112030
003133311301
103313111021
210033231101
201321333130
201211331322
310011333232
023023022320
202230210220
220213023220
212302330220
212102320203
212233002133
120133000332
223122333221
311223313220
112233323203
012203322032
012210313203
012323030233
011322130231
323121322321
032232132232
301323311222
302310333222
012110333232
011133302132
031113033301
103211130310
333113030101
320311130001
223013100013
320003211300
202311333001
233231310031
223122131013
223220302133
223223023311
322323033220
323330312210
322310320202
030223032022
020213032232
222030312302
220130303133
222133003132
223300313021
213013121023
213113111031
131313111232
313031122231
311311102123
313310110112
031231122032
301021122302
010021020302
101102203020
211032310320
033113210310
211202233022
110120212301
012020230101
111200301203
221030320033
321032203200
221303310333
321211311333
231231230333
122013030003
323200310002
232323032201
323220032211
302200013223
300222002223
033120002213
013320302103
130020330212
131000203321
312223022202
213120303132
021031203312
211311030033
110311100023
103311100302
031210031201
030212231202
003210031012
223131203131
222303021311
203002133121
023013212312
012032232122
023111332102
220321030311
220310233131
200121033312
001121031212
202103022312
032003022322
310001023221
310002100231
313101021102
313120231022
311133023202
311102220022
200330102302
320010123222
322103103222
000331021023
223113031120
222313331302
222322330310
221300332202
012300033202
032003321031
113300013321
113003011221
113021322311
133001310231
223320031232
031331310212
102331330122
123331330010
212330313303
223321301333
233223213133
001331133010
132113331312
132121213310
131231313231
011231232301
022120122230
212201322303
212203030333
212122301303
103122203303
013122303203
021122000303
020013220023
102100220032
131002212002
110032321211
130022321131
101002332113
310110033321
113033221213
103020323113
310322202013
212123233030
021123132030
020211122030
210233320003
101233222003
102133230303
210313230030
231021130303
231030011330
311321130323
231311023013
102323130333
032201320331
332210223321
302312120333
301122233132
313223233122
322213233200
132223222002
213222332220
132220103220
130222133320
211221133300
012213133100
112321113000
102320310030
132003312000
111023213330
010132223313
013032122323
321212232323
103223113233
132210232333
012110232313
131112231310
113222013110
113232101331
112321210313
123203121313
123233311321
122131333121
312221033121
312133312220
131302333112
123331231131
233322311212
233213320212
233213122020
313210120100
313130121031
233133123111
122322312333
120232211323
012031311132
030310311012
201010312113
001233310113
001213230132
200110331013
311033310103
303332310113
303312230132
132312213002
103323321013
011001210122
032330012022
023300100201
102223001200
021233000220
233110120120
103313010100
102311311022
003233133102
032002213302
000230123302
103023002331
133120233010
103003122310
133312200110
302300023231
230232300231
323200013311
332001312331
321232011011
322320110230
013200313011
322011232100
322321321210
322332112213
223212022303
221102232023
223120322102
223130230323
023130023103
023312300010
031233230002
023322130022
023233021003
103112330022
311233102312
002312300122
003233230211
232012013222
230211202321
330311201302
233202201221
332012020213
313102201201
130101011201
333011011230
233101001113
223313021103
201233301101
323233102101
310110231113
031023031113
310233313032
001233211032
000212210232
310032033110
003201312213
100332030123
311101202113
313122022133
311031002133
011032200213
123033200223
231323303223
120333212123
123303212012
330230120311
013320100331
201332100133
101301330013
010013201013
003013201332
313213201322
313220112300
003131201103
001320311330
033120301100
202333101010
230233131211
123312131213
120033131201
003310100121
023102101101
030211011101
202313021031
023302313310
223232201031
321233220031
321323302202
312313020010
312301022033
131201022322
202301122133
202020213103
200202111233
200121132233
002221122033
302202200332
302323222032
030032200321
200322203032
030031020022
020101010220
030101022230
031022103220
302322211220
002013010012
202131001231
201100331201
022010120022
212300220022
001212203320
002012023200
010111220322
001120200232
223211000232
003211200032
133113120032
212311002302
021311303302
203013113033
302012100302
301120121102
312032311020
301201311013
301133312101
321321313121
121321203012
132130130111
131313010313
113111320103
122131131313
021103113130
231100211310
132101131103
130220221310
130102231102
111222331020
321330131201
310133131231
313313132023
131012300223
320133110201
132013301300
310332013121
010132021121
300133200132
111020231201
110233203101
111322002321
213322302232
212202300232
221233011232
221102333102
222102301233
221201230123
122123230023
122022233223
120320223312
222130223231
022211002332
021221103322
201223110033
013223211101
013132211022
131221102303
131011223233
031122032313
013110320320
201311301330
121312110030
012221110023
133111030230
331102031230
312211100200
121013200100
220103111030
223201013132
022201011032
023022011132
133022111032
033001121032
023001311210
030001311131
113220103312
110320101031
031201011313
030103132032
131023103003
130231300323
130212303312
121202230031
112123310132
112200333132
010202033310
012033201330
103133322330
131131333200
103033213203
100322122302
103103112302
103301012123
130303212333
100221233132
120222303102
120233323010
223332330102
221323230312
022313320310
021303200200
023132032220
023320222012
023120232031
032023300131
020131022020
021311202223
202033020100
200230231003
021030230100
202100202011
322211020311
302211231103
302212011200
320223123130
102022123110
302002311230
321002231000
300232312230
300213102310
301202131310
201011321301
200133233103
201201223103
201121323113
211023231313
021323023132
320111021103
231203110103
331233111332
122331121330
212131231013
121031230323
212221303203
221233213000
201223213320
010221333032
202102213332
211233131323
201333133321
223313322210
022310302221
120330133301
203303322130
123301302210
213312132200
231012322200
231311320300
222033033120
122303003332
230330123332
310331233222
031023233321
310121133212
312201311332
301222011331
032312220033
102012212003
112122020033
111231201330
011101220130
130122012230
223021220223
210031220222
011210220013
011002232013
033302022013
031002122320
032032122211
313332021210
323003322110
200333223120
330130302112
033111300112
012130011021
011131010102
331011030013
233013132003
330213220033
302111310013
121123101001
001123121010
000213322101
100012332301
230301221033
332010130011
030110200110
021031001120
132010121003
131021211033
331332211221
313022311232
130023312323
001203322313
320010022303
230310102232
232031212021
203200132221
233200113211
233100032301
133003002201
313003202001
132100102311
120010033311
220100133101
222001313310
120021331010
112010231330
112122323320
312223123323
101231233320
131222021313
312102313232
312130132123
112013213201
210011003110
102021000100
312101133131
032001132120
332013112120
131312122020
332221121020
032021113020
000322212020
133300101220
320032012120
320003112013
301303231203
332332322031
030233120203
332332223110
002332123210
033301202310
202133313201
020031311321
002331101321
003131102210
030333110211
333211302100
303301102010
003132120321
202300111321
103031202120
203332121310
210133201113
203233122110
223020312110
203023222120
303332112321
303320110302
133321113132
013021113112
010331112112
311032121123
010032110012
013002011002
013010211213
031030101203
220330010203
203232010223
032320302031
301232200203
323201020103
203031022331
213131020333
233110223233
231322132203
223113332233
131022031330
013101201313
011102101312
112120031310
111200103031
111000113012
111001021321
211100202330
311201020310
011213000310
120110300010
012111300020
012211320011
012122013002
012320012302
011220010021
012322003021
103232230032
012223303132
003023233132
313200032321
323232030232
320222110322
122013232231
302201323322
312202232322
321022012332
032102021122
302033310222
300223332322
303301300222
303310122102
310333121212
103321132102
313030313211
101333111302
013332102312
133311222021
130120201321
133101122011
130310120211
312030102131
331233212021
312331010233
302301010023
320302101230
320120121030
020100221200
310012311303
100012130133
310022121331
000221103210
200210012331
313021131131
233033311331
130230333131
320312211223
323021011020
230211101032
332022113132
302010212332
003320231032
002021330222
002200233032
233010110132
033130110032
331021103332
003312010323
131232230221
321230101213
323212110213
021311101130
021213021320
323211231031
323332101301
332311321000
231112110020
123311210031
120320120001
100012031012
120211010120
122011021320
102001120121
101020001023
011020101123
120121200123
110101200013
110012300311
101003103133
101103331313
110231313303
221010200012
221302020232
322130012032
223001201323
032230321323
122101002032
130221313023
101302213003
101223132010
210223030010
011223032110
211102213013
212011022333
121102113313
020311211331
132313321331
131303201221
113132020221
211033020221
021130200112
023133001032
231331002113
121300013132
213023012302
100310101221
013111010221
333132022213
320330122313
323310232231
323132212031
320313020203
021102021203
021113203123
110020222313
113030302203
213033203230
311020220213
231110202010
221120202200
222320022320
122232032332
202120322030
111030222101
313022210313
131300322231
133120031222
013313312232
003313320222
010003313232
300333113202
000321133202
002231232020
102323233020
210320321220
002013212220
210233122231
102321323222
120223231231
321221323133
312102212313
311121223013
312122233213
311323222313
310232023133
112310013133
332202023130
332232213102
032220031330
032210201302
032100131320
032131031213
032221301231
003213013123
300321313013
311213022333
302100132333
310202011333
301211302313
313211012233
332121303223
201331023123
021013233131
002210123021
210231230201
221011332321
201030131221
220131033032
220303303221
303213332213
101331302213
220313310121
320201311121
323022033111
020220220331
022010223331
221200203331
102220023331
200230033231
100301323101
100200320301
002000223011
100222013231
210022112300
300123213232
132002321212
303020031212
333002121120
002310012112
102033002123
100030302122
020030021220
220300123122
220010312021
100100201211
120112012020
202110112002
200320111002
321311220200
321311022032
232302121032
020230031203
202002120033
201230121202
213201032102
122210301202
202232201103
120232310202
022302300202
233001130020
102212202020
302223212020
320223220223
230021321023
002312201003
320021320002
333021320323
013330113031
123023011311
333001103011
233311103311
003212323022
033221213202
020032131022
000220130002
001021001200
010102112200
103230122002
112210122000
102001021000
211102110300
020130213000
021302233012
103101200332
001030120233
120310310033
112001310303
120001211031
120003103001
302001030012
311203031033
232033100011
202031233011
231020103111
223001003111
200223301313
203123313013
211303133131
311320103131
302320103210
021320203231
320203201323
201032021023
122102020103
220113300102
220311301202
331132201202
220323021032
120202322002
032202100032
123020033220
123200103222
231200132032
311220032002
112003200101
011011001010
130113211010
201112131010
120311121013
122303102213
223231120213
212032322011
213023113223
110321132223
310220322203
022002221312
121200023120
122002313202
220033113222
100233132202
300202122202
330200211202
101202021223
001220321322
301322021323
001032232203
011023321220
211123300220
021112331210
310330002202
103003320122
302320301022
332213003022
033210010022
003211002200
133321210221
333203102311
333221231221
333231222121
233032322123
330203332212
331323330212
332310312212
033030322212
020323232212
132332232102
032032221102
020122310102
002010133002
301031131002
000131130121
003122133021
032210300223
220120310233
321031023103
303012311022
312030201222
022013300321
122012003211
110220333211
211330022321
331133030222
300110302022
300013013212
330031103120
332031320131
002110301222
023211011220
231201101220
021301112230
310111202301
310122212030
300113122321
311301212130
231121001230
311231012110
112213001010
312211001321
302101101121
330200112111
121000330210
110122001210
110123230230
130112020030
320112300321
013131130200
012303312020
031133113320
013001330220
033201333223
332021333231
330211231310
322233313221
312221330232
321002330121
323013331210
231002230021
211200222301
221032230231
021003022003
221322100213
022312212023
023301331221
023123311021
032232231121
032312321112
330323121132
313023021333
313010130123
313001312203
303130311213
320301321133
120301132313
310303311220
311030233113
310113213022
301313323022
302131133321
021231213331
032232033313
032213223233
221331232331
321332223231
311312223301
322321220331
311332303320
113301323220
113231123200
011211312320
302132111210
001310121302
302322112133
302021110033
333202131103
323232131313
311313210113
131232133132
310112321311
332001110103
032021210333
232111203133
312311031333
332111032330
321313132230
133232013230
030110103203
031103323312
303121032012
301031030123
311031200301
312133110012
122123331102
122113101130
311311003002
313131013302
332131310123
033321120103
331122010330
311012203330
313010233230
201022331030
213023210130
321322331010
310120203313
130020033101
301230013312
031112101032
013111212013
102113211203
113020311103
100201212032
010301120312
013201122031
030113222021
031001302023
100131200203
201311200211
203230100021
200120101021
210331200213
203112312001
101320021012
220233200112
232302020113
223222010103
230220001101
310220021110
010020013110
120320021120
123033002011
233110021001
123031310021
312202131031
302022132102
010221131200
003213112002
001211023023
001013022323
012003130223
030133100232
013311000202
031201110232
032101102132
323101000132
232111302012
023011100322
332011002322
330202103232
133100010322
123103101322
223300010332
133001013122
112300303120
112001013010
201120013012
203112213120
303123122210
331311212210
030310113220
001120301313
102112323130
120111030111
101100010131
001010303101
002021033131
000203331201
200020232320
010223223230
210303223330
200333120233
321013310033
201323223332
213233312332
101003301301
010310001321
011022011321
301121013231
301101133210
010101031210
021103012011
010302300011
100130332130
011301230113
011021330103
011212132023
032213120120
210122320120
201322210120
330112130103
001320012023
032003123203
030213101303
320013101313
312000130331
301201012300
303130012100
331000111020
301310002200
303131322001
011300302220
010310302032
110113000202
230130032230
231011003022
330110020301
330311300223
300130020231
301020010031
133122020101
013331322011
013122101031
301021221011
130001223021
101010132302
100213113302
101002130321
110032123023
312300213013
013302130112
111023110023
111201130223
110131232213
111321323103
103121320313
013313213313
102100321113
121001101230
223110112130
201330111210
210013311120
223100202123
233103010230
231323000130
230203002130
332323001230
233300220110
021333131313
031303131103
103313313213
102032031331
202320233132
300320023112
010210031333
320200322333
102032233103
210002230113
101023122033
301023230332
012321223322
020222033220
031320132132
031323011122
031311331312
033312130232
013112133231
011120131131
003101031131
230030301131
130023110111
011003102112
112010330211
112003103212
130232021101
113330021121
103032321130
003120320130
200103201303
121101030303
002323103302
300231033012
202323310122
203213301222
232131323112
213131323020
213313303220
231213103203
223123102201
022322022011
002323200011
022320330021
122301012011
302230120102
030221320012
301223022123
022301021020
300211210320
002102303201
300102003312
331000313212
223002120101
223230012120
230120120011
223322121030
321233321110
323211330110
222120331010
022210031120
321003101101
332210021113
331210310131
331101013301
322210310210
311221302103
321210120313
033202012001
133221022001
223220100301
222001010003
233200210102
232022120103
202101231203
201212313213
230321200133
203331200132
033231301023
030323200202
302311102202
131311203202
032311202102
300323100102
303210013031
310223102100
130223100132
100022300101
113020210022
010220300220
022012030220
011010032202
011101123223
010131201222
100131301322
221002101322
013103012202
031010021222
000100232220
010232302203
331002001222
033113012122
331212301212
133201300212
332200230021
330023202210
203320220020
200313202020
122031202012
220133220123
211330220113
131323022113
132330021013
103230023123
131301210102
322132201123
312231222013
123232322133
202133010112
210232010102
212321131023
112333010102
113331311020
332330131120
331331031122
331330103211
112310310220
232303112220
202301221220
132133112020
031301120220
312010022110
310101211001
110212013021
112121103023
102113013031
101232013023
102132001323
012201131123
012202210301
022201110113
220131132113
120331100113
022112101313
020212100101
210212130123
230322121311
002202121002
002122021012
101230200132
102202013112
102332213132
302312021212
302303100221
312333100031
313332120331
302120311001
310121230101
101330230120
130132001130
311130203101
210311023121
132103021301
131311302323
133120130303
120302011303
023030112030
023200130213
021012103030
020112120130
021322010320
021322313033
132001303323
032301310323
002310113033
323331321002
223331110201
213330102023
103330310222
103331020323
123203020232
113301020133
130021000313
210010030302
110002010302
102313102133
103212310013
102311210103
103221201203
120331302321
201330313022
221330102230
231300102020
230133010301
231031321231
023313131030
012131321120
101131011123
010123100112
101133101321
101230103221
021300323210
331302322100
333133011001
330130001201
311101000321
310130012221
312023032221
331120203221
333123103220
310010102212
023100110222
021101102213
211003210213
103011021212
123001021132
123020231012
101230002300
101320223220
120330032220
103202202232
102232120233
002302212303
330020321200
132322023030
230223023030
132122330300
112132330020
123102330302
120323300302
222332020303
211233030202
113303233022
013133323311
013032320111
330020123032
330102022322
023010230223
002301230232
032020120232
202322020023
230231021013
203202220211
203322132010
230313223010
230213213002
223011313102
022322321302
022023233000
212022032002
122020323021
120003200312
003220003212
002032200132
320320030132
320300011032
132010020122
321002033232
112002332232
002002232332
102001322313
012032131231
013230321211
013232033221
013231213122
012313103112
123130313221
213233011021
023203310110
013203331120
132213311323
221332311321
221302121313
213031212113
113021120123
123130111013
123111301133
013313011121
133121103111
313131310011
023313030111
012331331103
011330231101
111331033110
133103331100
331203321300
133212133211
103322312201
103033312322
130331231210
130313102320
110131030021
110303003121
131101103232
111033103323
113011013202
130301001222
123110031032
231003302312
310133232122
223102312321
123002201231
200032032131
202010023131
220133022311
210130120331
112101320311
111201332011
110133322011
013332201001
123332213000
123322103013
120313233023
121302200023
120322030203
103220232011
123222032120
322303210112
123022022103
020220321210
220122002203
212200210030
321220211200
023102202212
032330210210
032321032130
032320203110
330233102220
033122310223
033233112132
033102331323
000103311230
333210331312
333101331231
230130331123
230320031113
302033211303
213032331103
303120302113
013031203101
130301203010
032122202210
032212210021
222031220031
230212022022
302122102110
002213101110
020221011311
200212102133
320202232131
321222002311
312232103231
123122210323
131312221333
212211032310
222132030320
212112030210
032110320212
020132303202
210032303232
231000320223
202010320222
233003020222
002010032123
012212100312
202110013123
212021010133
222032101213
220200210223
102221010123
313220211013
333220101320
323322211312
303300232111
132333201310
121313220131
312322322311
120132231312
320103023120
220120013120
123010001020
112020001302
220230121330
222032000332
220020023132
323022231323
210223131131
320122031232
200312231232
020310222123
202021321230
200310321030
023103231000
023012221100
322302223300
333223022330
013220233030
003220102333
320323210231
200023210211
210200231213
233022032130
330222023213
030220212321
002221221320
020221213123
022021222323
021022232123
013322212301
030332321231
313303222030
011333213030
203103332113
201123332230
013013233322
012300132323
101032201232
012123323103
012013123123
010033123200
010312212230
000323122121
003022301201
130123120103
012012011210
021231312210
213130112000
231302210010
230103022101
232123220010
232132301023
232322100132
332201100120
333230112020
320220101001
132302200302
232100021213
221100021132
203121001023
231220012013
230112200221
201102023231
201200210311
211201013321
320022100301
231122023301
321122022320
031112202321
032101201221
330202200121
211322020302
231303223202
031223223302
021222020332
313322331203
011322332003
013321032002
330231012022
113210232201
213110032021
210210020321
210231032033
202201310313
210200330332
200213232032
211302100323
210313133323
212031003233
011033031233
110331323311
311103312311
312213313311
122100130301
121220103101
212103313011
013221002010
123221010011
132030100103
122000100313
122010113013
121023131013
210230302132
133022010113
313300200101
133202120111
130211123011
210030011202
221021102313
303210211203
322302120013
220211032103
022202033103
033222033101
012132101223
100213012223
021323122013
103132012231
113020113331
110211130031
210012223213
020130110313
220231310310
222022310321
200202010312
200222031212
222320321033
222122320333
221231202323
213232022233
231310212033
211312210330
203122122033
303131120233
232313202233
202031031223
210103332232
323103213023
231201202133
031200220333
120023320333
132200221033
211200020133
131202000213
013202203213
003222012131
303223201132
023323200123
232312033213
200203320213
200102030323
200220323222
012030322320
220333133213
213203320132
220332203312
230332231302
121333003203
131233203033
110123032002
231012120032
311232030021
312102010121
310210112231
331202011201
332033032101
313020300111
233100331012
331130210121
330011023101
300120231303
323110121101
331231001130
130012313331
320113131301
312021221330
132022201233
132103223133
313212232130
133231233133
330223313312
013321331311
301132123121
310311212322
203131113202
201131330213
210121302011
103130201320
032130301312
133011303131
131333130332
131322312012
030133203121
230131203210
202011313030
100221031300
102011032300
110202101200
320230112301
220220132030
201301312030
302133320230
002130023031
003212020331
033321322331
013232231013
023233223231
032313213221
031313023322
203312302022
032033313231
220232332221
223221032032
222312001203
022123203012
002132032312
203211013212
020122013211
021020322321
020100023032
320330023232
303322202332
332120033322
310310023302
201001233120
330122003222
330331220202
300303121002
302031200020
311020123100
011001012310
313100113231
313110001010
013100232101
131031101020
131010311100
111012010110
011201301020
311001333020
131101301000
111010302120
121131002103
102103101210
112031322103
111231003102
101121103302
111201233130
111310120323
121201313021
010120023102
123201233323
110110321020
210120331203
013010013021
013120312120
231203213210
331022121203
300021232103
300223031031
002302010131
030320020101
033313002101
031030202110
033012213110
021220130130
030312201210
330300221210
033122211302
330103213302
030333213102
030233021322
023020303102
032033010122
032010310200
323010212200
320233130230
013321230230
320301220012
322030022020
322310122030
322301300310
232210113003
132210131020
321212131030
211320031021
213130013121
311322310020
131233100320
113113331220
321131310202
321331300221
222103332021
023103330121
020323131101
203321110121
102303313001
003113231320
011132133112
100231123121
100313123310
003110312330
003201213332
300220211332
030022110332
032031100320
320323311310
323033112122
022303131222
320210032320
320121013303
203213103010
312012231001
332031221010
233003222010
330222320100
330102220110
300022012200
000210102202
310222333120
003020310122
301301220120
301200223320
302312223020
131210002230
122100031220
330230223002
013320203022
213302020021
210300201201
121301020320
213103003210
221101012320
230121012322
213101012133
023123012332
231130021322
113302103123
331123023122
101023023112
102010001112
101211010012
120120130022
130201233002
013203230001
021330113222
022131102322
002232311030
322331130322
202233131002
202130133102
013010310332
113102311332
131202101332
320231323321
122311302002
312232301003
120313332102
123123021303
121321302133
121330223100
211330321032
111310223030
131130201133
030311021113
033303312112
033320311123
033102133111
312031333111
303313001112
303133131110
303032132310
333031232102
330302331012
330011320212
301300110021
323001131001
323002311302
200231101102
000311101002
032130002001
321300200312
010112101100
101113021300
310331130131
301032311301
321030313002
321303323302
311323323232
111323332220
311003223222
310103200322
131102020222
110230023202
211131203322
203113220332
013302332320
003301223320
033302123132
133302213210
331002203010
031202231010
032323320100
233123233102
233323322000
303203022200
312321300220
323323222100
123203222000
323221302310
232212003201
130232120020
113023131200
133211010201
113002321320
113320331132
013022232330
131310331131
133303123311
132301323312
313003101312
321200032132
321010332102
310013021202
313132332120
212013033010
212003323003
220003323210
232002202310
120133303021
331200303231
032203032301
331222030301
130121030301
131213323012
131031303212
131003023022
331100323200
133113322200
333120020230
131120313312
231110303131
321212030111
311003021010
323112233131
110010210113
231103130132
311313012321
231113123232
311313311032
331031312200
013331120223
013011020233
132303130203
211323310203
111331132031
110132311203
101300101033
113032010233
211133010233
203131012323
200113010231
101021133310
203100013331
213012013310
311220133123
230102011313
230312311323
222303223123
232021003113
221210210031
001010101333
023112013320
023110103122
031130131211
300100113110
130030121320
133032003213
013323023321
301320232232
301330221132
323133023011
312202030110
220122301110
120213302110
312011312011
313121303311
203303223011
002333213311
302321233311
122033011103
121020012003
210101020202
301002020212
010220102012
310132102023
131011021001
111010203001
211310102300
031312010130
011322031310
033211023230
210331103100
101310310101
103203330101
103230320230
313133103100
121313321010
302310131010
023010032011
223110013011
231110101303
212331320111
202331011212
120230301121
222330130101
221303013020
123023110230
133231130220
132032313012
232020333012
320320232300
303032330122
301202333122
301233031223
312320333032
312330023021
331333020201
231333013230
023313232323
333133213233
231313331023
313103030221
031300210321
031021121311
131303102132
313133200213
322133030103
312233031102
323122003103
331223300200
113302200230
133102100120
330100132120
001002103310
002100011231
033121130120
213102232230
302310232303
231211013001
220231013003
322010102001
322023013211
122130102101
123202013020
201231013131
001331032131
011311021021
202330321313
010311032133
010021121223
301003112121
301010321122
031021323123
302010313213
030202323023
022232302010
000233202120
202220203120
120221022320
022111022303
011101022302
110133021302
311010313132
311302032233
310313001233
111011331332
110101301132
121011013011
222030110130
101013213120
100230213020
231303021030
100302103202
313000220130
301001103202
130130111332
131021112320
300121101202
310302120200
301102010200
111301302003
013101300232
112313130123
311033013210
321130323010
211203301311
212030131100
212303101200
213033100123
021130103201
210030110323
110310133231
310301003210
311100330220
311023303203
121123303233
312131000210
331100121032
321100311210
210100112131
211020011010
320130033211
321000123030
320131303310
312130330311
112103230113
110210200130
302123232011
312332331011
012132303011
030102303012
030123113132
002021231303
030110301031
203001010131
330021011301
003002023012
203001212303
200013121302
200201331130
200323133133
223003113313
002101321330
300101322130
010233230130
001200102010
010020310203
301002323101
112303220130
113203203030
113323010310
313323001302
210332020110
210312100131
213031010321
203013210320
230313021222
233130303212
303030321201
203102002012
302011320001
201132011031
303011232032
301323210303
301133110333
231011300331
201120112133
021200212323
302321130002
032321230302
313202023002
311321233030
223210033020
221313000320
232103003322
220302033320
223012133201
203221322301
210302113231
210232212330
210132232301
021030032332
010233032302
013021311320
031011311323
330111211321
303101013112
103010113121
102131122333
000333232132
010133012333
113311033233
113311132312
131113303023
013321133123
130133133203
013331223130
011233120331
013312022333
211313120231
113111023210
011311223213
011303221230
211332132123
013123231130
201123233311
331323033101
221133233031
232133233310
033210313331
203313133002
313321313332
332133103032
231321110332
302113103102
132013103132
113221332332
121103322333
011311322332
012312332132
121133013220
121113133201
102101312301
113113133012
113313123031
113322320211
331322202121
332230202221
321221020220
203323202111
101033232020
011103033021
021203133101
322230331310
021010310121
001203120121
103220333130
310312133100
301213313030
301223123002
302212213032
013212311032
103131232132
213213232313
203103233032
202313223203
203233320322
203001313222
200011332213
230031332323
323003120322
210010131223
010013003221
130100123132
130100022013
213020030233
132030302331
302033013131
320033021332
300301130321
000301112302
330103011130
002101123102
000131233232
302030233232
300230202032
020123323310
030023123120
011023123012
013003123331
300132233320
130032332231
303220021231
323032020211
002223032231
113002123112
311300023110
231322231110
332120231110
213123022310
211213213130
211321301120
113203001202
102030020012
231213200110
121020311310
212103010302
212101001021
312213010002
331021200021
302122003031
331212103020
332201203233
201101001300
302210303230
120222101330
223022303233
232022322331
130121232133
120111232323
230311232333
330331321323
323230223323
312330320332
312332133223
323320103322
023032103313
033031012313
333201012113
323210101130
331013021330
132112001213
321201001320
232102030130
333102010013
132302002130
132020210110
120302312010
130123223210
110102020310
131023200310
012300231030
012321021110
031132021013
011321310132
113321100112
010110011302
210321312032
120013213012
120021230131
203123010300
213011130300
201130303001
312031232030
321021232031
310210310003
031020310331
303102130102
213101113012
213102131123
313122123012
113131200122
303122010123
301302202011
301012330201
010122032221
021022030311
021300222331
011300203301
013133020002
103302030012
213033001002
313030111023
031032011001
130303010101
130322301100
132230011001
031001100211
001021100321
000121123221
002103132221
000201023231
300123011000
200100021000
201021212020
300310213120
100121312022
101233020231
100212021031
102103303022
112133303232
111230333003
122112033203
211202332103
231230203121
222302311210
232230132103
210332323203
213220323103
121132323321
123133230231
123103000203
021211030003
021013031303
123112020311
112311323032
320122332121
130110233121
111213033321
212101302332
322211323002
122211332010
102211321030
102101110133
101112113033
100121213103
100121110210
011013212101
001130312013
022113132101
221030122201
210320123012
210301333132
021302332133
020313301133
100331113133
210333013302
103313212332
103011120333
103302131133
101102100333
011010133323
113303332103
121323313210
213033302311
210233023310
112333212330
112133202313
202303133210
030313232002
331033202002
033013220302
110331020002
110333130200
123013320202
313023322020
313203212022
210202123223
200203221332
201030232132
200010002312
233031300012
230320130032
313312202122
233012202102
310211020102
302110121033
312112102300
121110313102
012102032102
011210321132
011231030133
110203033133
110303300232
131321330123
130133032322
001313002312
001130213132
001113113210
001311013031
300103131021
310102031302
300100311322
132020012322
302103011323
030121300023
032023003222
012020133212
130201031230
102123120310
230202031322
323010313321
330131230221
331031213321
321001213131
321012121013
303022121010
233033210210
213232321120
321231033120
321023223312
310212301320
122233001120
121230110201
321011002003
201300220303
200200203203
102002201303
312012330120
110213323120
110322312120
311001131212
113012130212
130101312112
101021032231
010010120231
012013220230
012022320303
120203210331
132012031201
132003110232
210101222030
221202010220
123212000320
112200232013
132001202202
200120202332
221213030332
322011030332
200123022031
113200221101
212302231301
212022230230
201300022131
230010221110
233011321112
320133213112
032001330312
030200130132
301302101302
302313210232
333213212302
232332113232
223311131301
223032112301
021233101301
313310213201
323313012132
301331212320
322303012320
122330310310
112322030010
123230030103
322323132301
302322310301
303202011012
323212011332
312321201301
331231203302
332101223202
130321020322
113030203322
110323321332
031031231302
331320312323
233230222302
232312231021
212323120300
130233210121
223312210123
233223011301
221323133001
221322001332
322122313302
211122333032
211100303211
130011032113
300323203211
021112230331
321110203031
201110120333
230112103132
223301122001
230301023201
323103110330
322311010303
322303311033
320103320233
302200310130
202203301030
222133201300
231221120320
123332011232
032133020130
132130031030
213213131000
202131100310
210201101312
100021021323
100322023223
312001103123
301001002323
132003011313
132020113203
120021032303
121213113230
312213212230
220321131230
020302123213
203012322013
132300013213
210011102031
100221130221
020021100213
020121130201
002021132010
020233211100
300203111010
003110213211
310031213213
130321323031
200312132121
300231132133
002301331313
210031321303
320011213323
322011131213
020311013103
023321013032
120323102130
103103310130
123003131330
233033113103
330201121303
330021213133
303010102133
102023312130
102102033123
020303312233
112023221001
120120332210
110203330220
020011330221
103022332230
002233223303
300223233203
310213233013
231202123311
131203231233
323123232123
132302301223
123013122030
220022331102
222003203112
230200323312
220230323102
220012303302
322013322302
102230232203
022132322021
012213230213
022133012120
023231030320
133230301200
033213331200
331312331200
132313123103
312323311103
222321110013
023201103001
030112013001
203031220103
033212203133
032110221333
221202313133
012123020210
212223213001
132220301012
032223310112
321202320102
312112201013
311123030102
313112313020
331213130232
331311010022
321112010120
320131101122
311021110312
102121030112
110220030102
110122100331
101010033223
313013112012
310303210301
310312032021
101000323230
210102002333
311003322303
113010323303
122003023303
011201002333
031210233033
012310222330
213211223030
221310123330
112023023233
112303123223
311200112023
123211220023
102012010231
131101002313
310212002033
312020010310
102200103310
020210010303
022022301333
020230130322
312100203030
332110203310
123321323310
233020122332
110322213001
203222102002
232210210310
223223320002
023303320102
203303021223
033213032113
332131211002
302121120021
313101120023
303122111002
001231103002
023203211031
213303211001
023302212231
023021231231
033012110203
303101211320
232101113120
201013132210
210213002210
322110231300
221322203100
132221130032
212113300311
102210213303
221103003003
021130301033
121303031003
113300310032
100321302001
001313301001
001303011012
003020112310
120011202331
121021120330
322021200300
322022020003
320232002103
320123002020
310111303220
233100133220
110112033010
101132330301
313231231101
101300303201
102313300301
102303010312
103130003112
203122023112
201321232011
203101222311
200303013112
203003001212
301130132202
312111322003
103031101233
102031112321
232201133111
030331202221
003322022123
333023133232
332211311012
331131322212
331101310012
331101211133
330312223233
330022330123
323001030120
323000201100
322202011120
320310200100
320231121113
313320122312
312132022321
310020031133
303111000212
112212133323
112202120023
102300133302
101222000323
100013103321
033301000122
031112303200
023331202100
010001302111
003330121021
003012131233
001110232032
000123231211
000231312322
000312123133
002220313013
012223101300
020002103222
021333232000
121110111330
121130233123
122232133213
122232331021
122333233300
130120300200
131000302200
200021201132
202333000131
210230100300
211120021002
212000103300
212302132012
221123022103
223303133322
223303230031
223323211131
231031022122
232210311231
233111311100
233313211321
300032302213
