--- Configuration ---
Max Run:			3
Min GC Content:			0.3
Max GC Content:			0.7
Code Length:			11
Min Codebook Edit Distance:	4
Generation Method:		Linear Code
Min Candidate Hamming Distance:	4
Number of Candidates:		2954
Number of Ones in Matrix:	10768
Number of Code Words:		1447
=========================================== 
22312111330
22200220012
13220031202
22002122001
22013201200
30013010201
33303011201
11333011202
12333122012
12233211313
30030112311
12130312332
12233310232
03111022231
00110122233
33031012313
13330012110
13320302103
03223223111
23012023332
11131212330
11333213030
22012333133
23011302110
20331331310
20303011120
32133121011
00301112302
32031302112
22310203300
22210031120
31022103220
33010101120
30121201102
22033321221
22231221000
22102211300
20230233031
11223230322
02223230003
30101022230
31222311031
00213120333
01331133010
01220123110
00321230111
13311101323
10312313311
00233202120
11311322332
32012301123
22113033020
02332321022
00102223103
03010322322
01222132233
33323131220
01100023100
22200321133
22012131301
31001100211
32110023101
11100110031
11001311003
11032103100
12033201330
10223223230
10202033310
33313002101
01022320022
01322201132
21120312333
32110122020
33023111211
30333110211
13101201313
30021033322
03210233220
33112322023
00021210120
31021222002
33302123132
02031323122
10331211201
03011311130
30001311131
20222330133
32032221102
11031121031
10120122023
23110301310
10231122100
33300132211
03113132033
01121130333
11123113000
23233120122
22103020320
33320012230
10333200122
01131220320
33203120332
32322212233
32310132003
10323312303
01010101333
10133012333
13023102231
30231232233
32232132232
21023201331
22211200100
21120011020
32330311331
22331310133
30111031130
22202033103
33222033101
32220332023
13312022333
11233120331
00013332122
20013321102
00123132102
13012103223
11030112223
13032122323
21301112230
33110131132
13013031110
13313011121
32001132120
32021113020
30222100311
02333110002
21220233223
33301202310
33221011030
32111313000
03100200111
23100213131
22013102113
11121003202
23212132230
33233211221
20312233200
23200233100
21131233300
11102303120
30110200110
21031001120
11003102112
01032131110
03332233011
01321120310
00102120210
00313011200
01302022200
00203331201
01020133133
30211011101
22130131130
23311120313
00010112221
31323213310
01332212232
03231221132
03112202132
11301133200
00021311001
20032131022
10110110223
01113311022
32010310200
00032122002
03033220232
30013212033
22000230031
11332022010
13222121000
03122230332
03102211232
10220300220
32012002230
22022002020
22001203223
20023212223
33000211133
10003111000
13020120300
10211103000
23001311210
33011132332
33311013222
01112120002
30123210221
20302321021
21203133101
03213310230
03313320222
13310231222
10313221022
12133132031
10021020302
22330121113
31231122032
02000322130
33111003201
32112133303
00021012312
31322321023
21231213331
31101233110
13231110231
13221103131
10322022202
31203202202
00023102110
22000133322
20001222000
20322201000
01203021000
02202121002
33111300112
11131010102
10112101100
30123311300
10020211322
12330203230
01102230011
01110030200
21110023220
21130103201
11133001221
20233112213
13103210030
21331322202
11133100300
11011001010
21201320010
21203331333
22113330333
22233230323
32123330123
32113302323
03231320013
30011302231
33123222110
32132112203
33311310131
32212311100
21101201100
00120110033
30100110103
30022011213
00233101233
02231131333
02011001331
20021203100
03133311301
10312010002
10101233022
10132322232
11320323320
12232323020
10320132000
00223310301
31032011001
32312220033
02332220103
03310203232
33120103332
22203101230
10332130023
03213211311
11223133031
11122021333
20112322302
22130232223
32102223310
10320033121
13330113031
03321101133
33320113311
02113323313
02132133233
20213133313
20202311033
22002320233
32233303212
13321032002
11322332003
32232033313
20020331233
22330323321
32302130020
13323122200
11211011033
23013111001
00013031231
01200300222
30312003022
33012011322
01313200120
20123020003
10222311103
21123132030
02133302213
00333232132
11100213322
11332123131
20223303321
30320121020
01233310113
01110333113
00113302130
32231213010
31130131211
31331310212
23122322233
00110221120
00010211132
03331211120
23332321110
00031001012
10023130100
01023212311
00032023123
33002002022
30322031222
22133113001
21132013003
23320121301
11103033021
12011033321
21100333233
22131003203
20212100101
11123210313
03113330201
20313103301
12013022002
23102101101
33113311231
31121313131
31122133232
33312130232
11302010210
30112013001
22301120101
23201103001
10002320020
03022200320
02220010300
32220031330
32210201302
31233133311
01100122021
20231002011
22031033211
22002023120
12211023302
22231023232
11000120023
13312321020
12200201022
02103231132
11003201201
11032200213
30032200321
12002200322
01030322001
22232001303
21031203312
32303103232
11012122000
22210332233
20121332033
13313213313
11000322211
22303131222
02330231220
12001020021
32300020222
00122101310
31320231221
32321331223
13013332203
30233120203
02303122202
00321133202
00223211220
30220313200
23223133222
02301230232
30321112232
30021132203
00021113233
00231213203
30022213021
13020322132
03211200032
01120200232
22023031232
23220010232
21320100122
21200212323
12201232230
12300132323
12003233130
10123001033
11023022133
31223021130
12202012133
10030101331
10023031021
21010310121
20120301221
10100301311
31020310331
30310012301
32031100320
31000331231
30022110332
31022200133
10210031333
11201002333
33010202233
23020202023
20102230123
32003022322
03220003212
02000223011
00222323113
20022320110
21030230100
01022023331
00120213320
11212231330
12112223030
21112230331
32112230010
03311230020
21132310310
20131123101
13120213001
11102202001
11300100012
03310100121
12110030121
13131031321
13210300311
11030013302
11213000310
01113012331
11103330332
31113330012
13233101112
10323011010
12023313111
21223013120
10230111312
12000112312
02110002131
21010112313
23220111313
20120103013
12010303220
11023321220
11323301211
10123302320
13030331232
13302130112
10310302032
31030202110
33012213110
31312010130
33211023230
11321310132
33112021330
13321230230
13331120223
31331112020
32120110220
33210010022
33131123220
00310132210
00321032323
21331120030
02233120010
00202100221
30210022313
33020032201
30032002113
31300012113
31112000113
11230201113
01120301313
03112303013
11201301020
10133311020
10302201130
20033201123
10200321320
13203032233
13122000110
11120030010
11101220130
20112120130
20113210031
10213211030
12302321232
12312233013
12203223113
10202132231
30233223110
01233112321
10332332211
20333122201
03320132321
00333131221
00201023231
00011222320
21001132201
02122322301
11231232301
03013102021
03011210011
00300121110
02030211211
23030013111
02011100210
30001210010
03101130010
03211103321
12221213330
00311202311
10033022321
10200220201
20232121001
02302111010
10223021002
33102230202
31302201002
30030211002
13031100212
12130011021
23001113022
01330100202
13002110123
20332111013
32231110303
31222113203
33112223102
31021323123
23013313233
03210130133
02330132133
02232012323
22300012232
21000202300
23100011303
32300121303
33001121032
32301211202
30103132032
32020120232
20010202112
22201011032
20130011232
20021001332
23200031332
20031012032
02000120302
13210003002
32130002001
21320001003
01000310201
21000101013
11020101123
02131010223
01320012023
03120023223
32001231233
32023102303
13221301303
21322010320
13320203022
13332102312
13331223130
21322313033
03230111033
00231011031
00311101002
03131102210
10011012102
00331021023
11203310303
10121313003
01012213303
10221333032
10232100031
21022030311
13201122031
13312220101
32322010001
33220220010
23202020011
10120320211
13022333211
13232033221
10231320332
20222033220
02322332322
02200233032
02021330222
10033321032
00312321301
00032221311
01013220111
10032213301
03132120321
03313221303
10101031210
01013321030
21332102101
11021330103
22110213323
32120213133
33312031313
23322031103
13322010133
23312201131
22303232131
01021302113
02023022212
03200220120
02322233203
03223322030
22332233123
23313232323
33102331323
31302300123
21302233012
20130213000
10102112200
03201011100
03232100310
12001121100
10300113100
10110011302
13301211330
13133121123
01031012100
03120122302
20322300121
32233000101
21303301321
23103330121
23113323221
20123323310
20331230231
03010021031
22031231023
03131201103
01320311330
13301013102
21233101301
00311000123
00330012231
33120301100
03110110102
03131300022
01300132002
32011323012
30013313112
30233021322
32030133132
33001222321
03001001123
30100011022
31200123020
12101313320
31100200302
13110023033
00110320001
10021323011
10013201013
03013201332
21310132322
21012301202
21003123122
02110301222
02310012112
03210031012
01203120121
20122310102
32213120120
13223310020
01122310030
32223310112
32033010122
20200102122
10033123200
00121022300
00112230203
02132230120
02323301130
01223303213
33312233121
02321310213
10023233213
20032333210
11200233313
21100232312
30232113011
31020211210
01002103310
10011210330
01000112033
00112133110
00213322101
01202311101
01221110302
00103113002
12011330032
01312130021
01131321201
12011132200
12312130300
12311013310
21301013311
22131201031
32213322312
31312212302
32331223002
23322130022
23222100030
33320210002
33120002213
32323221021
31233230002
21230321002
23212330002
22332332002
23003201012
32132310031
01313301001
30212231202
23222302202
30023022001
22100200023
23312300010
23130023103
22330020032
23032002232
23233021003
21303200200
12213032021
10233032302
31221030213
31321000201
32211030322
10210332020
13031302020
13100232101
11210220013
02100213003
01220220203
01212100033
02122120133
10130232030
01002002231
10200022033
11020202230
00100232220
31010021222
31002122320
11002232013
13102322303
13202203213
21202100313
20230031203
10211200313
21122000303
10201213013
33302022013
12302220313
31033022213
13300222122
11323002102
21321230023
12231002202
23210022032
31200321212
22212020203
12321322203
02323002223
20223202200
20030021220
20131022020
33113012122
31320132132
03110213211
03313023131
23302313310
31231023113
00310231103
13003321103
01311211203
31212121003
00033111210
00103012123
02121003123
12310121023
20223101113
02210321213
20220022103
20100221200
10123100112
01021100321
00101201032
03103323101
00323122121
01103001031
00130301101
01303110133
13010310332
21030032332
21001033320
11010133323
11022312032
10103121012
20101010220
21023102022
30031020022
02013010012
02203013331
02231333101
12230130131
22130030011
02133001100
22210130001
12111300020
02121300230
01230130210
32101003013
20100122113
10021222130
20321223131
03220102333
13220233030
30012122132
30221221133
32011222133
02203112210
20122112330
31102112332
10101130331
12002103031
10220201301
31220003001
31123001101
33212001301
31232001022
13213120012
02121102002
31100103011
30221023301
13230220330
11320020033
11130320003
02101022023
03223120202
00312220220
03120221011
32023201010
30221320012
33203322100
32133020130
21130301033
21113203123
21323023132
21320203231
21102021203
02130122110
11230102200
12201030002
21203032020
00212012000
02302212303
02120232103
00212311313
02011203103
01210111310
00211131010
01123121010
03101031131
30301032213
23301133013
12303011333
20203021132
02033031112
00230321130
22323312110
23223331010
13203331120
12323131312
12133231322
33210313331
21310330110
12132303011
11330231101
10320231313
10122230013
11322031310
12123020210
21103012011
13113302211
21130200112
23133001032
23331101213
21311101130
23123113213
21210102330
11321112300
11331101000
13121123100
23321211200
10221131200
20221110230
13021311320
31011311323
20131321333
21021311133
21013031303
21211030003
22100301102
22110110030
22020310010
20231200223
01231200311
23122120001
03232001231
32032320023
33033201202
02032200132
00022131302
00202302013
10220102012
02020101202
13210102123
32103012330
31211301300
02231030212
22010322210
20033102230
12003130223
10313122331
11302111331
11001012310
12002002110
10200123112
10311133012
21313011332
30230102332
20312130113
20011132013
20202012320
22030202231
32302332212
30002232121
30301230021
30112310312
01020032012
01212302201
20021302021
22032110201
22323213031
22312313102
03233133102
23131313002
13113100023
13013130031
10331310320
32033313231
30332220310
33032232010
21300323210
11300302220
12313301320
12223303132
03023233132
00020223332
13103012202
20032232331
21020322321
21003022003
20013220023
12013220230
10010120231
10300210213
10330020221
33030322212
20022023203
23002232200
02210220332
32201320331
32213223233
13020021221
11220010021
12320012302
12231200030
20031210200
00012002023
00020322213
01112322230
31113132220
12322003021
12122013002
12131220001
31231320200
31033321100
31233032230
22331013220
12231103323
12031311132
32131130332
02321211332
31221131332
13120110312
33130110032
33231301023
13321133123
33321120103
32101102132
13101300232
31031330223
31201110232
31112101032
22031132330
20231103130
23020101330
02322031031
23223230131
02013313301
02021033131
32021210333
22332031311
33212302012
32122303331
31212323231
31210233033
31311230233
03212020331
02130023031
01230031331
23233223231
22313320310
21013332010
21003321310
21333131313
31303131103
33123121203
21131031132
31103121120
31100301223
33321322331
11310012233
21300222331
23323002311
12333023133
33323232133
13200111223
33230031122
23300203112
01232020012
21230220123
21123330202
23111332102
02132032312
30223032022
23201200312
00122303122
01123323222
30110002322
32023003222
11200332232
00130002212
21000303221
21210003211
12020133212
20011033132
22003313021
12300033202
11300203301
13133020002
11200031121
13000101200
03001203311
23032103313
32100333112
22120023311
12200102331
12223000221
21323320221
23301331221
21321331102
31311331312
32303200121
30303122011
33131321012
11330132212
10031132123
10113132312
01133033231
10112303332
11313030302
21333030232
22323110322
20233310021
20133231131
22133311233
02203310022
03212323022
02210123021
21203230212
13211030210
32210102011
32113203202
31230313012
01313002312
22213310302
33213032113
30322332131
10311331220
13011323120
00122000231
12103100231
30121300023
30113222021
03103222020
30313232002
20313200012
01303213220
12203021321
21302332133
20302123213
20310121230
23311021232
01030223120
00302031312
03301223320
30122021201
03022301201
03022002112
20330001211
12003332011
12320311011
32203032301
13122303203
12230332303
21220031011
01223000100
12300231030
31132021013
23211312133
30111233302
01121233020
01130213132
01311013031
33121031001
31031132011
32010211321
23210321321
31232203210
20113113322
20031311321
22300311121
32200313123
10203000102
10332031102
23030310202
32221301231
32131031213
32130301312
23010032011
01113113210
20110131213
13202100100
32223112320
33233112132
32312123320
03230313201
30231131120
31032312312
31103323312
31023233321
33221213202
33122310223
01312332213
11313131223
31332332323
31223223302
21222020332
31313023322
33102133111
33303312112
33202311312
03300210132
20330302102
23302212231
33302220221
23332220031
23132032220
23310012020
03021121102
03032011212
31002320112
22230010020
22133012120
23231030320
21233000220
22202330210
30223230210
03223021323
12223202013
03233230211
23320222012
23120232031
23110002003
20113012203
32332102220
30331202221
03322022123
33223202121
32320302031
32131233021
33103302131
13323023321
13222323232
13002213230
11232210230
11312102031
13032221030
10212323303
11233322103
12303213101
12012312103
12020230101
21202203000
23202323302
22001302302
20110030332
01200201303
03203101302
30232210302
33013022130
13001231301
11303320311
30323103111
23231131201
23021231231
13012301011
20023010011
13131233113
13132310103
11231030133
12113311303
02331303113
23331303021
33213230321
23321013032
32333131032
21033111322
20230130322
22022301333
22010223331
22320132213
23230102013
23030112030
21012103030
21313213100
21232231200
23210220200
31132322300
22132223100
20332212300
20203223300
30210321000
32103311023
21033212031
03200321001
22320330021
22123203012
12323232001
23012221100
20222132301
01203223232
30120333231
02012221032
00212210232
03020211003
33021100132
30220010113
32002011130
30320020101
30210220121
23202121130
22302102030
02310210320
30312102103
31030101203
31012131020
31010120303
31012030101
33131022301
31300210321
01320210211
13010013021
33101313212
23110103122
01331032131
03123100233
31133210033
13131332032
01311310322
13113203330
13123231130
11031323203
31122032313
31032213233
33101212333
31301223133
03313122010
23031323010
23020303102
30213303131
33133231210
31221333100
32131332100
33130312200
01103203203
31101130203
30132331212
10303232322
20323232212
03002023012
01213133221
01201131202
01013123202
13323221113
12100320132
11212033102
33311211010
33301000122
33232323112
33211221002
33210212210
33100221121
33022122003
33022023122
33000112220
32213021001
32130200233
32113100111
32013130103
31220300312
31220102120
31200220333
31113231133
31112303200
31110213002
31023031113
30320222333
11231333220
11103132100
11102000233
11101022302
11033233001
11033031233
11000223330
10233230130
10233133223
10130333111
10122331132
10010223122
10002221101
10001302111
03331112233
03331013312
03330121021
03113033112
03012131233
02332022331
01110232032
00312123133
00113100302
00020120021
00031203220
00123231211
00132310222
00221103210
00221200103
00231312322
02013212220
02020202111
02102000112
02200031200
02220313013
02223032231
02223331122
12220022310
12220321003
12223101300
12300330111
12330100123
13021210201
13123330011
20002103222
20003332202
20020133001
20311211331
20311310210
21032320302
21103210223
21113001311
21123033111
21330012303
21333232000
22000331110
22001001011
22011311002
22111022303
22201213200
22203000311
22233133030
22333200331
23100110222
23110200231
23111233023
23210123113
23330132001
23331202100
23332123322
30010133211
30122120320
