--- Configuration ---
Max Run:			3
Min GC Content:			0.3
Max GC Content:			0.7
Code Length:			11
Min Codebook Edit Distance:	4
Generation Method:		Varshamov-Tenengolts Code
VT Code parameter a:		0
VT Code parameter b:		0
Number of Candidates:		68696
Number of Ones in Matrix:	13066376
Number of Code Words:		2150
--- Performance Metrics ---
Number of Threads:		32
Candidate Generation Time:	0.05	seconds
Fill Adjacency List Time:	22.17	seconds
Process Matrix Time:		35.83	seconds
Overall Execution Time:		58.08	seconds
=========================================== 
32103323331
32111333111
30001113331
00011122333
30001112220
21112223330
10002223330
12220002021
21103332333
33300022210
22001122200
02211222000
00021222021
22200012210
20001222331
33001122211
02000122212
32000111000
32000112111
33300013111
23000111211
33300111310
33311123111
23000112300
33001222300
33002223311
33311122000
23301112210
03001112202
03001113313
22001123311
00300011210
23300011002
11011133311
12001113300
11011122300
11000111322
11000112213
33011123303
22111223303
33112223322
22002223322
03000122323
03300013222
01002223303
01000222311
22000222303
23022233300
11022233312
22122233313
22322333000
33312233310
03312223000
03111222323
03311222011
32112223013
23011223312
32011123012
22011133322
22211233310
12012233303
32111233000
32001113122
32000333222
32122333122
32011223321
32022333011
32011222133
32001112033
33301112123
32001222022
32011333233
13301222321
02301112321
02200011321
21011223233
33311223033
03311123222
11311222003
31311121133
02311122310
03301122112
00301112000
00101122320
03211122103
20311122031
00211123321
02211123233
03311133001
11311333000
33311333022
01011233302
13001233322
00201112113
31001123113
31000333111
21000113112
21001113003
31000122003
11100011003
00200111003
00301113223
13311133233
01101112023
11101113133
30311133010
01301133310
11100113310
11101223320
11000123301
11200112000
13301123002
01100222000
03300122001
12200222001
00200022002
02200112022
11200022310
33300222023
13300022122
32200021222
32000223112
01100012111
00300022113
03200012103
12300022033
00301222033
01100111012
13300113013
02300112133
11201122033
32000123320
22300022320
22102223200
11102223233
22200023113
22300123003
23301123320
12331112020
23331222020
22300222012
02300023011
02201113011
22201223002
23200222102
23330022032
12000233311
22200333001
12200033320
12200013012
11300033113
03302223113
00102223002
00100223310
00100222122
20200022121
32200222120
21000223123
21002333002
00201223222
00312223223
03322233222
13322233001
33301233011
33322233133
21022333233
22312233321
23322333111
21012233011
11102333011
11202233321
23300233022
22300033223
11200023223
22300333112
12301333013
22212333033
02302333022
32002233023
12202233113
00212233003
03312333123
21011333123
02311233113
00301333111
02212333112
00200033112
11212333022
02300123122
01202233012
01211333011
00211333133
01102333133
10312333031
32313330011
12211233023
12201333122
02300223233
12301223123
20300221222
32300020123
01311123013
32322230003
32312220333
30322233020
21302223010
20212223020
21202220001
10212220002
32212333221
32302333131
32202223031
32313331122
32203330022
21103331222
01101233122
20102333020
00202333223
11100233023
21213332223
10313332233
21213330001
32200233010
10322232333
01212223133
13211223203
31101222031
12331222031
10311221333
10301110333
30211223231
31300022131
31301222110
31302223121
31312220011
33212223101
30312223130
00010222010
10201223010
30301220001
10311223021
03212220031
31102220023
13332223032
03330222131
03332220023
03330111031
03331113230
31301113030
13331110003
23331113021
21301333031
21201233020
21323330133
32311130033
31211230003
31311120022
20211120003
31311223220
00331112131
13331122130
11331113110
12332233010
23332233120
03330223220
12220223020
30211122130
33213322333
10301123131
20300223031
21301223132
21211123030
31212233030
20302233230
10300123020
00200113320
32301133220
01200113233
32300113021
31300012020
21200111031
01200013001
00221333020
10211133220
20311133132
13331333220
01332333110
33211333100
33201113200
12330003220
02330001021
02330002110
10300023232
10212233132
03331233132
31200023032
30200012031
00230002131
20200122030
10101112032
10300110002
10302230023
21312230033
22102220032
00032233021
10202330001
21322330022
13212230020
23332230002
20322230011
23332220111
22331223110
20221223200
32332223211
33202220330
03202233100
00232223110
10312220113
32312230112
30202220122
33211220110
03212233211
20300010011
30301110111
30301121122
30201133021
30211331222
30302330222
31303330112
31202230111
31211331113
32322331113
10311131113
30212330123
00101133012
32203331133
10303331123
10202331112
10332333213
10213330111
32221333212
30311230223
32201120023
20322332223
31312331223
12231220003
20312231123
21311331333
20101123110
30101132333
30101333132
21301132223
31202232333
21202331123
31202333232
32212231233
23212232331
33213330231
33102333213
22101333203
31101333221
31101330013
30102232223
32200132223
23202232220
03211332221
13201333211
12221330011
31300110223
31301220233
31300133231
30100122021
30102221113
21300020022
31100020001
33200023201
13100223211
31300031122
21301110012
11331331112
20101330002
21200130003
20211132233
20101331113
21300133120
21100013220
10100113221
21100012032
01330012132
31200112132
32200131112
01230001032
21220002102
20200011020
21200033131
32220003211
22230003031
32200010233
21200010123
02220012120
02220122010
01220222032
01230022020
02220333032
22231113032
23211133202
00231122032
02221120002
10200120222
00031110002
00031113120
01131333032
01232330002
11220333010
11120001020
01110002021
01220020122
31100023110
01110003132
01220233021
01110333121
30100233121
33103330121
13103332220
33200032232
13212332232
13211331131
23200233203
12102333100
12232333230
22232233131
32221233101
02221233230
00121233031
02230013230
01232233220
31232333103
02331333231
12221332233
03200322233
33203312223
23203311122
20100032233
10101330223
21221322333
10201331333
23203331331
11121331133
11132330033
11121220033
11330333021
03330133121
11330003131
11131233131
21110003211
22100133211
02100013203
13330012021
02103332231
23102230021
23200220221
03100232221
13200131221
11120033221
11220113032
11121133030
31110333203
21220333202
21330003202
13330233231
11231223230
30121223213
33100220010
20200220013
00031220013
31201130122
10100031222
00130003221
01220023231
01130223031
02232220012
02230123021
22231133120
20301230122
00131223121
01132220333
00332331122
00331221112
20332223102
30331222103
30301231133
00010332223
30110322233
31100021233
31120003200
21110233102
21132233201
31331333202
03100023102
00110223232
11120012130
01131222130
01131220002
00132220222
03212200222
33202200013
30032220031
00031123231
02331132333
00010112021
02220032333
12221110033
02221220333
12220011030
02220113131
11222133100
10201130013
01221331223
01232331333
11220031123
00220331113
11330032223
31332322333
23332232233
00032231113
10200121113
20331322233
23331221133
22330220033
21300221333
32200121333
23200021330
23102221331
12230022130
12232221333
22230021233
12230112031
22232330223
11230033232
21220032220
21201231233
01121232233
03200221110
03202231232
33202211123
03212201113
03201121231
03200030121
10300230111
10100010113
12100021131
03100220332
03211120330
33211132332
33201110032
23101132232
03103331132
12100030032
22102330331
13200020031
13201221332
13211200033
12330020001
12330021112
13101330332
13101120030
03201130020
02101130031
02101220220
02102231131
02103311333
03101131330
13102230130
12102312233
33101121220
13201231120
33102311222
13100211133
22100311123
02100031230
32100312220
23102331230
33100331110
23213311233
23212330130
22103330110
23200301113
03211301333
31100230222
22100202223
22102300222
12103301122
21330311222
23330331123
20332311333
12330331233
21100131133
01110031113
33102301133
10310323133
31010332133
21110332232
32320322133
13202202233
23032122333
12210332123
32310323223
21310322033
21230311133
12330113132
10331332332
13331130122
13330121222
11231330222
13200300223
33211102223
10200230233
33132022233
13032112223
31331312223
01331221223
10332211223
00230031223
00131331233
30231312333
33232323331
33232011333
32332211133
32101011133
32101221323
33101231231
22101231332
32110331033
32100232313
21120212333
22321232133
21331233213
02210221033
32210323000
32210232131
10220222100
01330231133
01220121133
00330121123
00230220133
01220010033
11130010333
11230010022
12100110020
32100102232
32220030031
11210032033
12101220331
12100132330
21330332331
01130133130
01230112110
01230131122
11232230123
00130012010
21300120111
12230030113
23330110133
23201102333
22032111233
22101101233
22100010330
23200130230
22330113010
22330010122
31330233101
32102230201
32220331121
32330332221
32330133213
32330121131
33213300113
32232230021
31332230331
31332221232
31230021121
32330112100
32230010010
32331330110
31231332231
20131332221
31331131121
02331131222
03231012233
01331110123
22331120011
32331220121
30132311123
30332331231
32230220231
31330220020
31230331220
00220330222
10120311223
31320313233
21320312123
21330102233
20220312233
20310213233
22231120133
32232330132
33212301122
31310322122
33210320222
31220302223
30230212223
32102001223
32331202233
31030322213
10232302223
02330230223
10230311122
20231311223
13210310333
01210323323
32210313122
30210332020
32132332023
22210323311
21010213303
32321213223
32020232123
23303213133
32321022203
32321033313
32032123332
32031323313
31131113213
03101110221
31032122231
32032011121
33231011222
32332300022
33232000223
23203300012
22100300013
32103000111
33200100111
30310303111
23211100011
23101100022
13101201223
03121011223
03201301222
01230120223
31220123213
31221120031
33232221213
31130223212
32130132122
22210032022
20100120123
03100110110
03132011122
00120011021
03100300122
03101200113
11222030032
33321012221
31033213233
11333211333
31032313323
31021212323
00121113232
33321323323
23321332122
32220200023
32101200021
31120330021
31130331131
31221300022
21220300011
31120301113
21221330110
01331230111
20331330131
00231230001
20230330021
21230300122
21120200022
20221220032
01120230003
02220130123
32221300133
01121110333
21331220330
21131330020
31132230010
31332300113
11131130113
11120010011
21330021130
02330130112
00231330112
03210210003
00130130022
11330230012
30110300022
22131000223
21132301223
01133212223
01032002233
22032001222
22132001113
21020323313
12202032031
21020332003
32123213133
30130211333
30331121330
32231331330
32331110231
31121332332
33221312232
32213210033
31313210222
31330110332
31131100033
21231300233
21121300123
00121120023
31231110220
31131232220
32132112230
32121302213
30121101223
31321301033
33103210331
31112131313
31112020213
10221301123
20221331132
30021311122
10130301133
00021221233
11021011333
31031013332
32021011231
20221211333
10321313222
30321103133
30031301113
30203210113
30231100123
33031110323
10321312133
01321332113
00103212133
22103213213
20210202133
03321022232
30321022322
11321023331
33321011132
20330301112
30030301222
30330021220
10230300012
32031002221
20031102223
12021000222
12121000333
22321013330
21320203133
10210203223
10032200022
20331200023
20232200333
20032300011
12032000112
32230200112
03231000111
10220200122
10310212123
32030021023
03310311323
33310323312
11310313313
01010313331
00210213313
00110131333
12210213301
33310032113
13210323230
12010323332
02021323331
23221313331
32223212331
32231123201
32132002331
32130303311
32131313322
32131103303
02110213330
32110203323
31110231332
32100201331
22030213331
32310212321
32210312011
31230221330
30121221332
33210213032
32102331302
23210312132
23210313221
23210213110
32101120312
21110200113
20131100112
21321003323
12021001113
12302103233
23131001333
23131323330
12131311331
32031001132
30131201122
01313103233
23332103232
33302103122
30321232121
30221200011
10121300013
31210203013
32010211213
30310311013
00010011032
30310121032
11210121003
11102103003
02202103222
03210103231
00110122131
00110110013
30010221331
30021331331
02110311232
22130312231
22120322330
00210312322
00210031001
00010231122
02010311121
32330231120
10131331120
22010311330
11210231320
13120313330
13112032133
10110330331
21110030031
31130020132
21221230331
21230230030
30220232330
31220230120
21131200011
01320213323
32020213322
22310213312
22320323322
32120302322
21010301323
33130312332
13032313332
33132213330
22132303332
32132220320
32132322312
21030322322
02132211332
03131103332
02110302331
30132232332
02032322330
30232230230
32203213220
20210303320
30120230032
30020332232
31010322301
31010311312
30010230021
10110020021
31210300321
02210020320
32220120220
32010302203
11103103222
31030032022
21210313012
21131130332
21103210002
31310313001
31033032131
31321103222
31321323011
03132212231
21032212313
21032011132
20032221332
20130031132
20310032131
20330230232
03130311130
03220311332
23232312330
22031220323
11031132323
11031322331
11031103330
31133203332
23220203330
03021213332
01031211331
33231211130
33030311231
13230211331
13221212330
32021002330
30333211121
03232311221
30213212132
21102103132
21021332321
22030032323
23130211232
21310211023
02130110323
22121130323
23101133101
20010331231
22002032122
21032332112
32032312211
21321132032
11132102032
22031302232
12021312332
11223032231
12333010331
21333010313
20310203122
30210103002
22233030032
22233003212
02333113211
22333232332
20233213332
20231131331
21230113201
21213213230
21021313300
20030132230
10330131130
10021132330
21331131230
32333101332
32333021313
32233211232
12223231332
31333013210
22333022102
22333221231
22333133202
22333230020
22233031220
22233223203
22333121120
11333132232
01133033213
32033213111
32213203121
32013103133
22203203033
21303203231
22233200123
02233102223
02333010220
12133232133
02131301221
00333132221
00111031221
32111032120
00110010122
31210212310
31321311320
10132221130
10130121331
31220131331
10220021332
00020022132
10120102333
00203213023
21033213320
01333223201
31333232211
02032330322
32032232012
20032330120
00120033120
30110033212
31110012102
20120333213
20031333212
23232331212
10231231232
12333200222
11133200023
11031000123
00333220120
11333220131
11133030121
10330220221
10131220020
10031130021
20331120220
11333110030
21130110021
11233100333
11333100112
21133220213
11133230330
01113232331
31030200322
12131202332
13232201132
03132301331
02131330313
03231202331
22233110330
10030202233
10233212231
10230123211
12233130221
13231102232
12233310212
12233320323
11122320323
12223200233
12223013213
02223101333
11203232132
01233230231
01113201133
10120231231
01122101233
01122021331
11122013203
21222032303
31222031213
11223320213
12333201113
11313203123
11133321311
22233321312
21233132322
01233310322
01133110132
20222321033
01233121232
00111021132
00111010031
11123233202
31113233210
31120220230
31233201221
00033211222
31313202131
00233321213
01333120021
13231300021
13132200031
13121302331
11032301131
11103131032
32233100020
23230100032
10030120032
11130122010
21112031203
30203203232
33032200232
32032202303
32333220200
22233020110
02032201231
02020212232
02030102332
02223010231
00223220221
00222032221
02132232203
02032212220
00222031330
02233131131
00203232031
00233222101
00233233202
00133021231
21333021203
20130023203
20110021230
20220033103
30110223103
30321011311
10020003213
30230013202
20031123103
20110112103
31120113103
11321001232
01112130232
11333122103
11133003103
11233223102
11233120120
12333033101
32333132301
32302132103
32201032102
31212032101
11133113200
01113310213
11133021220
31113021323
31030212202
01123020232
00120020012
00122021220
00210202212
02210322202
10222033210
02210331310
00113220030
02130021322
32110021011
32131331012
33131300132
13132302230
11032332203
11030312230
12032300221
32130301102
30130022100
20110003100
30010002101
10130333101
32121311303
01112023101
01113121330
02031311230
00310322311
00123032230
03010302232
23010212230
23020322231
00111303210
00112003203
01113133201
21112010323
00301032120
00012032332
00013003212
00310311102
00321323312
01223133212
01203103123
01223112103
00222002103
31223100121
00213131032
00233120010
10220130030
00223030132
01223132330
01222130131
01223220130
01123030020
00223100022
01210311201
11213032120
02313232121
02203032130
02203203112
22323032120
22301032030
01213203022
12203202022
12223003102
11223010330
21223110323
00122210323
32233130313
00222123202
00020123121
00320312212
01310232112
01210132002
01310331022
11210302303
02113032112
02133232022
01132132102
03213210121
02132300010
03232300120
02312132132
03303132131
01012132123
21310132021
00320132023
33133032123
20220100113
01201032021
10101032103
00102132030
00212032110
32022132131
01102102113
21003102133
10210311210
02131123210
00133113103
00012113211
30021113203
20213211031
10230113100
01302032032
01203213310
31103203120
00103231020
00303212320
32011032031
12211031032
21013103122
00011210322
10111032322
32133031031
02110230322
01211021031
00112321312
00133321102
01133012100
00013101123
30010100223
30011321023
00011321211
00201031010
32212103110
12223031110
01221032100
32122032032
13332032102
01222120020
02223023200
02223310102
01222320103
00112310103
02310232003
00220010111
30220120132
00021130122
03221311120
23020311220
30221131120
00223133101
03221300010
01222310311
00222110332
31212103021
32223010322
10121333200
00321331210
30131133100
00113131110
00213102111
20321132110
20233133210
30213213010
20231231110
30031120110
10031110230
00020110233
20120120031
20320331020
00321221320
02320031320
02122031023
13222032023
11102032020
33312032021
12310331321
32310201022
20210101023
32310102112
30020300112
31112030302
00222321301
31222321310
30222021323
31322102132
31323212120
11322032110
22332102131
21312132100
01123321201
32233321001
21323232101
11233310101
11332103020
10333101220
13231301110
12031101120
01032201120
10223211130
00022121130
10322132101
30120121110
33002032111
20321203111
21323213021
20323210223
01323212033
00323212111
02032331101
00033200112
01123200111
30110230110
21130030110
01112010110
30120132220
20130231220
30133200220
01032232300
01031300220
03221202220
10222100220
21222100330
20021230020
20021100033
30121110030
20010110030
01010100032
01021000112
01021301332
30122103332
21123103331
01010301110
00032101032
00032102121
00320230321
10132103212
20133200032
10123212332
20223200131
20030020131
20233101130
20333100121
23230101121
10030010120
20020221120
20020030221
20322103120
21021001131
22010300031
22120301131
11021300031
01020200331
10102102131
10021220130
30012102331
20202103231
01021102230
10312103221
02031100131
22132200130
32101100130
03221101132
12020200032
11010201132
13010301331
13220300131
10030100111
32031200311
11010300020
10010200013
11001030321
12112030321
02003032321
03001021320
31010110320
01310021310
31310103310
01210201311
10112100110
22110300120
01002120321
02020100021
30011013210
30002031322
10002210321
10001320320
30022310320
30013202230
11020202220
31010232000
33120300220
03121301230
23131100230
03110100020
13110302221
33130200121
13230200230
32130202201
21310202320
10310102022
23110200331
22030100220
22321000231
31321000213
01310302213
01030023210
21113100030
01020301221
00102101210
12203103310
12303203321
11203102321
32023103321
01033103311
03313103321
03321001110
23031201220
00012010220
10032233200
00013230232
31021322200
33010101120
31031201212
13120101232
32020312300
11310312202
30020133211
11001032112
01011032013
01001031002
30020112102
12010102230
22320332210
13233032210
33021300121
13121100120
13210101030
13310110321
31123101130
31203132100
03120201120
22202102320
20103102120
20113310320
20113201330
31013201320
10133320210
20222320210
10203202110
23210322010
00011023100
02111321010
22133321030
31223220311
31003212112
23303232110
30003223210
30001021203
23000321032
20310312000
22303212023
20320302013
21223021313
01103202012
00313202023
00312021030
00303021021
31320121021
33310131023
03320021023
03112031320
03011031210
03310132210
23110123210
02113020210
21113030212
20113102231
10223101231
00012130010
02112032001
02313200320
02123231321
03321131321
22311031021
11311021020
11202021030
21003232030
21031232002
31003202023
21033202111
31203211030
21203102010
31303101031
31002102210
20320102321
22022020321
33012010321
33111020320
12123020320
30113130323
21010220310
20112120313
12021100010
12031120213
11010020322
00202102001
00332102010
23312102123
02103103101
02210300103
00310200101
22310301211
23030200110
12310010310
02001010310
02122131310
02322103111
30132102103
01322131030
12321330320
00321302203
30321000102
02320110210
02321300212
00321100311
10321302310
02321212313
23321302211
01321300101
11322031021
11320020210
32030230210
23320010320
23021101330
22013030320
32023031020
02130231211
02320331011
12210100311
12120331313
02010132313
02030020311
20001020313
00123320311
10012021311
11030330311
01030331212
12130332212
12110230213
13130332323
13232330313
12132230312
13230220322
13132331201
13223030321
01022030310
20033010322
00023013102
02001321021
20012321320
11033110321
11022131320
11122310100
11031331300
10310231010
20303201010
02303221030
20333232200
01023232210
02003130210
20113232213
20003232323
10002132313
30001030212
23020033210
23003010210
13002020310
11302100310
02002102311
23312131031
21321312001
31020031011
21030131023
32120132011
22320131033
02003232013
22133032013
21113032300
20112032311
33230332311
10223232311
11010032211
11320301311
32320200310
12320121310
12320103323
22120100332
02321203322
02210103300
00310101312
02112103312
01320302302
22210202302
32021300302
21320103000
30232103200
13320132320
33220332200
12321322301
22320300301
22323103022
12021201331
02022132022
30222132203
31123032203
03220232213
12320032012
11020032300
12110032303
32010031002
01321231012
33320301212
13321232210
10112032200
01112320200
21032200200
01210200200
11310100302
23310300202
22320102202
23320032001
10111020303
10113010311
21031101322
03320100322
01320100203
21022103023
31002101022
11310201201
33310202200
31320202012
33322132010
30323102020
33232232202
03112132012
11203203000
10313201032
13313213111
13303231031
13313132030
12113130310
32123102033
22323102113
23203103213
23031232211
20333132313
10333031312
03313121020
12213131020
12313103011
23302103011
22302131020
00302101023
33313102013
13322102033
11312102001
31020102201
01030010201
03230021212
11030121313
10030023102
20010123201
31233031202
03323200210
11320021002
21030021012
10321101012
20321303002
32321103001
23111032003
13113032011
33322021031
33022021210
21022021020
20022010212
10012110312
13321110310
13322101210
32112121030
32012101011
22310101303
00320201202
02320301100
03303201022
13313212022
02313211012
23313203012
23320211213
33320311103
13320202313
01013202313
21321201310
11320211100
11321101303
13320211322
12323213003
32321212000
10321311000
33321331001
32020101313
33222103323
23002100323
03230131313
23133031310
22031131313
33031331322
13133213322
12203211013
13320221011
32133211310
33203213102
32133212003
31031211103
20320211001
11032220302
10222010301
13032231311
21032221003
32223031301
21032311201
00023310201
03321211201
01023213301
01003211323
01303211001
02213201001
20111321001
22213102003
02012131033
12012321031
31013131021
31021131000
02121131203
02021332201
22010032200
12021330103
32013102022
32023202011
12012132000
12033032002
22031330200
32031231001
22013232001
12013212323
11012031012
23002031023
03002131011
02022021012
12002031210
33002321020
03230230102
33222031000
03322103002
03022102213
33223231320
30223032212
30223110211
30133010212
30023100232
31021102312
31023203002
31020200103
33323202321
33020202332
33231120212
33132220103
02032220100
33131332203
22131230101
03033132122
11033132011
33013132310
33023213313
33321121013
33021220322
11021110302
02021130300
33031130101
32033101210
02033131012
02023121320
20033031211
20003101221
20001031100
20002032201
10003232212
20022131311
20003110311
30333120311
33221232303
03021331313
02021230213
23131332312
23021200132
11020231213
13010031313
21010131210
12020132203
23221130213
13221331202
13031132200
03231331103
30122031103
23023032113
13223132012
32223130202
30333131102
10233131303
20233010203
20111010200
30223010100
32223121103
32021201203
02113211203
33313211210
30002010101
30022120213
31013021010
03110221213
01020220212
03220020313
23010020211
13220021203
03020110311
13010330212
03020032312
23010232322
13221230312
13131230303
03133130321
23132231322
23110021312
23230032302
12130010202
02130130200
13130130211
33130010311
33233121321
12033221321
03133221320
11023221310
33223131033
33123131210
31123031312
33120130313
31123321022
13122021013
02123121013
22023201323
22033203302
11021230200
03231110100
13321200202
23321100103
21023100210
32023221032
13033231022
23133231033
21133131100
21223321000
23323202003
33123232001
23023132000
10133230102
10011030101
20133130201
10113132301
30023232302
20223231203
20123230300
30122130301
10122121303
22123131001
23233131002
21023121031
03033221011
10002321003
22003021011
11003021022
12003121033
13233121013
12133101323
20022130200
22133102200
02131231300
12131120100
12302101002
10002131202
20013132202
20033120212
10333020202
30233220302
10013221213
30113220211
30013231201
30012131100
30013220100
30003120201
20002120302
20022020103
20133121322
20003221101
10123021101
20223120301
20011021302
20113020102
20023021200
10123220203
00123122100
01212101000
03103202100
10023120102
20112131302
03233100202
03033212312
03232221302
23221121303
03223211303
03223203311
33323211002
32120221003
21133020301
31113120103
23112021000
33011021001
02013021003
11013221001
03113231002
10113221302
12113200101
13100133202
33110032201
02120030301
12120020103
03120232300
02123203300
02110021100
22110231301
12010110303
02020231303
11030131101
12120131100
13112131003
13022121000
13110330103
22120330102
22030231102
33010331101
13220231101
13220010102
22020010302
23010010100
13120030200
33020120100
03020131200
23021131102
33120121322
13020020301
22110120300
33110110200
23030130202
23120220202
03021221100
02010120101
11010021200
33110221300
12030221203
33020221201
13010220102
23130221101
23031121201
03131120203
33131221202
23123211100
23233202300
23233211201
23013121012
12013201312
33003101311
13003211302
12003231000
10003200231
13023201211
13013212201
12023202202
13133202203
03113202211
23123200313
13113100213
11013103303
11003201103
13023200100
22013201100
01033101102
13033102313
13213102102
13013101200
12023101101
02003101203
23113101103
33133201301
23113212302
33112100311
11002102302
13012101322
03112102303
23222102200
13022103301
02002100102
22012100301
33012102202
33123100201
33222100102
03122101101
13123102300
33113103302
23223101312
