--- Configuration ---
Max Run:			3
Min GC Content:			0.3
Max GC Content:			0.7
Code Length:			10
Min Codebook Edit Distance:	3
Generation Method:		Linear Code
Min Candidate Hamming Distance:	3
Number of Candidates:		13378
Number of Ones in Matrix:	39916
Number of Code Words:		6643
--- Performance Metrics ---
Number of Threads:		16
Candidate Generation Time:	0.04	seconds
Fill Adjacency List Time:	1.58	seconds
Process Matrix Time:		0.10	seconds
Overall Execution Time:		1.75	seconds
=========================================== 
3330002101
3231300021
3130321120
3132031121
3022201013
3020302010
2333130301
2330202232
2323012311
2233001100
2213000202
2220200022
2200202002
2133132323
3231331233
3321331232
2121020202
2110111303
2013003313
2003012231
1332110331
1330111012
1321221003
2131212003
1321001002
1320022003
1223003121
1210332022
1210011230
2210101120
2211101010
1203133100
2311331001
3213311001
1133221103
1131221313
1130113030
1123132113
1122310233
1122003300
1211011300
1312110100
1120331303
1120010300
1312000103
1032110020
1030110230
1003131122
0013113122
3100323023
0232100200
0220022000
0123132032
3112110101
0023000111
0100230011
0010302011
0003100211
0003001213
2000103021
0202023112
3323330111
3233313021
0320033123
1211303300
3230003110
0233202202
3101133233
3113132033
3001302311
2321101220
2321000222
3221000221
0010213121
2232103310
2320323100
2230202310
2233202030
2230001220
2221131023
2210022120
2201022133
2213003120
2123111331
2212002123
2110110230
2000223111
1321000131
1331131331
3131131330
3113133100
1221113332
1322311133
1130213313
1212200233
1021113101
1101122000
0112121000
1010221130
3331322101
3331002031
0302221033
0222022210
3232120300
3312023200
2023223000
0011311331
0022233230
1001011010
3321122230
3233220113
3213322002
3130322202
3000133221
2110313300
1110333200
3233000112
2321330220
2303303202
0012330331
2300222333
2231222033
2211303013
2210303123
3221112033
2133230211
2120132120
3313311123
1332031120
1321213133
1312012220
0113223002
1313220032
1103220322
1003223122
2122030010
1220003201
1203232310
1320200213
1201300101
1120300111
1210103022
1200300031
1013113003
3113110031
2200322320
1012322133
0333232001
0333200131
0332000213
2322212033
0200220232
2002321021
3031211322
3001222033
0031222032
3332212031
0310300111
1030003111
3320131110
0313332301
3312202332
3112100033
0311100233
3100031023
1010030323
1003003123
3032110212
0012323121
3100113110
2320022310
3320202230
3322202020
2023330321
2321230311
2331001232
2131002323
2300221011
2300011122
2322022100
2323003310
2223120232
2221103113
2213331333
1323001212
3220300032
2320300031
0220300321
2123000201
2230020100
2120020332
2111023232
2021212002
2202211002
2020332210
2012230032
2010020102
0210200102
1202000102
2003201233
1110020333
2002031230
3311230122
1330101120
1322121000
2132112000
2320112100
2130300321
0112201130
3310111011
3130111013
0110033002
1103030002
1103000323
1323000321
1223110200
2122023200
1213200303
1210220230
1120220233
1212020232
1321011130
1201131101
1101131210
1313132032
1132110102
1120001301
2301213011
1201230311
1113001333
1130212220
1110001013
1010001131
1030101231
2232031311
1102202210
1021110223
2011101223
3321103110
3132311011
0301100310
3212000213
0301330223
0230332332
3230213230
3230111302
3231011303
3323111023
1121100233
1210101233
2110101231
2111021023
3132202330
0112311133
0111311213
0111231131
3110203222
3110302220
3003132032
0031332031
0303031223
0033002223
2002022020
2233132032
2001232020
1112003012
3131012330
3301213130
3021313121
3102313112
3020022120
0001020323
0301020032
0030021032
1312233312
1333122331
3330221222
0201333023
2013033032
0121222033
0221220133
1202212033
2102122033
3101012022
2331103112
2330131112
2331130111
3231103111
3233101110
0110020212
0010022121
1010020211
2232200311
3113332221
2223300233
2202323003
1322230322
2213202201
2211302120
2210222332
2320201033
2220103023
2230201032
3031213133
2133323130
3312201010
0331122000
3112200310
2131000132
3120010132
2132223131
2312223133
2113232231
1123223231
2112232301
2113222303
0100101120
0101101010
2111303302
2111302231
2013220030
2010220310
2003001021
2000112020
1320012322
0113120003
1112000330
1322022213
2123220200
0111011130
1101110130
0110133133
2212321331
1220323331
1223023332
1223320333
2123302333
2122303330
2122022333
2201110132
1213220110
1132311223
1212120303
1123101110
1121311020
1112011331
2230223030
1100321000
1103011322
1333233013
1002321332
1000331010
0332030132
0330012320
0331233322
0333233132
0333123323
1312122030
1322201130
1212201300
3330101312
0312220023
3311100120
3230002023
2102223223
2021222323
1131113100
3111311100
3222112313
3322112231
0123323221
3133111333
3311131332
0221303133
3131023122
1120200020
3112233313
0103122331
0032210222
0032012221
0031313311
3003311311
0033313101
3312323123
1003121010
0023202112
2002032112
2002233233
0023232233
0022331110
3020333202
0002313323
3310222331
3233300231
0310022230
1010023133
3313223122
0223310133
2203031133
1002212200
3312022333
0022001112
0031213220
1212331110
3001023312
2333131232
2322233313
3223232313
0302223222
2322120220
3212202210
2320330310
2230330311
3130100012
1330100013
0330100132
2233323221
2322333222
2233223310
3122202213
2321220223
2232023032
2233122100
2231122310
2230132312
3222023030
2213001331
2113003231
2201023000
0203233302
2132022210
3202221202
0102233123
0101233203
2120223202
0102030013
0002030131
1000320011
2120012202
2020012320
3131223330
1331232330
3311322330
2003221020
2000221300
2001302230
2003220113
2000111302
0200111303
1312330101
1313200221
1311020030
3112010030
2211130202
2121103202
2221101302
3220211102
1322211002
1320321002
3122031002
2110222023
1220322202
2113133021
1211031113
1133133103
2020200211
1130101313
2111012020
1112010202
2223112302
1033132112
1013131001
1101133001
3330113031
0333222133
0331110130
2131220133
3313012122
0032212033
0302212030
1110303121
1113031012
0220112210
2022110210
3222003223
3232002233
2322002313
3221132220
3221300102
0201133231
1013322003
0113322000
0013321200
3323121302
3231123302
1122201303
2012332312
0233223122
0312332231
2332121230
3222313032
3133012120
3330112102
0123310222
2012030220
0122300220
0022212110
2330201110
2330102111
0020321232
2132120130
2212101330
3023310013
0233310010
0010033120
3310223202
1122331113
0001012213
3311120333
0221310323
2021310322
3313113120
3133131120
0223110321
3022110331
3132100202
0200321230
2220131113
2203112133
3111330220
3101331230
0200201112
3210100132
2331220300
3322012300
0022002230
2332023110
3222122032
2113302021
3301221000
1120321231
0223131001
0023313022
0033301222
2233120311
0202321020
0032120220
0202132022
2223012233
2211233203
2212233123
2210221010
2211020201
2221021020
2202121000
2131103321
3321110300
3330211103
2133310133
2123033202
2120333201
2212333012
2021012210
2001221230
2000321231
1100320133
1332201013
1331112200
1311302311
0031000222
0113010213
0202022021
0002220211
2221020113
3010030111
0100110121
1221332200
1213222301
0021000301
0311023233
1202202101
2021000133
1201002033
1203122101
1202110101
1130002100
1110332333
1102330211
2230023222
2230320223
1101000133
0331331002
3031313002
0221212003
3300103211
1320110002
3332121311
0230011120
0301232103
2022000213
1002113010
1002323123
0112230322
1102023322
1311012100
3110321311
2130023133
3311300332
2110303232
3031022133
3320333113
0333010211
3302321211
3302111322
3321011302
2120010013
0220010130
0122000103
1032101021
2220332023
3303111212
1110301330
3130302011
3330201031
3310302013
3230103021
3330100221
0220103211
2013232313
2301232331
0203220112
3213030002
2301310202
1113023331
2010002100
3210220002
3210031211
2001122231
3131022011
1101233322
1103233132
1103123323
3110331223
2230010221
1100100132
0111001002
1011001001
1002221203
2130220003
0112113130
0123331102
2313311002
2223121301
3113221100
2301100122
3102322300
0100023013
2110202230
0033001101
3100011230
2321023313
2320213310
0301132220
0022033022
3221221313
3232212113
1323222131
1223221331
2312322131
1322213213
1222321330
0021300022
1310010221
1012112000
2112110020
1002311013
1003120123
1001023120
1000311203
2201333211
0011121202
1131302313
0233300122
2331300022
3330010222
3030012322
3300210322
0010031331
1202200310
0330011002
1030300110
2112003301
2323011033
1112110333
1112023201
2112120301
2131122001
0231121200
1121331233
0230111011
3003310222
1221230120
3233121303
2303223120
3312321332
2021133001
0221133000
0021132300
2200031213
0121303222
1023031222
3210101001
3211001000
0200202230
0202202020
3220212220
2230331222
0101011013
0001110133
2000101230
1101213131
1011321131
1333032332
3332201221
2333122022
2210322203
0332002002
2120002330
0013023332
2131213130
3301122001
0303113310
0031333102
2122232013
3310103332
3110333032
0102000332
0210003032
3301233323
3302333132
3312011330
1331120330
3022000332
2200030320
1333222012
3312332122
3311332202
3313322120
1312223220
3100332022
0031020031
0102332121
0222322133
3211122000
0011131330
1001311333
2023111213
0301112033
3001112031
0010112331
3323302021
0332233002
3220330313
3321001230
1321002320
1332120010
3020001011
0320001013
0203000113
3100022233
1100330001
1313332220
3332003222
3330203220
1123131231
2332322300
3223323223
2323323220
0223132323
1110302012
0220110001
2331031113
0311310113
0303323223
0003302212
3101131022
0113110322
0313111022
1301311022
3331033223
0221112320
3221213223
2321132223
0233323013
0323303201
3203332013
3302103001
0311331233
3023113123
0123113312
3213000323
1121310113
1113211013
0230022123
0332112001
0102122201
1131232103
0233230332
3023203332
2303023332
3200323332
2023033320
0223033321
2303332010
0111022133
1030002022
0130002021
0301000221
2212201013
0221122001
3103331020
1320101003
0311131021
3102200233
3232321021
1320003323
3332012223
1033310302
3113331103
1131133313
3311311333
0013002012
0101332201
1230020213
3301232210
3303220323
0032001031
2221303301
0202220022
0232101333
2031012333
0222330210
1113221332
1112321333
0201110300
3211011132
1231101132
1312103310
1310332100
1311332030
0001201211
0231131332
0013323011
0103323010
1222103120
0021130111
0021031113
0303310220
0013221331
2003111022
0023111021
0220011003
2333201230
3223331100
0003022322
3301103321
1223222013
3022202331
2032220331
3022321331
1130223032
1100223320
1201112030
2011120103
3302212323
3321230230
0332122320
0333122210
3323122020
2111011302
2113110110
1221130203
3112111032
1130120033
1013201003
0110132000
1010132003
3202223013
3133202200
3100030110
3023031010
3303010210
0113200133
3221302313
0312023113
1203132033
3103120233
0313201233
0120011312
3310010013
0330101001
3310100010
0103332011
3013330112
1033303112
2002220023
0220030323
0020033232
3032000211
2302003011
1012103001
0300012032
0222020001
3001113102
3231023233
3232310233
1100221131
1332103121
1203223311
3221333101
3223313102
2231331312
3221313312
0002303211
2122313202
1120303233
0200200021
2000200020
0020002020
2213122331
0113000321
1012333132
1013233133
1011233323
0111323323
0201131020
0021131022
2220110233
0102322013
2232122030
0013200011
3332023031
3330202313
3102121230
0032113223
0031123222
1210200023
2110200021
0110200213
0010030202
0200103020
2001000302
0201003021
1102223130
0122233312
2302100202
2230100222
0222002003
2200200213
2022002002
1112333010
1120031020
2120001012
1122101020
1120101230
2012120223
1202201223
1122022020
2011220220
0102221200
2100222100
1202022100
1012022210
1202220103
1012220213
0112022213
3211313000
1321331000
1210331300
2122123331
3310020332
0002031002
0021030020
3321002112
3221001312
0311120020
1222320203
0001023001
0013020010
3131310202
3311103202
3231311020
3211103320
1321310320
1131303220
3131103200
2301211200
3122112002
1321122002
3212121002
0231211202
0232111201
3201121201
3323012230
2332311303
0333133211
3331221312
0312212113
0110110002
1002003013
3311213013
2023302211
0223230211
1323110322
1311033220
3111222032
2223321113
0223001211
1002332122
0112233000
1123302020
1102233002
1223300120
3231000302
3301220133
3320133301
0002230323
0302230032
3002023032
1001220010
2220300113
2120302013
0201310112
0001311212
0002311132
0110331130
1011330130
3020332331
0233233010
3002332310
3032023320
3311002200
2011000221
0012233122
1011122001
2123232123
3122321213
0111023000
1233223003
0111233320
0111333211
1333001331
2302101331
0222003130
3221310030
2332310230
2332210301
3220220310
3223220030
3232220023
3222002310
2320212223
2232102223
2022321210
0030221220
0301220220
3321220302
0121302311
0223322003
2023322002
2230322032
2020220002
2202002000
0002201131
0230302013
3223030310
0003202323
3000203223
0021133233
1203012311
1320130211
0311233113
0312313111
3011233111
0231012332
1123001021
0201300020
0030010220
1323303320
1312231103
3330220311
3101000301
0130100301
1030010301
1110201201
1122031230
0200131110
0023132110
1211001232
1330322203
2133322003
2112313110
1121323110
1223012120
1220113202
2303322122
2332321022
3332120222
3332021220
3233221020
3230221300
3231302230
3322132022
0122012220
2200201320
2210023013
1310023222
1310320223
0022110022
3331321223
2210033121
1322120133
1222011332
2010022313
2211023123
2111332110
3213001210
0012333013
1002333011
1120213230
2130101000
2013001102
2113001020
0232000331
2030002331
0002012133
3111230311
1310321310
2201112323
1200113033
0012232011
0022203111
3331211033
3310211332
2203323133
2233123033
2333120233
2321300101
2210031330
2110033230
2230213311
2230321310
2232003221
2331122232
3121222320
3211223210
2131232210
1331302120
1331130202
3310131202
3311231011
3301131211
0111313002
3310321122
3001001310
0031012101
2221110303
2321121033
2211021332
2231121032
3112311220
3300332211
2113012230
2112012300
3323113232
3322113302
1223200011
0122200311
2220030111
2020031211
2021200321
2020103210
2210302010
2200130211
2200021321
0331103320
0103310013
1003031013
0003310131
3130110120
3310110122
0302120223
0002122323
0003122213
1120003110
2302212202
2202212320
3132110330
1133202032
1130202312
1200022310
3212201132
0103221330
3113120310
1331002203
0331012210
0332012130
3300323210
3302302320
3302311130
3101213303
0311213300
1121330300
3331122313
1332321331
0011100122
2123221333
3213222133
1213232233
3311023120
3220321312
3320322112
0021003023
1131211032
1101211320
1102131130
2100030031
0022101023
0020101233
0102113013
3302023323
3300223321
3302303213
2002112230
0022121230
0023121300
2023113002
0301221313
1122311300
1123311230
2130202001
1200012031
0113001212
1000303120
1110330122
3323232231
2323322313
0123330031
1102332000
1202330100
2122120013
1000213123
1100023132
2000102112
0002101212
3102110022
3100110232
3101120023
2310030321
0230101123
0231101013
2230211100
0123232311
1120122301
2011012102
0233122332
1123121303
1213112303
0312113303
0311133230
0011011012
0011101011
0010101121
2023001210
0332120131
3032120133
3022011333
0331212002
1311133311
3033202322
1102201132
1110122013
1112001203
1110202123
0201012020
2001012021
0001120212
0201120021
2220002021
2020002212
0102110331
0002113131
0001113211
2120031333
2120130331
2132030133
0332033210
0303322310
0032323310
0022022023
0020202232
1101222323
0123031221
1031310112
1310100222
2010011310
3112201223
2010313222
1120022230
3311232333
3313122332
0010032013
0302220100
1221313120
1033230020
2223211303
2110131110
1021311102
2231012100
2121310200
2211031200
2212031120
2213120120
0221311210
0222311130
2213110201
2212311010
2231120101
1332332121
2332223302
3323322232
2233233222
0301313312
3211330131
3321212232
2332211232
0121300100
3031232213
1102313320
1330333202
1032311301
1033311231
0333111213
0331311211
1330221010
3313031013
0203331022
2003331023
1332111202
1331121203
1332121123
3312112123
3103202112
3021002203
3221002030
2221000300
2123202202
2212203202
2010202312
2013202032
0200132232
0012030012
3320112021
3230112020
3300112210
1010300321
1013330320
0123221101
0122211310
2020100132
2003101110
2001103111
3131100122
0103201123
0100113203
1222100202
2210102202
3331100311
3303131001
2211100123
2121213013
2311221002
0231221123
1031221231
1201313311
1203313101
1320331130
0313000112
3010003112
3211233322
0011303012
0010303122
2023220322
2203202322
2320203222
3320332020
3322030302
3032230322
2133200130
0112223132
0112232133
3022113013
3021103201
2133033321
1233303321
3132330331
1033221021
1032201302
0233001332
2203330323
0201332110
1121213300
0223331213
0223313211
1003322120
3023122331
0113230212
0010321120
2320211101
2132211001
0203311231
0202311301
2202233000
0223232000
3031233320
2330001302
0333001210
3033100210
2121002200
0103001331
0013010331
0301013031
1013230211
1030232111
2201303130
0221330130
1311121032
1200020101
0210002101
1310222103
1312022101
3322122110
1310001220
3031332322
3111021102
0231232333
2033122333
0001303131
1000301331
2211002203
3102311303
3103311233
3032311133
2033111330
3332220101
3132232011
3322032113
3222031313
3312232013
3312032201
3000112101
3221211032
2303323011
0332330211
3203233011
0232333011
3302101210
0332110210
0203330111
0003331211
1332002123
1132003223
1100131320
1103103130
3313002010
3022333012
1312101101
2002202021
2000202231
1220103330
1220301333
0032201223
3232100113
1312111033
1231110133
3320101231
3322101021
2322101100
3331023311
2001212233
0021221233
1103202320
0113220320
2230303312
3223300312
2233303032
1332223011
0331133001
0101213010
0021310110
0101321011
0011321010
3331230313
2010222101
0212220101
2012220100
0112220210
0222031000
0001103323
1002223012
0102223011
0112120133
1012201133
3312313202
3132331202
3022310123
2322031310
2220331301
1130023220
1330022120
2323030313
0013202200
3321232021
2332231021
1012031000
3000222103
0300222101
0030222102
3310213123
1013121133
1101123133
1311000223
1102311131
1103111213
1101332320
3320011232
0120033310
1030103020
1321333211
3231332111
1202112310
1202231102
0311000302
0310031020
1033001020
0313010020
3103100020
0202233232
3113031220
1323131002
3213113002
3111302310
2220101232
2221012023
0201122230
1021222030
3230011233
0030011313
0330010131
3031103322
0331310322
2133220323
1103201002
0102120010
1332023203
3332302032
2020030322
2230030032
0231332202
0233322120
0123233222
0231331120
1220001010
0032101100
2130132003
1233012003
3312003013
3222103312
0312223301
2312233001
0113012002
0331220132
2331023230
2330221303
2333221023
2331302233
3313300122
3130303122
1330303123
1333013012
1003201120
1000113200
1100133131
3332133032
3313230332
3133023332
0031212313
3231112110
1233111210
1333113123
1122200230
1103313210
2233221101
1322313322
0200300110
0102003010
0032000102
1103122210
2211311330
0310033231
2221011301
1032120301
3212031001
2132103001
3102031233
3331330222
1110113201
0012313200
1012332001
1002331200
3212321210
1120333112
1112332123
0002223133
0102220333
0222030133
3222101103
2133302210
2123233010
2323230101
2233302101
2323302100
3213230210
3323202110
3002122030
3223221103
2023133211
1220200331
2113230020
1333012121
2121113330
1002111201
3021310203
2131023003
1321302003
3322233232
3101233110
3023311120
3232110021
3302110211
3002112311
0032211311
0203012230
1002310120
1003211012
0123223310
1311232101
1032330021
1202113223
0223031130
0221031320
2011103032
1310030032
0110030320
2102000100
3230030113
3301112320
0123110030
1013221210
3130101121
1331031200
0203010021
0020013021
0003010212
2000130022
2013121220
2332202022
2300322202
1210133303
1321133003
2203230212
2220302302
0222032322
2112103230
2112210303
1222110330
2202113130
2201113210
0100213120
3110303313
2113031301
0101120330
2232332310
2322323310
3310011120
1000211332
0110001132
2122110332
3030322320
0332230320
3320300110
3113131311
3113311310
1033111023
1333132203
0012321330
3212323001
2132332001
0302310310
2302333013
0302323313
3032330213
0333032213
1103222133
1222101331
0121121032
1011303133
2133233133
0110023130
3310101123
3311101013
1331100123
0030100223
1131021101
2021132132
1012003130
3031230002
3301230001
3303012001
0231311333
1123303113
1133033032
0301211032
3021221120
3212112001
3311233200
3312233120
0231110012
1123033111
3310133013
1001001122
2322030223
1200033311
3221133313
3303122211
3302122321
3302312212
2330223112
3213331212
2203113000
2303110200
1000100010
0010001010
2200103212
0220012321
3321233112
2323031220
2203132320
2303132202
0233132200
2231033220
3223310220
1010031210
2023132322
2223133022
2230133221
3223130221
3233012231
2233031221
2330231231
0011213011
0031232100
3031221003
3001223100
1332213330
1113032330
1113230333
2301313120
0221230001
2223000110
1223020010
0303311313
2210230011
2021302001
2020213001
0220213000
3332113221
3331213222
2333202112
1033033110
3033132320
3310303120
3311303010
2003113233
2001133230
2203011320
2301023122
2130210322
1130022313
1310022311
3102230112
3102321022
0232103122
2211012331
2110103020
1120202231
2112200231
3321101301
2210323330
3233123112
2332313112
3003322312
2232321100
1211100230
0313313021
0032200310
2110003111
2202333131
0133000110
3130001010
3103111021
0103131121
0332100322
1120132233
2301120331
0221020321
0220031210
2231002032
1332322013
0021103112
3001002032
3230321231
0311020111
0222112000
0102321331
0122133031
0110302133
1013100213
3020303123
1030333113
1330331013
3013033113
0313303113
0023311233
3223311313
3231233113
0320003202
2300030202
3330222100
1330232200
2200132000
0122003221
1113302332
3111233033
0102031120
3302000212
3032020002
3302020001
0330022001
3130222333
3012223303
0012103120
3323230020
1200223031
1200322033
2322232220
3213003001
0303221103
1201012101
3213132322
1313323221
2131333212
2331332112
3123133212
2133321321
2333132110
2313331211
1113202203
2112113302
2011230312
2022311131
0221321131
2320202311
3220202312
3222032031
2322230031
0300212220
3001202220
3002201222
1133213033
0301332032
1213000111
2113000113
0122030222
3322003301
0003031132
1333121013
2231202220
0013322122
1001211202
3311011010
1033110110
2123201120
2120113200
2122113010
2221301110
0312112230
0300332102
0302103312
1132233310
0203122020
0012230200
0031121033
1001120333
0011102333
3001110220
1032121232
1203121223
3022022330
2330220230
1131222031
2021332320
1220321120
1223101201
2320220313
3210320133
1132202102
2112201302
2002211231
2330323023
3003012310
3233010020
2110321230
0033202031
0030202311
0303122102
0301122312
0302003223
0012023202
2010201030
1322233000
2201213133
2220001303
2123200013
2232001030
0110101003
2213303203
0221022130
2301121202
2130112210
3322023112
3232320112
2200302133
0122110100
1202101100
3032122322
3031222321
3110002103
1030011232
3021232330
0111331000
2013230102
1323012002
3213201002
0112330213
0121330221
2011330223
3131331122
3311313122
2003332301
0232232013
1312333223
2203121130
2231021103
2213121013
1221123013
1210100300
0312321021
1221233202
1222332120
0100011123
2321012101
2023121132
1133012312
3211132132
3212111323
3112113223
1231211323
2121131332
2113113232
1213131232
2011011220
1220110120
1120112020
1210121020
1012101210
2232333223
2120200333
2203200133
2020203133
3233201233
1121302230
1210212300
2213200010
1322212320
3221023310
3223023100
2330333111
2202220210
1312031311
1313120311
0300302223
3002030222
0011002202
1121023233
1221012330
3021303013
0300213313
2130103211
3221103032
1223302331
3113322313
1132323313
1232333130
2123331330
1322331320
3212313320
3210201322
3320303232
3031000131
1033120231
2133311000
0332311131
1033123113
0331123133
0102313201
1102121002
3002121312
3113122101
3111221310
1311223100
1123113233
1122113303
1121133230
0031122311
0103322123
1000202122
0112323003
0002033213
2101112032
0023131232
1211000301
1122100113
0233000201
0230023010
0330020210
3230020021
0011330011
1112100201
1112021010
1101221001
1001010123
2122331200
3020132123
3310202122
2023201002
3211213131
1132112313
3233322233
2332323233
2303122330
2012233310
3132111203
0001112322
2013122102
3032313322
3020103331
0031221310
0033221100
1213120233
0313001021
3222321102
3221330223
1112133202
2010221223
0122122030
3000101311
0113011320
0101133120
0013131120
3033122212
0333212212
1311120101
2201302003
1333201123
3111300101
0201113022
2001001231
2020010131
2303300120
2300331012
2300133011
0223303323
1121110301
1132101103
1133201310
1133320101
2023012000
0011022011
3301101130
0131011301
1301113021
0131101302
3031110132
2221302232
2220221302
1110003202
1312100032
1333200010
1033200301
1123031300
1313230100
0312121233
1203230101
2331233110
3131133121
1131313312
1331313121
3133311121
3131311331
1331133120
0221002323
2220333110
1330213120
1032313110
2131311210
0113202322
2200131322
0201233112
1323302213
1100212132
3100333111
2300033120
1120030113
1100013213
1100302131
0110031213
2010321312
1113103013
2212313201
2231232101
2321223101
2322213100
3221322100
1321322210
2120213123
2002120300
3322311301
3323311231
3231313231
1233132321
2233232311
2323223311
1103323131
1132310310
0113233130
1131233030
1132330103
2131310323
0113201000
2011332032
0232003013
1130011310
1130301101
1313010101
1131013031
2020101001
2021001000
0221001001
2213323010
1331012331
2121331120
0103230331
0003233131
0001233321
0003313213
0001332323
2013030310
2303221331
2302231333
2223111020
2300100012
0320010012
3132101331
1321130321
3220121100
2220111300
0020132230
0023012232
0201220302
0310222022
2113331022
2320200100
1100020210
0203232231
2330130021
0311002113
1222302201
0331112321
0331121322
2012311223
1013031130
1003113120
0311311020
1030113112
1110100011
1100101001
1010110001
1101001000
0021002110
3303312322
2122011330
0103311120
1303111020
2200011000
2020011002
1012000212
1000103332
3331222030
2001311020
1001310200
0233012122
2021110130
0003121131
0120111223
1210112023
2120101123
1211200113
0020011230
2223302022
1320202002
1322002000
0001331001
0013300120
0100133010
2223113231
1333223121
1133223312
1330202121
3220132310
1031110300
0131110303
1030111303
1313110030
1103131000
0201002112
2213330200
2220133302
3102221113
3102120303
2210200330
2201000131
2201010003
0121120101
1011302000
2133232000
3213223000
3130223200
3313220200
1100323211
0310113113
1031301113
2323300311
0323330202
2111331232
2211331123
2022103000
2221300023
0221000132
0121002032
2003131231
2302023202
0232230202
1113212331
3100131112
3101031113
3000132312
3300012321
3300032132
3300201323
0330023132
0030132313
1311310032
1013220323
2201233320
2023313210
3323003231
1213303110
3231020111
1213012232
1210132230
3211131210
0003221212
0002221322
2021213131
1201212313
0011223330
1133031223
1212023110
1123022110
2112230110
1102321210
1202321101
0122321100
2110332020
2000323020
1110200332
1310201032
1120103021
1100103210
1130012032
2001020111
1103012000
0221023003
3103121300
1032131300
2232211310
1102322132
1030213231
1031120021
3102112233
1012313321
2132233003
1323232003
3122332003
1010220003
1100202000
0332223130
3103232233
3102232303
3210223320
2120023010
0332031001
2003132113
2023011322
2201103322
2111003021
3322103230
3322210303
3232201303
3332202103
3332022102
3132023202
2120033122
1203310223
0332101211
2013302103
0001232212
0231220010
1113330202
1213313022
1133013221
1123313021
1123013302
1132313032
3113312032
0123303032
0120303312
1010302130
1130201030
0120201032
2010012032
2220303231
2223002301
2220233021
2203302213
2113322232
2002002233
1201232100
2011322100
1310132312
1012311130
0001031322
1002220330
1000333201
0100333202
3100200023
1300020023
1312030222
1000223202
2333220110
3303221210
3302232130
0030020101
0100302010
1003000201
3300113323
3320132232
3323201232
3230012111
3230210112
2332233230
3322322302
3223031223
0330201322
3032300132
3030201320
2112223300
2132000212
3313132200
3133321200
0201302231
0200221301
0203221021
1323311003
0123313100
0123133101
0121333103
1331310203
3331012103
3112031310
3110332101
3111332031
3112103311
2210012201
3331232102
3101332112
3103312111
2200212130
2201201210
3032100320
3320103020
3321003021
3030113320
0330131320
3300311320
0112023320
0113023210
1102033210
3021330010
3020330120
3020033121
1212031233
3000202310
0300220310
0020113110
0203110110
3220101313
0303313102
2323112220
3223121220
2232131220
0302311223
3212330211
3233022110
2330213233
2300023012
3030020212
3002002312
1211132300
2113211300
2333111021
0001010002
2220031022
2022100322
2001331233
2201330133
2121330013
0221331003
2210331013
2120331010
2200331130
2003112300
1012232130
3032113130
3031121320
3032211002
2200332212
1002100200
3311310200
3021233203
3022233123
0223233133
2223313023
0221233323
3022312332
0100321121
1222333013
2112233232
2121232333
2211322333
2123122332
2212123332
2023122210
3211133001
2110133301
1113303201
1113033203
1213031303
3322022021
1330302010
1333002013
2221313233
0202230110
3111303223
1323132320
1332133200
2132133320
1323230212
1223233012
2230101311
1100201322
2111213301
0313220113
1210333111
1023331101
2321333102
3222311223
3231122231
2332113300
2333113230
3233112300
0312330020
0012031121
2321303223
3213320213
1133233220
0300020102
0010131200
1132002310
0301110222
0111020322
1133001102
0011001120
1132212030
0230222331
3230202231
2322300221
1112313203
2233012310
1333031010
2212322013
2202322130
2201322210
1012033211
0333220322
0222102132
2022201132
0310202231
0312202021
0120202310
0123202030
0301213223
0311322023
1201303223
0232122202
2032122203
0231213013
0231112203
1231122003
2123312201
3021110011
2022233002
0301113100
1300111300
3031011130
0331011132
3101110302
3101011300
2200223322
0122031311
3320220232
3302220213
0113331210
0112031003
2332330023
3032332002
0102311010
0031120100
0103110201
0033323220
3003233222
0033112220
3030200213
1132201220
0021332112
0023312111
0231313122
1113310011
2231103030
0223311000
2331100230
2203311003
3300212133
0333011322
0312230111
1201222032
0201212232
3220001222
0310103021
1030031021
0233220200
2303202200
3323133021
3303133210
3302133320
1020001223
0121000223
1033220112
0203113232
0313202111
1302023111
2331311023
1203300311
2131313001
1233113001
0302233310
2032333010
1200200100
0112002000
0020212300
3220201030
3222001032
1202023033
1002022333
3313233010
3023230331
2303302331
0022132020
3322031231
0203121302
1120020021
2302223010
3022230201
3132312333
3132213331
0220033001
3132310122
1032233232
3112330100
1133023100
1131023310
3022003010
2302300010
0232030010
2321313311
3232313111
3322133111
3323231113
0012101331
1001021331
2110213231
2121210331
2210211331
3003011032
1131103032
0113311003
1103132322
3133010331
2011002030
0121020030
2302313200
3021323200
2022023322
2003330110
2301233202
2302233122
0223312322
2021233322
2102333220
0020111301
1031233112
1002103122
1010102322
1102100322
3101220300
0120100222
2010001222
1020010222
1010200210
1002001202
3320012110
3220011310
2133121133
0122212032
0212022102
2102221032
0212202103
1013000322
3103001022
3032220210
1001213013
0012113012
0111002320
0331023002
1223122330
2013311313
1331210332
3311012332
1311023312
3110312312
0203132112
0233211012
0032332311
3002323311
1131213223
1012113133
1310011312
1100211210
0331120211
3301012211
3001221311
3002211310
3301022130
2021330131
3203331331
3032333131
0202113302
0232110332
1330132123
1130133223
1313130223
1032220022
0331213131
3020023013
0110022003
2010100220
1021000220
0200310022
0020103022
0001200322
0001002321
2213302330
2321233033
1031020110
0311200110
0231120333
3001213221
1132100030
1310012030
0310101230
0312101020
3210213001
2311023001
1331332201
1130100220
0002112002
0021100230
0200211020
2002330020
0102121123
0203133021
3232223301
3111212313
3303132323
2121300332
2111301113
3112002313
3212003131
0012231333
3212233002
0312232300
0312322303
0313222302
3223230102
0302211312
0332310002
3320310022
3310300202
3032103002
3030321002
2301331122
0221302000
3220113030
1330330120
2302310122
3132333013
1303331021
0301333101
1031330301
3131303012
3311033012
3101333021
0032003220
3001011222
0031023313
3001233032
3002310312
3001230310
3002133031
0031303223
3003013223
3223201310
3223320101
0023201230
1132220100
1110322201
1202311220
1031122230
2331333021
1103031131
1100331132
1103101321
0223012001
1120201113
1210201110
3113232310
1133122102
3211310322
3111033221
0222033211
1113323012
3113320102
2333100020
0023221023
3223223312
3230300111
3030301211
3313201120
3130131200
1001133123
2211011013
0110202002
2123010333
1202111032
0310333112
1310303312
3133100332
2303031011
2003033111
2322000102
3212120131
3112122031
1313001100
2211332201
1321112323
1311231223
1310223030
0122230030
1110023011
1011300211
3130033120
1130303310
1313003311
3133003121
3101101303
0022321022
1013110321
0111013321
1132120223
3020222332
3220223032
0232202332
2032022332
2022230320
0223022320
2202023320
2333022113
1211023230
1110223203
3231333022
3123330322
1313331102
1311330221
0220323210
2202303210
2003122021
2001230231
2003120230
2001322023
2230232031
1211302233
2130212133
2121302123
2130122131
2113210233
2112301233
2111032233
2110123233
1210221303
1320221133
0132211233
0322202333
3230220233
2322023033
2232032033
2323220033
3022023203
2322032032
2302220332
2223200302
2223320020
2220320300
2022032323
0223220323
2023203213
1123120230
2113120231
1211232023
1211202302
1213201230
0111232213
0121312223
1022131223
1032112231
0211321223
2210132123
1210321232
1212103232
1223102123
1222130123
1220123123
1122023113
2122031123
1212302113
2130221130
2110221301
3210221131
0212211313
0221132133
2211132013
2213011203
0232112123
2031122123
2132011213
2022111323
0322211123
3022121123
0221123132
3211102213
3210212132
2102321103
0132112232
2112123023
2111223020
1211322020
1121232020
1112032200
1201213220
2011132220
0113212210
0122131220
1011232210
1021312220
0211231220
0113130131
2002312022
0021223022
0102022330
2323202031
3023220203
0203222303
0202232301
2023232001
0223223001
2302032203
0233022203
0323202203
2002232300
2002322303
2302230200
2320232030
2023202320
2223020303
3023022200
0322023201
3202232012
0232223012
0023322230
0202322302
3023202201
2230230220
2323200220
0232322010
2033222010
2303222013
2230302221
2320302220
3230222022
2300232201
2033022202
3200232202
3220230222
3223002220
2323002223
1122300301
1132023030
3112302030
1130322030
0311302230
0310221300
0312210302
0313221020
0013223120
0302132100
3032121000
0312120300
0013312203
1001323203
2213232120
2213123202
2121332202
2123322120
2132213210
1322322130
3212322132
2321322103
2133212213
2232123103
3221232103
3212232131
2321212313
3231212233
3122122323
2231231223
3122232132
2122321332
1222132332
1213223232
2311223213
1233122213
2313222130
2233212102
3113010100
1131030100
2311220131
3122201131
1322021131
1322101213
1320122132
1321120213
3210122130
1321201210
1320212130
3011221232
1312212032
2312120132
1123220113
2112032113
3200331011
2033310011
0233130011
1022111030
0121211030
1012121003
0112112003
1001121200
1201120100
2012011100
0101121203
0102111202
2012110102
1212101023
1201021102
0122011102
0212101102
2012101103
1200121103
1120120110
1212100110
2110012110
2120011120
1001112203
0210111220
2101201101
1020121101
0212011101
0101211201
0012211120
0121112031
0211012103
2101121031
1101013323
1101303132
1013011323
1010131321
1011033131
1013130132
1011031320
1103110320
3110031100
3110310103
3111031030
1011013322
1031113022
1310113032
1101310322
1130103102
1011310323
0131131023
0110311323
0111033132
1103130133
1010331133
0320303121
3203031012
0203303112
2100330312
2301003331
2000313301
0200133301
0230130331
2303010331
3200310331
0323100331
2031030331
3023001331
3300230131
3003021313
0032310313
1330230011
3133200011
3320030112
3300130212
3230130022
2033030121
0330013213
3033010213
3201303011
2303130013
0203031301
0230330123
0023103302
0021333021
0013332010
0333201002
3331200032
3301200320
3033012002
0231330013
0330103210
0331200321
0330031211
3003120311
3301020321
3030103212
3030021321
3000321310
0300321312
3310032011
0033032102
0033120310
0303120313
0301230312
0303012312
0031032312
0023013301
0231303010
0230303120
3230031020
3321300020
3302301002
3320130023
3300123002
3303102002
3301320002
0323301010
2033013010
3203130010
3002330101
3023013012
3023300121
3031300212
2033103013
0321033013
3200313013
0302031313
3030320131
0032031310
0032103311
0030321311
0303102311
0330302131
0301320311
0300123311
0302301311
3002031311
3021033011
0030332101
0330310212
0233103012
0203313020
2003313021
2003130302
0031330220
0301303220
1130332102
1132103312
3132103120
3133101201
2203032211
2020323211
2200323213
2202302323
2202203321
0220233213
0223202321
0223320212
2022303212
2023022321
1131212310
1132312101
1313221101
1312211310
1321132130
3211211320
2113121302
1213211302
3121213132
1121312302
1322131132
1122131301
2231200031
2220100301
2320120030
0223201003
0231200203
2022013003
2001220303
0012032203
0123220032
0122032033
0120220312
0102023203
2012032031
2023200131
2012200313
0012302201
0013222013
0032221030
0222103001
2202103002
2223100021
2203100210
2022031001
2203010213
2020302131
2020013213
2000213230
0200213231
0220302130
0223100213
0220023133
2002310233
2230021033
2020210323
0021023230
0021302233
0020213233
0202301233
0203210233
0201032233
0200123233
2010232033
0020221303
0201023232
0220210322
2201020322
2010032221
2320021032
1232000210
3220002100
2202100320
3220100220
3210022001
2102030221
2020023132
2023100212
2202300132
2020201322
2002130232
2002210302
2003021232
2000312232
2001203232
2201200323
2013200223
3222010033
2322100033
2210020331
2200320131
2120203011
3012002231
0212002311
3210200211
0322002121
3020202121
3120200212
2123020012
1223002012
2302002122
0302021221
0122002312
1022200312
1032200231
0213220031
2100322031
1203202031
1200202311
1020220311
0202032113
0002321213
0022302113
0002132211
0223210002
0231020202
0232020122
0230012202
2301220012
2302120011
3021020201
3020221010
3022120010
3102220020
1300222020
0103022200
3022001201
3020122011
3202201011
2031220011
3022210012
0322100201
2031002201
0322210010
0032202101
2032021010
0020322110
1002322010
1002203201
0102232010
0122302031
0222300131
3202102010
0232002120
2300212012
2300202120
2300210203
2320010220
0320102200
2030021200
2301020200
2300122010
0230201200
2302210013
0231022013
0222301002
0221203002
0220312002
1202032032
2022030132
0220032132
0220201323
2333103302
3233013302
3323313020
2003320022
0032030223
0020323023
0203320023
3011333020
0313133020
1301303301
3231021022
3311020202
0133311232
1033113232
1032113302
3102131302
0311312302
1303112302
0132311302
3103113230
1033131230
1031231303
1311233032
0313121303
3102113300
3211331002
2113313020
2311133002
3111323030
3211033130
3210131320
1313123033
1133120313
1131230312
1313023102
1130132310
1313032103
3310113200
3312113010
0133121301
1031213301
3131213011
3311301201
2331113020
3121130320
1231013320
0331022131
0331210213
0332210133
2230233102
2231233032
1302232302
0132322301
1001232333
1003122332
1032013233
1030231233
1002231331
3032133323
3321303302
3313332012
3301332321
3303313211
3033133213
0332133321
3033231321
0200332020
0003032210
0003220321
2000332021
3003220032
0032032032
0003232002
0023230022
0023302023
0033020221
0202330021
0023032021
0023020302
0020233020
2003230021
0200330231
0020032301
3003200221
0300203221
0302020312
0302320031
0030220313
3000220312
3002302031
0202030302
2023030002
0203030232
0200233022
2000203302
2002303023
3313231201
3132133201
3211323321
1332313201
3132323121
1312323311
3312312331
1233233131
0301201100
0320111010
2301110010
2011310030
2011130031
2010130101
0211030101
2322303103
2321302310
3321302231
3320221301
2032200122
3202120012
1213133023
1211033302
2103133102
3201120332
2030112332
2001231302
0011233202
1123320022
1132030220
3112003220
3212100322
3110023223
1130302223
1133020222
1213230022
1213302023
1123300231
1102323001
2302011332
3022131011
2302311011
1011121323
1011231132
0111321132
1101132132
1102111323
1120111302
1311201102
1131012102
1110311202
1110123120
1112130120
1113021120
3111203312
3130112331
3101231301
3112130312
3113021312
3131201332
1320113320
1330113203
1331103201
2130113323
0131133232
2301113332
0113321322
0113231321
1333112010
0133231110
3013123110
1303312110
0331211320
0313132113
0113133213
3021131331
0332131130
0312133110
1033321110
1103133211
3103132110
3132131010
3313121010
3331102100
1102133321
1013331213
1013321321
1011333212
0211133312
2011313312
2013313102
1213331020
2101333100
1201133310
0321131333
2031113331
1031133231
0133113231
2301311331
0311321301
0132113301
3011132301
2013133103
1021313313
1023313103
1212233230
1122322303
1123222302
2112332230
1011200320
1031012020
0103120120
1101020320
0013121012
0013112011
1001231011
2010310100
2131001001
3120011001
2100310101
1023100101
1102031001
3101201020
0310130022
3100103022
3031001002
3000310102
1033100022
1303010022
3010103023
1300010302
3220301101
3200113201
3202113011
0321132011
2003211301
3221301031
0130101232
1302101022
3011010232
1301012023
0110021321
0110130211
1011020321
3101210021
0301012102
1031021023
1012100323
1031100232
1003110202
0311021022
0031021102
0310110231
0031201103
0032111032
0021113020
0111302003
1101302001
0312110021
1112300013
1011023003
1102300130
1102030132
0110201320
0112300132
0110012322
1001230122
1010201323
1010032132
0100132123
1000132120
1010130212
0103012121
0013012120
0013201122
0010132122
0101203122
0110103212
0121100312
1300121021
3011201021
0132011021
1003012122
1031201022
0100231122
0103102122
0102130122
1010012321
1000231121
1002013121
1001320121
1003102121
1010103211
1101200321
1001013201
1312010031
3112001031
0311001231
3201100121
3020111012
3001101221
0320011121
2300101121
2301011012
3000121102
3102001112
3200110123
0301101223
3100201110
3100102111
3101002110
3000211100
3021101010
3020101120
1030201112
1031200111
1030012110
2110300110
2130011003
1023001103
0211300103
0211130030
0021101303
2013010103
2010113030
1101300210
1210013021
1103010211
1030021113
1301020113
3121000130
2110001300
1301100231
3021100123
0132110023
1300211023
3102101023
3010110233
0101021332
0001213132
0011201332
1001012332
0001321133
1301001233
0310011233
1032100112
1103100212
2111030022
1211300022
1130010223
1100210323
1310102033
3201001123
1300011231
3021001121
3011002111
0132100111
1302001113
0130012113
3100120113
1230100131
0120101311
0201130113
0112130001
0123010101
0121031031
0120031101
1203110031
1201310033
0110123001
0111032001
0113021001
1130102031
1110032010
0311201023
0110120323
0301121030
3001121032
3001021103
0012110330
0102101330
1021301030
1020013100
0121001310
1200131031
1200101310
1200130102
1210030110
0210301100
2100130100
1201130032
0123011032
1203010100
3120101002
2311010002
1011032002
0112103002
0123100102
1123100023
1110300203
1210310020
1023311312
0121331312
3021331123
1310213311
3101323113
3210331132
3211031321
3211301323
3213013133
1321330133
2131303133
3121310321
3231131021
0331131210
3213031131
1231303131
2103131313
0313131231
1301331231
2301133121
3120113321
0323131123
3012313113
1310231313
1311032313
3113201313
1313201312
3133201122
1320131322
1330231122
1333102122
1332130122
1331203122
1133103222
1310331222
1313210313
1311323031
1132130311
1323013131
1233011321
2130131321
2133301132
1130123311
1133021311
1131032311
1312013313
1332011333
3312101333
3131021333
3121330132
2311301320
1230133132
2310131323
3103131232
1013132323
3201313123
0131313233
1303131233
1323031133
1321031323
1332310123
1331312012
1331230121
3133121012
0313123112
3011323112
0133213112
3312013121
3310231121
3311032121
3131302121
1233103133
3120313133
2311033133
3112310313
3312311013
3031311213
3031231131
3310311203
3131312013
3131013203
3131230120
3131203123
3130312123
3133021123
3132130123
3131132012
3213011322
3313210121
1333211011
3321310112
1033213111
0321331121
1021331311
3110233103
3311102331
2131033131
3120331131
2313310131
1201200030
0120012030
0010012200
0102010200
0210102030
2100210030
1020021030
1200201033
0120210033
2011200033
1012002003
1000120203
1020201031
2100020103
0011202010
0012010201
0012021013
0101220013
0022011020
0022010113
1002120013
0100220123
0002120132
0010220122
0010202120
0010102203
1001020202
0100021202
2002100113
0200102113
0001130320
0001330132
1000330123
1003103012
0010331012
0103300121
0103013012
0030301102
0101303013
0013130013
0031301032
0303110032
0011030332
1001300332
0100301332
3001310032
0300103102
0001310321
0030110311
0030101310
3003010101
0300130101
0300011310
3000311031
0101033011
1003013011
2321211031
2322011103
3221121030
1322112003
1203221100
1222131010
2312211003
1201221310
2013221103
1202132103
2011221313
0211122313
2011212310
2012312101
2122311013
0121232101
1022132101
2101322101
0213212101
2123120123
2121031203
2210213120
1021223103
2103122103
0122123103
1120221300
1123221020
0211232102
2012321102
3112221030
1122102302
2112310232
1120312232
1123021232
1122013232
1121320232
1213221023
0122132102
0213221102
1022213102
1213102231
1210231231
1212130231
1212210301
1211203231
1220112331
2201231131
3122021130
2312210130
1232102130
2312110213
1230211213
3120212131
3233132113
2333213113
2321331313
1233313213
3123332133
3121332323
2313321323
2331133233
1233323132
1323313212
2132333132
2133231322
2323313101
2233131310
2231333103
3223113310
3210322322
1331322333
1332123332
3132132332
3113233223
1322133323
3213123323
3122133322
1233213322
3122313323
2303121012
2332101023
2330101233
3230101230
3321102023
2332110022
3302121003
3312120013
3131220012
3132120011
3322010111
3320201112
2330012112
2330110232
2230113032
2201013321
3032101213
3032210131
2303101201
2300321120
3001321220
3200213122
0013220202
0103220203
0103222012
3012202023
1302200232
1002202332
1030222023
1200302220
1200203222
1202003220
1000322200
1032202020
1030202230
2010302223
2013020222
2010023220
0213020223
1022300223
2100230223
1000232203
1203002223
1202030223
0120320223
1300220231
0102202331
2102023031
0130022232
3100202232
3102022023
3020212013
1302020233
0210202313
0213202033
1022020313
2202030130
2022300130
2012023030
0201230230
0021232023
3020120200
1202302030
0323023331
3202303331
3133233012
0133233301
3130323331
3313203331
1033233302
0133323302
1022230033
0210223033
2020212132
2202101213
2021022131
2202021131
2022120131
0212212031
0220122131
0221201213
0220212133
2022102133
2021202130
2202201130
2012221033
2120221013
2120102201
2120212010
2210220123
2201202132
2200112213
1301213302
3102203111
3020321121
3032011210
3023012121
0230231121
0301231221
0301321222
0230321122
0313122021
0013132202
1200133220
1013302210
0123302101
0311230231
0312012301
0313012231
1300132231
0123013223
0231302123
0330212132
3302021132
3310221013
3110220313
3113220033
1132203031
3113202031
3101232023
3110202311
1310202310
1312302031
1310220312
0131023231
1013202321
1013320212
0313210232
0311032232
0312123022
0130213232
3102103232
3121020323
3210102323
3210023132
3100213233
1001322330
1300321233
3213100212
0321302122
1203130222
1223301013
3011322021
0133212021
1302132021
0301212310
3021213010
0302312101
3022311010
2033121011
1030223110
3103220110
3031220130
0311220303
3112032032
3022031120
3023101200
2302103120
3120210320
2310102320
0132203110
0120321310
1302032110
3012320110
3301013322
3030131322
3300131321
3303103131
3130031331
1310033310
3003331102
0130333110
3310013331
0330133131
3033130131
3031130321
3303130132
0330331132
0333101321
3103330113
3133130013
0331303132
0331130323
3031033132
3030311323
3331031032
3330031102
3003131310
1330301332
1300133302
0131330302
3302011213
3301202131
2330120113
3320102113
0323110203
2031103203
0231103202
2021103320
2300211330
0021213303
3020113203
1022133032
0211323032
2103213032
2331102021
0233102121
0310321231
2103310221
1020331221
0033122101
1003123201
2002313111
2001233113
2013021311
2011032311
3323032023
3230233023
0332320323
2203013131
2210313011
1021100311
2101310031
3002312103
0022311303
2231130033
2213010330
1223001330
3010223113
1302230113
3221222031
2032212201
1022320030
2102032030
0212203030
1201033221
3331030101
3130313010
3110330310
1130333031
3310331010
1331330010
1313330031
1333003120
3133310012
3130330121
3131330011
3313013011
3133031011
0133303111
1310330311
1033031301
3103013301
0311033301
2111312303
2113112301
1211231301
2311123130
3112112310
3112231102
3211123133
1113130010
1133010103
1313100102
3110301102
3111301032
3110101310
3110131031
3101103112
1301031112
3013101112
3101130111
1300113111
0130131113
1030131110
1311003101
3131101011
0331101131
0311103111
1310101311
1301130110
3011013110
0131301110
1310311031
1310103100
1310013103
1130031103
1131031033
1113100331
1311130033
3113011033
0311011303
1303110113
0131103113
3211332320
3213313210
2132313321
1231333210
2311233321
3122331321
3231132303
3313213203
3321123303
3321313230
3323211300
0002231210
0002212321
0022231021
0022102301
0202231023
0203120231
0202031231
0020123231
0021032231
0023021231
2300022121
3120002211
3200022122
1013222132
0113221213
0132122113
2233100102
2213031010
1223103010
0122103310
0120332100
2210133010
0123320103
0121332030
0103213200
1013232000
0123230100
0021331230
0021231301
2103312030
2133100213
2123031013
0121230310
0122310312
0121233032
0102231332
0310231232
0231230122
0312013232
2031230123
0321213012
0102132333
0310132233
0123023102
0121023312
2100213312
0231021331
0312103231
0110323213
0112033212
0112320321
1103032213
1120332021
1120203302
1012023323
1010223321
1012303213
0211230313
2101233031
2102310311
0123120311
1023120312
2103132031
2013201310
2013320101
2130321001
0223103131
2231003101
2233101031
2023031131
2020331132
2021031321
2123301011
2131300211
2331002110
3321020110
3312210011
3031210211
2230301103
3223010103
3210231003
3212013003
3212103000
3210321000
3211320003
3220310100
2110320303
2113032023
2230110310
2323010100
1123003230
1120023303
1200213310
2003213110
2010132310
2100132311
1201023313
2301021333
3012103233
1123023023
1122030303
1312032033
1323200133
1220031331
2210103331
2211030333
2321310033
2321103031
0113022323
1120330230
1103230210
2110330231
1220330121
1221330011
2213301012
2201313002
2231310032
1221303012
1220303122
2120303120
1202313031
2123103012
2120330123
0113320211
1303202113
1032203113
3132021013
3130210203
0121320313
0122013313
0123021313
0312310233
3012310231
1302321023
1030321230
2130302130
1213002300
1210233020
1212030300
1212300302
3212310002
1231302002
1321023000
3030212130
1330212013
3021302120
3021130202
3210132002
2031013200
1230132001
3020213120
3021312012
3021230121
3102231021
3021032122
3003121222
3002311221
3020123122
3001123223
1032103230
1032210303
1320213003
0132210300
3012021300
2310213002
1032123023
1032310232
1203123032
3103221023
3100221303
1023123030
1023230103
0213231030
2132031000
1323120003
3121230003
2323100103
1232103003
2320311030
2321003100
2103320100
1033210233
2101332033
0213321033
2100332103
1202331033
1203023103
1210323023
1210303230
2120310330
1210203301
1200332101
1201332031
2013231031
2013120313
2301231013
2023103130
2012031313
0203123113
0232311013
0233120123
0032321101
0231031203
0232031123
3200321123
0312032112
0123201312
0220131321
0223011323
0223130132
0221013322
0211330222
1020133222
0211303221
3022130122
1303221022
0132213022
1300221302
1330102202
1332102012
1301302232
1012302320
0102323120
1032321020
0232310120
3231012021
3211200321
3210103210
3203120122
0331201212
2033201121
3312001202
3232101020
3310120203
2331201020
0233201120
0230113200
3320211020
0232113010
0201321300
2021313000
0231310200
0032112310
0032231102
3003212102
0021321302
0302321102
0313022110
0133022112
1302302112
3010232112
0322310121
3202311012
2003231112
3201123010
0321231010
0321310201
2031312010
0231013201
0232130121
0231312011
3231201023
3230110231
0323012123
0103123202
1033122020
3011232022
1012320322
1031202300
1033012230
2010331220
0213301220
0230132120
1023130220
2103013220
0213201311
0320132121
2301302121
2130301212
2130012321
2132300131
2130032132
1302031232
2102031312
2130201323
2313010212
2013013221
2033211013
3202131013
0321321013
0033212103
0103132203
0121033220
0211033223
1023103223
2100313223
0203213111
0120213311
2102103313
0203131230
2013132030
2020131320
3220131032
0313120230
0201231303
2011233030
1022313033
3020112330
2011023310
2012303100
0123123033
1213203021
2012133033
0210321313
1203201313
1320203131
1320031213
3210013213
3210302131
2311030211
1230310211
3123100211
1230023131
2103012313
1321200323
1320021321
1320103212
3122010322
2310120322
1231200322
3201023121
1232030131
2310302132
3212030132
3212300130
1230021320
1323010213
3120103213
3213211130
1323121130
3121231130
1213121300
2113231113
1212133113
2131231132
2312111320
3122311132
1233112132
2131121323
3213111213
1321312131
2133211131
2313121131
2303212332
3230132233
2013223312
2033212331
0322132331
3320213231
2320132313
2323201313
2331203231
2333102231
2320331223
2303123203
2331230232
2330122302
2233013223
2323301222
2231303222
3220313222
3233120230
3232012301
3320321230
3232021302
3231223021
3323120231
3322231023
3232231022
3023312202
0232313202
3022323120
2302332120
2301332200
1233322001
2333212020
3022332121
0322233121
2133223001
1332232010
3021332201
2303213201
2133022320
2130323210
1323023210
0321233201
2032331201
2230332100
2231332030
0322313203
2323132033
3023132203
2233320103
0233231201
3233102232
3230231232
3232130232
3321320233
3320312233
3322013233
3323021233
2313202323
3212320323
3231203232
2323103221
3210332210
3220332102
3223302103
1320332212
0323322121
1203332221
0332213211
0313223231
3012233231
2130223321
2132303213
2133202321
2133032212
1233302212
3122330212
3123230213
0332123213
0332322132
0232321332
2013323223
0223133210
3202231330
2032123330
0322312330
3221233030
3222310310
2321323030
2302321330
3022213330
0221323320
3302322133
2232313030
2223013300
0231322330
3303212213
3032223132
3032213213
3033222131
0133322231
1033232231
1032232301
1033222303
3132223010
1303222300
0213323222
1023332223
3023322123
0322332123
0233213203
1203233223
1032322302
3013232232
3201232332
0212323312
2023233132
2023123323
0232323123
3203223123
1203322313
2310332213
3122033213
1232023321
1320323213
1322203321
1322302323
1230223323
2312230323
2103232312
0323232122
3202323122
3212023322
3032321212
2302323121
3032231211
3213023212
3210232321
2332103232
3232103231
2322103311
3220123311
3222301311
3322302111
3230223111
3221320311
3223102311
3221230312
3223120313
2322313031
0232312331
2230123313
2231032313
2233021313
2231230310
2213230331
3222133033
2232130313
3022132333
0213223313
3013223233
3120323212
1230322321
2313220321
3122302322
1323202322
2132203322
1233022322
2310232322
2033321203
3201332203
2033221332
0322213332
2032321333
3203132201
3221003103
3220311033
3003031221
0033103221
0003132321
0003213322
0303013221
2303030122
3200330122
2030133012
0321330012
2033300123
2013300312
0323003122
1320300322
0133003232
1030303232
1033203023
1230300323
3231030023
2331003023
0233003123
2103300313
2010333031
2003303113
0210033313
1200303313
1203033031
0213303031
1023030311
0210303311
3300310213
3031003213
3032010323
3000312313
3001203313
0213003312
1333231202
3301021212
3320121022
1103022321
1102303212
3110230221
1130320221
1030332020
1032030302
0133032020
0133200302
1320033002
3012003302
1303203020
3013320020
0132033023
0231233200
0323231200
2033312200
3203123200
1013213320
1102231213
2322123102
3223122102
1232312210
2321232100
2312231210
1223223120
1223312203
3221212310
1103102003
1100231003
1101203003
2021123133
0330102323
3302100323
2021320003
2020321000
2023021003
2020312003
1013210002
1010213000
0310213230
0321102330
2031210330
3201021330
0021020112
0102210012
1002210011
1000210201
1001022013
1200010220
1000201200
1000122012
0100122011
0102020121
0120200101
1010202001
0101022010
0002210130
0002110213
2002110021
0021021021
0002121001
0012120011
0011220012
0201010231
0201210023
2010021031
1201020031
0122010031
0211002031
1022100031
2000110231
2001201023
0020112023
0202011022
2001021022
0001210210
1332001201
1330122011
1331020201
3310021201
3310122012
3310201200
1200021032
0332113132
3032111321
3302131131
3301211321
3301312132
3301132133
0321311332
2010332102
1201203312
1200312312
1203021312
2032103123
3021023123
3102310230
3102021301
3010212301
2310031212
2303102123
2300231123
2301203123
2301132012
2302130123
2301130203
2021130323
2032101332
2321130032
2320130102
2303011202
2320101310
2320110311
3230120110
3021021332
2301230120
2013012312
0211302312
3102130231
3101203231
3100231231
3103102231
1030221301
1301220301
0132201301
1320123001
1322301001
2030131203
2023130133
3013201231
1032031231
1203120310
1203032102
1020323102
1230012323
2102330102
0213302102
2130231002
2133102002
2132130002
2131302000
2110230300
2311103323
1233110323
0110203131
1103200131
1101102213
1101202130
1101012210
1011120210
0112011210
0110212130
1120121023
1012102132
0110122132
0112101213
0112210131
1011202131
1012011213
1010212133
1102021133
2110102113
2100211103
0212110103
3323321110
3232133110
2221223023
2212023203
2122302203
2230222103
2203222131
0223323130
2123323013
2212133200
1110210200
1131322100
2301200201
3122002001
2320020101
0230210201
0232210011
3200212011
3100013021
2021321130
0323323012
3033230212
3303032212
3303202321
3030323213
3032302323
3032033212
3302320322
3230332021
3023332011
3033032211
3303230211
3320330231
3032320321
3033023210
3302330210
2333023020
2330230302
2333203021
2330032301
3233020301
2211201333
2120112333
2121130201
2201203001
2200312001
2203021001
2210320012
0221200320
0220130212
2203001212
2031101012
0032110101
0302111031
0302110102
0310021112
3101020112
3011200112
1300120112
0132010112
0321010122
2030101122
3021011013
3010210110
0130021110
0301021101
0213011031
1020113031
2100110313
1210010303
2311001003
1203100103
1200311030
0120103100
0120130103
0121130033
0210131033
1020103103
1231212001
3122121001
3221021101
2132021132
0001123130
0001131213
0011231013
0011301203
0101123012
0102310123
0101023123
0010312123
0011203123
0012301123
2100011311
1200011313
2310001133
0312311300
0131312300
3011123300
1301231300
2113002302
2110233022
2112030302
2313120002
2311032000
1003320331
0200013023
2001030023
3123033323
0101013202
2320332101
2130332211
0213322311
2321332031
2321203312
2320312312
2322301312
2232310312
2323203102
1202332311
2310233211
1233023211
3122303211
1323032211
3233202111
2332203111
2122333011
1022233311
2121220010
2122002120
1220201202
1222001200
1222010201
1220122010
1221020200
2211200200
1220102203
2120120203
2303103010
0221332321
2021333213
2201323323
2203133213
2203321322
2203312321
0213233221
0131212231
1302121231
3132322012
3133022201
1102032323
3021121203
2302211120
2321112030
0322111200
0013103010
1033212022
3103122022
3101202302
3103012232
3030112213
3031202132
0133120232
1303122023
1301230233
1312023032
1322300132
1320201320
3130202120
3130212012
1312300220
3132001200
3130122010
3131200201
2131230001
3123201001
1321320001
1323201000
1331200200
2312013000
1230123000
1232310001
2310231000
3120312000
1233102000
3123021000
1230201321
2131020321
2131200320
3103201230
1230320130
3120203130
2310032130
3120013210
1230130210
2310301210
0321211203
3133231203
1331233203
1233312320
2331331230
2331123301
2313123320
3123231320
1021202223
2102012223
2310022002
3212002002
2031200202
3200120202
0322010202
3020210202
3201022012
0320221012
1032022021
2030220121
0320201201
1020320220
0210032220
0102032202
1022003222
1032002232
2100022312
0213200222
2103002221
0210023221
1200230221
2032030011
3020230011
0230320011
2300302011
2023003001
2000230301
2030302012
0320030201
0320203010
2030032010
3200320010
3020032012
2302030012
0233020012
0322003012
2033200012
2122032201
2212230201
3011332113
1303321113
0133132111
0003312320
0003323132
0033123032
0033210312
0032013312
0030231312
3100033232
1230003322
3002210223
3232322303
3323223230
3100313302
1031333023
2001130112
3220203221
3200322201
0323220201
1021020033
0100032012
0003200132
1003020012
0113100210
0201200111
0200012110
2001200110
0020201110
0020102111
2010131032
0211031032
0213010102
1012301002
1010123002
1120130022
0131222110
1012300131
2220013020
2203101323
2201033132
1220310332
2210130332
2202221323
1300112022
0131120022
3020130332
3203010332
0230103332
2303100332
3201003332
0320031332
3121011131
1313133101
1131331310
0310323020
3100233020
3102300302
1233003002
3130030202
0310203302
0312303023
3102330023
3103230022
1300323022
1300332023
3010330232
0130302302
1030323021
0310332021
3103203021
3100032301
3123000320
3130032013
0313032022
1033002302
1030233022
1303302022
3012330022
3032132210
3112212033
0131122233
3003103220
2303211010
2223123110
2130133130
2113301303
2313301130
3123130130
1233013130
2122133203
3201133122
1013231322
2221123300
1113231200
2313320210
1233032210
3123203210
1112123330
1210031023
2101003102
1020031102
1023101032
2100311032
2010311033
2011003103
2010101313
1021001313
2101103033
1023110033
0210101312
2110013023
0232200123
2032322011
3332310311
3323031301
3231033301
0233033202
3202330332
2033302332
2332033022
3233032022
2333230022
3330230223
3320023302
3230032302
1130112103
1311210103
3110121103
2212302200
0221322213
2022322132
2022123213
2011311103
0211131103
1211311023
2002223301
0320222330
1332032202
0121223100
0212312100
2102231100
1022123100
0302300222
0030302220
0030203222
0300023220
3002300220
0233032331
3132032203
1233020133
3120230133
2312300133
3122001323
2312003132
1233200132
0031321221
2220210110
1303133022
2103330032
0300313222
0122210223
3332123100
1112302202
3213012000
3201130200
3201320120
3201031202
3202031122
2032130120
2033101202
0323112012
1023032100
2310321003
2321210102
1213130301
0013212332
0321011011
1300300113
0002032320
3132300010
3330200102
0331302001
0310230301
3031032001
3032013001
3033210001
3030231001
3103022113
1302022022
2030200332
3231130112
2223103303
2331321302
1133022033
2123203331
0013213201
0201213301
0232011330
0322011331
2030121331
3201201331
3232131301
0031103031
1302231020
3012312020
0132123020
1302120302
1020100221
0311013112
1300200022
3022203202
1303230023
0132332233
3103010023
0311030023
1030301023
0133001023
3011300023
0023213113
1121033301
1230110003
2331131022
0323311122
2031110013
2100232032
1022302032
0213022032
2002302110
0321112202
0132220021
1230220001
1312132102
2300032013
2320012031
3220021031
3202001203
3200202123
2032020123
2031020203
0321202013
0320012203
2030122013
3330323102
3330231310
3332013310
3331320310
2220212301
2220123230
2221032230
2223210230
0211211033
1330203012
3133002012
0202302111
3321013113
1332113013
3013211303
1302131303
3331123220
0213113311
0313230021
3113212103
1312131220
1131132220
1203213030
1331211201
3312121120
3131121202
1323100210
1223213201
2131031320
2313031132
3120311322
1231031322
2313101322
2131130322
3113013222
3330121101
0131102020
1301021020
3011210020
1221102333
2122101333
3212021133
2311202133
3120122133
1232012133
1231012213
2311022132
3102211232
1230221132
3120330002
3210211210
3121210210
2311102210
1231021210
3312302203
0300021031
3002010031
0102011333
1130121100
2201321132
2232011102
1221311331
1233211133
2312131133
2213221330
2122132330
0103032332
1230202003
2312020003
3101322020
0330233212
0332302321
1312021223
0132030301
3200100011
1001201330
1320322320
1232320320
3122203320
2213032332
3221332032
2032133202
3201323202
2011021101
3120303001
1233030001
0133002301
1300023301
0130233021
3012303021
3010303231
1303030231
0133210230
3012130230
0132013230
1301320230
1303102230
1300231230
1302012303
1303012233
0130122303
3011223023
0131022302
3011032230
3010123230
2033021120
2030312120
3203102120
0321032120
0322013120
3200123120
0320231120
1233232002
2312323002
2311313003
3123131003
0323002011
2030023011
2311002321
1232100321
2311131213
1231132131
2312113131
3121300213
2313001213
0211320310
0213102310
2100312310
2103023101
2101023311
2103210310
1022130310
1023021310
0210231310
2101203310
0212013310
0212331031
1022033103
1020233101
1300322111
0133220111
3010331301
1303310301
3200211333
0322110333
0212001033
1020012033
1300130020
0130301020
3010013020
0131003022
3010031022
2030223203
0322230203
2101021100
0211102100
1021210100
2030230013
0323020013
3202300013
2032320200
0322032200
3202203200
3010310021
0131030021
1303100021
1020120032
2101200032
0212010032
0133031302
1303313023
1020112102
2101120102
0212021220
2102102220
1022210220
3332333220
3332332313
3332323312
3332321103
3332311222
3332233311
3332223223
3332211313
3332200312
3332122033
3332112312
3332103313
3332031312
3332002311
3331331311
3331313313
3331311102
3331303221
3331302312
3331133312
3331131103
3331113101
3331112032
3331101222
3331011221
3331001313
3330331221
3330321313
3330213312
3330132311
3330023221
3330022312
3330011311
3330001223
3323331022
3323323301
3323303112
3323233302
3323033110
3322321020
3322313110
3322211230
3322002232
3321311021
3321222113
3321221231
3321213301
3321133231
3320113112
3320111303
3320022231
3320010301
3320003111
3320002022
3313323013
3313313332
3313003123
3312223012
3312221203
3312212200
3312122202
3312000331
3311302123
3311221123
3311133123
3310332332
3310033122
3310022123
3310001012
3303223001
3302332001
3302211001
3302202211
3302112000
3302022210
3301310323
3301222322
3301011133
3300321001
3300110001
3300020211
3233303113
3233223231
3232233233
3232221110
3232023113
3232022020
3231310113
3231221230
3231213300
3231121113
3231110301
3231101300
3231100233
3231001231
3230333112
3230200020
3230113113
3230001301
3223233220
3223033032
3223003313
3222333221
3222120223
3222030220
3222000101
3221311103
3221303220
3221131102
3221113100
3221101223
3221020032
3221012102
3221011220
3220222101
3220221223
3220213313
3220033312
3220010223
3213330321
3213323131
3213303322
3213033320
3212332000
3212223130
3212211000
3211222323
3211221001
3211101131
3211023002
3211020320
3211000133
3210330001
3210300320
3210030322
3210020210
3210003321
3133322122
3133132202
3133113122
3132321330
3132221201
3132212202
3132122200
3132030012
3132022331
3132002122
3131211200
3131112201
3130200331
3130022121
3130011122
3130010011
3130002332
3113230101
3113223311
3112332311
3112232220
3112202101
3112120220
3112101100
3112030223
3112000102
3111333102
3111331313
3111232100
3111213220
3111020031
3111012101
3111011223
3111001311
3111000222
3110323100
3110300031
3110222102
3110221220
3110212223
3110201033
3110200100
3110022310
3110020101
3110011313
3110010220
3110001221
3103332302
3103313022
3102332232
3102223302
3102212110
3102002230
3101311023
3101310110
3101121110
3101112113
3100321232
3100300112
3100222021
3100212300
3100111301
3100020022
3032212320
3032202212
3032112003
3032022213
3031333211
3031310320
3031122002
3031112323
3031020322
3030110002
3030002210
3030001132
3023313331
3022322013
3022313201
3022103121
3022101330
3022030013
3022002123
3021311330
3021133120
3020100013
3020020331
3020010010
1201121033
1201113103
1200333032
1200323100
1200222102
1200212223
1200132313
1200100223
1133323223
1133322310
1133132030
1133121220
1133003313
1132333221
1132332312
1132321102
1132232223
1132122032
1131311103
1131131102
1131112033
1131101223
1131011220
1130222101
1130221223
1130033312
1130020102
1130001222
1123332301
1123331023
1123323300
1123322233
1123233303
1123000112
1122332231
1122233233
1122103231
1121001231
1120113113
1120033231
1120011233
1120002023
1113331331
1113300123
1113233011
1113223123
1113132201
1113131123
1113122333
1113111330
1113012123
1113003122
1112331201
1112223013
1112202333
1112103123
1112101332
1112022332
1110321123
1110112332
1110110123
1110033123
1110031332
1110002331
1103322002
1103311001
1103303322
1103223000
1103113002
1103033320
1103003001
1102333133
1102211000
1102120131
1102112001
1101331002
1101101131
1101011132
1100213001
1100132002
1100030322
1100022001
1100011002
1033202110
1033201232
1033133021
1033121302
1033010021
1033003231
1033000113
1032211230
1032122110
1031101301
1030200021
1030030112
1030020020
1013323130
1013311000
1013303323
1013223001
1013033321
1012233003
1012223131
1012120130
1012030133
1011011133
1010321001
1010011003
1010010130
1010003320
1010002213
1003323013
1003313332
1003300122
1003233010
1003230332
1003222011
1003221333
1003132200
1003111331
1002313202
1002122202
1002112123
1002101333
1002030010
1002023200
1002000331
1001221123
1001131332
1000321122
1000302013
1000300202
1000111011
1000110122
0333230210
0333202320
0333132322
0333120001
0333113002
0332321210
0332313320
0332220212
0332212322
0332202210
0332022211
0331232211
0331222323
0331020320
0330220002
0330200211
0330002212
0313330110
0313033111
0312233233
0312022020
0312002233
0311333022
0311332111
0311232020
0311122231
0311121113
0311012021
0310200020
0310030113
0310020021
0310002023
0303233220
0303230102
0303223312
0302333221
0302313032
0302122032
0302112313
0302030220
0302002310
0301222031
0301133313
0301023310
0300132310
0300022313
0300010223
0233313332
0233222011
0233221333
0233121010
0233111331
0233031013
0232220330
0232212200
0232022333
0231011010
0231001122
0112000211
0111310320
0111303130
0111221003
0111213133
0111000131
0110300322
0110100130
0110010133
0110003323
0103313331
0103233013
0103223121
0103121013
0103111332
0103031010
0103003120
0102333012
0101331123
0101311330
0101310203
0101100123
0100103331
0100100013
0100033121
0100020331
0033322313
0033223311
0033201313
0033121223
0033031220
0033012311
0032233313
0032232220
0032223221
0032122031
0032002313
0031331313
0031311100
0031302310
0031131101
0031113103
0031112030
0031101220
0031011223
0031001311
0030213310
0030001221
0023332302
0023331020
0023303110
0023223232
0023033112
0011302121
0011232331
0011133121
0011023122
0011012330
0010010011
0010002332
0003322001
0003311002
0003201001
0002002001
0001302002
0001222320
0001221002
0001101132
0001011131
0001122003
0001133002
0002022212
0002202213
0002211003
0002233001
0002310001
0003111210
0003113001
0003120002
0011331122
0012002122
0012022331
0012122200
0012202330
0012212202
0012221201
0012223010
0013003121
0013031011
0013233012
0013311121
0013331332
0020003113
0020020022
0020200023
0021001232
0021012022
0021112113
0021121110
0021122232
0021311023
0022023110
0022031233
0022103232
0022112233
0022211232
0022313112
0112030130
0112211002
0112313322
0112333131
0113033322
0113113000
0113121130
0113132320
0113303320
0113323133
0113330323
0120003031
0120010221
0120030032
0121110220
0121113102
0121131100
0121311101
0122022101
0122023032
0122101101
0122111033
0122313030
0122333223
0123003311
0123311311
0200011232
0200030112
0201001230
0201020110
0201222113
0201232021
0201311021
0201331232
0202112231
0202120301
0202122110
0202200231
0203111023
0203230020
0203322232
0220001131
0220020211
0220100133
0220200210
0221011133
0221101130
0221110131
0221213130
0221221000
0221232210
0222000212
0222101210
0222120130
0222332001
0223000322
0223010210
0223121133
0223330320
0230001012
0230010013
0230020332
0230100010
1201311100
1202120220
1202122031
1202232220
1203003310
1203113313
1203323220
1203331103
1210003113
1210020022
1210022233
1210033232
1210300112
1211133233
1211213303
1212223302
1212322300
1212332232
1213003233
1213010023
1213033112
1213132110
1213233300
1213323303
1213332302
1220002332
1220010011
1220020330
1220030202
1220033120
1220100012
1220131200
1220300200
1220302011
1220332330
1220333203
1221310202
1222000333
1222022331
1222023202
1222030012
1222312333
1222313200
1223000203
1223010331
1223202200
1223230330
1223303202
1223313330
1223331332
1310002102
1310003031
1310020100
1310111223
1310200101
1311311101
1311331312
1312002312
1312200311
1312202100
1312220102
1312321100
1312332310
1313031221
1313311311
1320001132
1320010133
1320030320
1320100130
1321101133
1321110132
1322000211
1322030130
1322031003
1322332002
1322333131
1323113000
1323322000
1323323133
1323330323
1323331210
1330001011
1330010010
1330011123
1330020331
1330222332
1330321121
1330332331
1331001121
1331011013
1331110011
1331311330
1332022330
1332030013
1332101330
1332122201
1332202331
1332212203
1332220333
1332221200
1333000202
1333111332
1333230331
2000132233
2000220233
2000222022
2000300111
2001100233
2001101300
2001110301
2001112110
2001121113
2001131021
2001213300
2001310113
2001332111
2001333022
2002212113
2002332231
2003000112
2003010020
2003121303
2003202111
2003223231
2003322233
2010010223
2010300032
2011001312
2011020032
2011131102
2011211032
2011213223
2011232103
2011302313
2011303220
2012202102
2012232223
2013233220
2013322310
2020001130
2020003321
2020020210
2020022001
2020132002
2020300320
2020330001
2021011132
2021101131
2021122000
2021131210
2021221001
2021331002
2023000323
2023010211
2023222133
2023230210
2023311001
2023331212
2110002022
2110020020
2110022231
2110030112
2110132232
2110333113
2111000303
2111020110
2112002232
2113010021
2113033110
2113201232
2113202110
2113233302
2113303112
2113323301
2113330111
2113332300
2120003203
2120030200
2120100010
2120222331
2120300202
2120332332
2121011010
2121012332
2122202332
2123003123
2123113120
2123132200
2123230332
2123300122
2123303200
2123311123
2123313332
2123330203
2130002213
2130010130
2130020211
2130200210
2131110131
2131112320
2131133000
2131221000
2132212323
2132220213
2133000322
2133010210
2133012001
2133113003
2133303323
2200010133
2200022003
2200033002
2200213003
2200321002
2201001002
2201011130
2201101133
2201122002
2201133003
2201221003
2201331000
2202022213
2202112003
2203033322
2203223002
2203303320
2203322000
2210001011
2210002333
2210011123
2210030203
2210332331
2210333202
2211131331
2211133120
2211213010
2211232330
2212022330
2212202331
2213111332
2213113123
2213132203
2213233013
2213322123
2220003112
2220011231
2220012113
2220022232
2220033233
2220132231
2220202233
2220213232
2220220231
2220223113
2220321233
2221001233
2221023231
2221100231
2221133232
2221213302
2221331231
2223003232
2223033113
2223201231
2223202113
2223222300
2223223233
2223232232
2223233301
2223303111
2223322231
2223323302
2223331021
2223332303
2230003031
2230011312
2230022311
2231000223
2231112031
2231113102
2231131100
2231133311
2231311101
2232002312
2232212032
2232220102
2233113312
2233201312
2233300310
2233311311
2233322312
2300010011
2300111013
2300131200
2300200331
2300213121
2300323331
2301001120
2301112201
2301131330
2302122200
2302221201
2302232011
2303233012
2303331332
2320001221
2320011313
2320033311
2320100223
2321001311
2321011223
2321020031
2321113103
2321131101
2321213220
2321311100
2322202101
2322321101
2322332311
2323113313
2323133100
2323331103
2330002020
2330003113
2330011230
2330020022
2330030110
2330033232
2330103022
2330111301
2330113110
2330200023
2330212300
2331000301
2331020112
2331101303
2331112113
2331121110
2331221233
2331310110
2332112233
2332120303
2332221113
2333000111
2333010023
2333033112
2333121300
2333123111
2333222301
2333223232
3000100222
3000200101
3000213311
3001000223
3001012100
3001133311
3001232101
3001303222
3001311101
3001331312
3002103310
3002111033
3002113222
3002120221
3002200311
3002202100
3002212032
3002220102
3002223220
3002232221
3002321100
3002333223
3003113312
3003323221
