--- Configuration ---
Max Run:			3
Min GC Content:			0.3
Max GC Content:			0.7
Code Length:			10
Min Codebook Edit Distance:	4
Generation Method:		Varshamov-Tenengolts Code
VT Code parameter a:		0
VT Code parameter b:		0
Number of Candidates:		21758
Number of Ones in Matrix:	3490262
Number of Code Words:		768
--- Performance Metrics ---
Number of Threads:		32
Candidate Generation Time:	0.03	seconds
Fill Adjacency List Time:	2.77	seconds
Process Matrix Time:		8.70	seconds
Overall Execution Time:		11.51	seconds
=========================================== 
0001110032
3310111222
1033111222
3223111223
2033111333
2233311122
3320111333
2210111233
2133112223
1033122233
2133222333
3310122233
0320222333
2022122333
0320112223
1022111233
2202122230
2011022233
3122022233
2210001222
2210002333
1320002233
3321020333
3222000223
3003000222
2111000223
2033001223
1002002223
1011011223
0310011123
2111011333
0002221221
3013011133
3112000333
3033000111
2133000133
2112001113
2320001112
3223001113
2001000113
2002011123
1022000133
3122000112
3111001122
3313000132
3210001131
1023001122
3322011121
1213011120
0211011132
0003301113
0022202233
0212022232
0202012221
2203001121
0211000121
1203000110
2202000132
1102000121
0302001110
0302111220
0032111211
1211000232
0002200112
0112200222
1022200221
2322002221
0323000220
0022300023
0021000212
0011120021
0312000231
0011101233
0111300033
0012220032
0011121110
0311012220
2313011221
1312001220
1112201233
0021001103
0232000100
2122200120
2332000213
3332001103
2311001130
1112220331
2111220313
3022200030
3022212220
2112220200
1112230020
1122301123
1133300023
1113300111
1323000331
0223300011
2112300021
1001300021
1011100220
2002300010
1032320333
1000200032
2000200220
0013302223
1113301222
0213001230
2223300233
1233301133
2322011230
1102011132
2011200132
0322001332
2303001232
1121000322
0321010122
0101001221
2000100131
1001001333
2001101120
3012201120
3321001020
3102000200
3213000201
3112311220
3113300230
2102002212
2202200211
0012230121
0113330221
0013330132
0022330110
3223300120
0023331121
2223331220
1123330232
1123331110
2323300102
3222300332
2022301132
0122230231
0112231132
0012223213
1122233101
3122201131
1222333211
0122333200
0222331232
0022231330
0001211133
1212003331
3212200321
2122203332
0001220331
2001220212
2002220103
0002101031
0001230020
0001222100
0001113200
0001132221
0012103221
0020100320
1000110100
1001110211
1000201121
1201011231
3000110313
0011130330
0011333100
0111332230
0111233212
0021201321
0322200313
0311220210
3111221100
2011121323
0102220320
3112221323
0112322333
3212011213
0213112231
0003102132
0003202010
0102300213
2031000321
2311100211
3111302221
3011103331
3001102230
3001121103
3011220201
3112232213
3312200203
3022230323
2122330322
3323012231
3000230211
3000220302
3000211230
2000221311
3000121212
1001120322
3311120320
3101100321
2200020321
2000311221
2002211332
3011221312
1011301131
3003301231
0001331332
3033312221
2011311232
3011132203
2012302231
2011330213
2002231213
3022231201
0023312333
1023301330
1022330203
2000330202
2003312230
2113311130
2111231203
2112330103
1103112232
1001322232
3033322332
3113332202
3223332213
1011212332
3003331102
2000133210
2012232202
3222331103
1122332330
2122232303
3322232133
1322230210
3021321233
0133311233
3010310233
2013303332
2113331312
2111323331
3111330301
2013331201
2003330311
2023332302
3022331312
3022213331
1002230301
2001132313
1000323331
3000131301
3012323330
1213223330
3312022331
1303022230
3322123332
0323113331
2303023331
2313122330
0311023330
3210013330
3031002133
0112102131
0102123331
0202002330
0103022332
0213300322
0323301323
2000232322
3011332322
2021103232
3010203232
0113203231
1000331323
0202330321
2211130321
1213330210
1113202132
2113103212
3103001323
2121033233
1032033233
2101022323
3021022321
3121012123
3121102132
0311132122
1021033222
3020303221
0021323320
3021310222
3321033131
3123313332
2103133322
0310310332
2021310133
2120321333
0103331320
2120310223
0321320221
3121002210
1021202130
0223202131
2211232133
0213332033
0113232103
1013332313
1103332133
1121323223
2021023123
3313301213
3301012330
1302111331
1212112330
0021212310
2212230310
3212332130
1112132100
2010032103
2100032130
2103323123
2102313233
2200132123
2323332123
0323332310
3203323233
3211303133
3213022313
3203122322
3103223303
3213122200
3221313230
2313330320
3201033323
2102033311
3120303130
2121003111
2131103221
2110323220
1110032121
0010032020
0020032131
0310321231
2013210331
3203133311
3221323121
3021103110
2003103201
2220103321
2020302120
2220332132
0221332120
2021203020
2031303130
0221103223
1222103230
2223203110
0003213120
2020210122
2010212130
2121213130
2021132100
2210320330
2211100100
2110322032
2103012201
2210313211
3121322020
3020322031
2021320011
2321022031
2132322131
0321022110
3103122211
3102232120
1010213220
2101132020
1010320023
1010102030
2110103031
1100010320
0010202111
3110312131
3020310111
3131320133
2010320112
1210321132
0203332111
3300032113
1220032110
0223132102
3123203200
3310321120
1210310121
2103210210
0123102120
2131312120
0121312321
0221022201
0211312213
0031012203
1021022013
2321030023
2021012022
3021013033
2020313032
1020323010
3220320013
0120322123
3130321223
3320320232
0030322321
0203210323
3202213223
2032112320
2213210203
3303103210
1220312320
2103312022
3203313320
3020311020
3003210021
3320210221
2320210330
3120210133
3033210130
3223213211
3321010011
3030332101
3300332321
1032312130
0031302210
1110312210
3103332010
3130322110
3120232102
3023202103
3211101210
0013210113
1021210023
3220213120
0112101020
3233103100
3213113303
1100132112
0100032011
3100203111
0100323313
0110200310
1100322322
1023203212
0032002311
2033203102
1003212102
1022103102
3113213101
0220102113
0230323133
3031203121
1220313112
3100313122
0010303122
3212303222
0131103133
0310102100
2210202102
2220232021
3220102020
3230202130
2230203233
1110103113
1132012213
3220203031
1210203201
3321303203
2221003303
1221023311
0031023313
3221033002
3213323012
0211132011
2132023223
1232022323
1121022300
3101023312
3132033113
0021013302
3131003320
2231023322
2232133323
2102303320
2203303313
0212313323
3203301022
3032123222
3332033322
0320303212
3330103223
1132003312
1131033301
1032133111
3032013310
3132113321
3131213231
1121203033
0021103001
0320203101
2320323100
2202232012
0220323022
2131320022
3232320122
3132303032
2132033002
3202012312
0200103312
0200232210
3200132032
0301132033
0120031032
0020131010
2200031013
1220021031
1223201032
2212331011
0221213113
3231013111
2031210111
1031012112
3331000312
0131011212
0213311311
1231332131
3231022012
2132310112
0032322112
2312332112
2231103112
1123103010
1133203120
1333103231
1232300320
2230100310
2232301210
2233102021
2333102110
2331012211
2332022312
2331232121
0131323111
0230313310
2311131310
1200131310
2221311310
3121311031
0201322312
0121302012
1233213131
0121221030
2220221010
0132022200
0223213030
0232123300
0212232000
0032232031
0132013303
3102111300
0120211320
1130311321
2130213121
2132123011
1120131021
0120313011
0230031021
1120312033
2333213232
1132313222
0332303321
0312323312
3323323311
1313323323
0323322203
2303322212
1312322213
3323332001
1312331321
1313332022
1201232320
3331302122
1330323122
1333032100
1301332210
1331323310
1331013323
1011231300
1101221310
2201213311
0301323301
1303331011
1103312311
1302232111
1131202321
1131302113
0332302133
3332202320
1322302322
2300313323
1200213322
1202221033
1300031022
3110310012
3302300311
1201200312
1322213312
3323210303
1102300302
3101303023
2101101011
2100303012
3232203010
2100201033
3100202022
0300200322
0110213022
0102331002
1101332001
1031313031
1130323003
2310213103
2031011013
2030213010
0330213112
0330103011
3330132010
1330312111
2330332031
2322312311
2300212213
1300203313
0101203302
1211103322
2311203323
0211200303
1311300313
0301102311
3211002300
1300121013
0130121031
1311212203
1313302201
2211312301
1203322300
1200302211
1101102303
1200100301
1321102101
2221102033
1201300203
1131001203
1331022202
3301202212
3202302013
3202323001
1212301303
3211202023
1100211303
3200311011
0200300102
0100302200
0300232002
0132302001
0130102023
1220103003
2300021000
2200332000
2221322002
1120301000
0010201000
0031202022
0231303013
2331322013
0220201023
0230212123
2230312012
2232311033
2131210033
3331212113
3131012001
2032002003
0020212001
0200221001
2311121001
1223210001
2232111301
3032112013
3132122002
3332312210
3322322300
3312313301
0333201031
0331001301
3311101303
0311300202
1332012301
3332323023
3331311320
3332111312
0311211313
0332331010
3330301012
2331101023
2311331033
1211131002
1031101032
1221331030
3311231011
3101231032
3302221012
3212312002
1321310032
3231310003
3301131000
1231121010
1231301001
0231211011
2231231020
1131232030
1312221000
2032210002
3232011000
0332213033
0333212020
1232212003
1130221020
0131313000
1331103000
1333210012
0330311001
2330211022
1332201013
1131211002
2101311003
2332203001
1302202200
3301312201
0322212202
0200311203
1202311101
1302311212
1103311200
3323311202
0312311100
1311311302
1300301103
3300211101
0302301201
2300102202
2301301312
2312201302
2201201103
2202211200
2301212302
