--- Configuration ---
Max Run:			3
Min GC Content:			0.3
Max GC Content:			0.7
Code Length:			11
Min Codebook Edit Distance:	4
Generation Method:		Varshamov-Tenengolts Code
VT Code Remainder:		0
Number of Candidates:		251888
Number of Ones in Matrix:	160707762
Number of Code Words:		2961
=========================================== 
33311122233
33133322233
00111222333
33322022333
33100222333
31221222333
33222111333
33122200333
33112221133
33222333133
33232223330
03332223233
33311211333
33000211133
33322211100
33322212213
33211100333
11100200333
32220200033
22200100333
33220002233
33000202223
32220011133
32221110003
33232220003
33223222113
30003222133
30222322233
32233220333
22232223133
22233122233
22233311133
22211133133
23331221113
33300101113
33301110133
33323213133
33022231113
33233301113
33233111003
32333231133
33321031133
31332221131
13322021113
13330201133
13332221311
13231222133
21333222123
11330222333
23303221333
11133211133
13332210033
13332111213
13321221233
13332113330
03332231103
11322000333
31322202133
31320221113
33302212330
03322213331
22332211331
23232211233
22300011333
13222123233
32221102133
22012221333
00122211133
22321201133
32213121133
33231211132
33201021333
33202201033
33222000130
23220101133
33223310233
23222302333
33223122232
22212210033
00222100333
23233110333
22022111033
22121120333
12210211333
02112111333
13212311133
32212330333
11321112333
30133111333
13221223331
02220122333
23222120331
32302121333
23202122133
20222021133
23220222323
32202232133
22202213332
23022211332
22000322333
22002212233
12202022233
22210012233
22211322033
00020221333
32022211323
33221211023
03022203133
22022000133
22200201113
12322200113
22200233033
03202223303
22122022033
32122231033
32122113332
32220103330
23332220332
23302230133
23312331333
20002221131
22022202331
02002223331
22212232330
22022333233
22322303330
22022233300
22233233303
21112230333
22231032333
22311300333
22212023323
22323232233
00223232333
12123212333
13032232333
21123322333
33321233323
12223001333
00022230233
02102221233
03212232233
31220331333
21122331133
21322213313
22311223313
22131223331
33122123313
33312323331
21223213331
20122132333
32032233313
12232213323
12231113332
11222023332
22131113233
23123112233
23321133033
23023223033
11022311333
11120121333
11121220033
11220210133
01212220133
31322113033
31331223033
31112212033
31011121333
11312220331
20312223330
23322232311
20311121133
20201112333
31311332333
31121133133
33311133103
11311011133
22111011033
23313111033
31110122133
31132221323
31122232330
11210223233
11120232233
21102221330
11122033033
11012213133
10022233323
31300223331
31112022331
31332023313
20222330332
01222313330
02221231331
32221213130
32220233103
33120213330
33121121332
32212101332
33121323033
31222132303
11212133313
31212233123
33122132223
31312122323
02312233303
20221133303
22122133103
21222333023
21232223301
32232112331
32223223321
31211210233
31213221331
31113233303
31110333233
33011233233
33201332233
13011220333
12112220303
32013202333
32130223303
30012110333
33312010233
32230123033
22230121331
23211121330
23200023331
23220231330
23221313323
03213131333
33212013303
32322301303
23322310303
32332213300
32203123303
32233131330
30322311330
32232011313
32221331223
22213112303
13121113303
13223203303
33230113323
33131013133
33222113220
22111022303
33221012330
33222322300
23031312333
33220221203
31122101331
31113113331
21333101333
32331013331
33322003311
23313322303
02032213033
22322123013
22322203203
23320023233
23112223003
32212203003
22232101303
22332001033
22232300331
22122230230
33223020323
21223003033
21223222003
23223231103
33322332031
33323323223
13223232223
23332323310
22330023332
21233320033
23323200323
13322202232
33232002332
21302223223
33222303322
12313230333
12221030033
11221103323
11311213323
11132233223
11333203233
12311202233
23033202233
11332312233
12312131233
31232303233
11221332332
12121323332
31222103132
13112231332
11332231330
13332233132
31233322313
12332232231
13233322331
12333013133
10332102333
13210032333
23213303233
12321033303
32210033313
11200333133
12122003313
01332133133
02220303133
21132102233
21322102332
03223103332
31231203331
33221033231
02332202330
11231220323
11003122333
21233211323
21232311332
22231233232
33231133302
31311103332
11133123332
32113122332
32133133323
01332323332
11323303332
21323223232
11322323321
11333233311
02123133033
21023130333
10231233033
23331132332
32332130332
31303322332
23102323332
12302223232
32312213231
23322321322
32212323132
32322233112
12223313132
31322133310
32122332132
31023323133
33202032313
33230233311
32323323302
22321213302
12202332331
13022330331
13123330133
30223321303
33213323103
30213331233
22232313213
22023033313
20021233133
22032331330
12133313303
20113233033
02211323330
01213322233
02313021333
02233321332
02322312133
02131122133
02123323313
22330313323
32233303131
32113331331
12323233131
12330203313
32031203133
32223300103
32320321331
03222321131
13222331030
13122231203
21211231303
12212323203
12112333231
12021123313
11202223130
02323211330
32333222320
30231232330
30331132133
32330233223
33313223322
33212223201
23210223113
32322330320
32331212113
23231113113
23203331323
23223332032
32203032332
12233323123
12223232310
12131232313
32213332003
32231302323
31223113213
13211321313
13211333223
23211133321
22011232323
33111312313
23113212332
03132012333
23230132033
20133222313
22333120313
22323303113
22103330233
22120332303
21203330331
21133303323
10333113313
33313332113
33231313203
03323233213
03232333231
33122333211
12232333222
03322333222
32201233322
23223323122
32232332111
10222332113
12323311123
33323331101
23033233113
22032321113
23221333111
23222331201
23022323301
23233321203
22213331030
11222333200
12322332003
30222132131
33123033113
23130133313
22301332330
12233033213
23110033133
33223131312
33121311131
33303112313
23323311231
32332333021
33312023123
22021311331
33131123223
33032120233
33233312302
31233232322
03331311332
03322113123
00331223323
03321122323
21321323123
22203213123
33232213121
33221201311
33032133131
33033121331
33203223032
33032332232
31032313323
30213203323
33022122322
02322123322
30022013331
13222013321
20203222332
32220022322
32220322130
22032123311
22132232032
22201323231
03002233223
13220112313
22322031232
03232202313
01203210333
13233313013
12203132033
13233133031
03223313311
12332313312
13323110331
31323310313
33133311311
13123133311
22203311311
22133113312
02231131313
20132113331
00323123331
31333123231
30020113133
32022013113
21303123133
21130323330
21201233311
22001211313
22123113130
22211330311
22212300113
22211303322
23021103330
21131133322
32112203311
33111233111
30333133111
30212113311
02013313133
23001331133
00011311333
20112312133
22310333131
21113323131
22131331231
20013323332
22133233211
22331321311
22213233012
22333230322
21132333121
21113331223
20132231113
02212331213
02233221213
12332311130
13313321330
13331313123
32210231131
23122030313
20202333130
12122333110
02223331121
22123330310
22123321230
02023322330
21133112330
23233123320
23212033312
22321333201
20133320331
21231331321
01122133321
03132230331
31123231311
01123331330
01223312303
03112223312
10213313330
11102233312
21100233323
13002333113
21003332313
21320333230
11213331322
11321331311
12133131131
01213033133
00132313313
00122233111
10221133132
12021131332
10111331133
00203331113
32003321313
12121133230
01323301133
33033131213
30332213013
30133313123
00333211233
03133321323
33033221123
02303322323
02203301233
02200333223
20200323323
20221333222
20322033321
02213033321
02213123223
02031332331
22132031311
21033031133
23012303323
13203233320
30332233120
33102331130
03133311130
03320223320
13023133130
11322330130
13233311320
02232233110
03113123303
10311323233
10323322033
03203323213
23203321130
32101232331
30101133313
12133322132
11011322133
23220330223
00221313113
32321012323
22320131123
22310232113
22130130133
22331330132
22313331122
22333131110
21323332112
23332131321
12310331332
22230331302
22233322011
22303312132
23303312223
23311311213
13301332323
21033133301
23032133203
21012133033
20332133230
22121033023
21331132223
21321033213
23323132221
12333213222
02333132213
22332332202
22333032023
22032230223
22323300032
12102332223
32203332221
32313330232
22113302232
20233233121
11332331122
31331331103
21131333003
21132013303
21122123300
01021233303
00113332332
21113332300
21311331130
11133321231
23111320323
31132130033
23113313023
32211331300
33213313221
30223133221
32212302231
02123213223
21223313220
21202013233
31003213233
02321322232
01233133232
01133013233
30220233232
01033323223
03233302223
21023331232
13003231233
31123321213
13312332312
13233231211
13311233301
21331302331
13313330321
11223330221
22112333002
22111230003
11021233231
33321133212
13331112321
13331022330
23330012331
21330032313
22133012213
22330212232
21330332032
32120030233
20332321223
13320331213
10203312233
12213013231
12213321301
21332303013
30232330123
23331230023
20333122321
32023132231
22312320231
20331222131
22323132300
12330323301
32330223111
33030223213
23323022131
03321223111
32223302212
32123122203
30023220331
20320230331
21120032331
02122203231
02220332312
22110033301
22310030323
22231103310
32221310322
32322032221
02132323320
02132003332
10200131333
00220203313
20303233132
03323231031
33313222031
33320222121
33303322211
33320132130
33011222311
23123220311
33112230213
03213223130
03231323312
10323222322
00333232312
00332332321
00222322311
02323222103
21223023310
22233022300
22333023210
32231223210
13312223210
32313203213
20233023231
22320322310
23301223230
23112233220
21312203322
32311123300
23121232320
33112203232
33123233202
03331232130
33112310330
20111233310
22331121230
13323230230
11123213230
01223222320
03233212321
22232123200
12220223300
10212223302
01323212033
21221032230
32203320230
33123032230
33322302220
30332220230
32232200213
02223220132
33131102330
12201212330
11211230330
11233222030
21121303232
02311133231
02133322301
01332322211
32233122101
32233211120
32223031110
22330211103
32203111223
02223301310
32233113021
32233230001
32232231012
32013233221
32013332130
22033323102
32221313011
32201133211
33203103311
32220203211
23203203013
32321322013
01231332113
01221113301
23331033112
31221320113
33221321210
31232122130
13232122310
23313123121
23213310131
02033231311
21230323111
00233323110
10233322212
32313323120
32301031313
32111032113
23121101313
31233313100
20321113223
02321110233
03213211123
23321121301
21331113031
21321310330
13131103033
01311313033
31231031033
12231331003
11031333213
11131032133
11232131103
03211203033
32201322103
32200122231
31233012223
31202321223
33021232221
21301123321
12311123023
02331233011
02232301123
12123030323
12110203133
22120103213
22231202130
22331302103
22330022203
22230003230
22230110223
12223012203
22233300122
32233301200
22232303020
32213300321
22302020330
22322030111
02120231113
01102331313
21303033312
21311203131
13121031331
21110313311
13103211331
10301113331
10321211313
13313011313
33313201130
03311331310
13313122132
33311321112
23133211013
32323113101
32321210311
32123010331
32033311031
03231112131
13331332101
12333212101
12331122031
23222132100
01313133203
01132123213
12113300033
30021233312
10220033311
12220330301
31220312311
31223003301
31133323112
33113303312
03310313113
30322031213
30022323013
31323223011
32203220111
12223210013
13223102131
33032211301
23032313031
02323330011
13212330111
01330331131
03320332111
21332013111
12332103111
23300031131
23301330231
23133031031
23033311121
33020333121
03133303111
13033203131
20313322111
12103332111
01333033221
11230232131
23023321310
11201331231
23232320121
32133320211
30133232301
30233200311
13322303101
23321300311
33311030311
23312033101
23312210321
03322320013
13330232013
30332320111
30321323211
30122323121
31202231321
30002331311
00330131113
10032331131
33003232312
30203313312
20003131331
23013221231
22000303311
32030333212
31203311132
31202033111
31330211332
33323100213
01232033322
22200302131
22010301133
32310002133
02200331130
33321012111
33023302111
33222022011
23332202112
00332212111
23323310110
20333210130
23332023021
13323322100
02333101103
03331031231
23330121211
03310111331
33301023312
23322230202
23332211022
30322231302
33022021231
20322201231
10032223231
13213202311
10232231301
21333211201
21302331301
02330133101
12323012311
10232303310
12230221130
12030133113
22332220100
22303322200
23312322120
03230320113
02233001130
12233002111
02333020111
10333221221
13330321121
11331130113
11130223113
11331223201
33130122311
11332213021
01302132331
13212132301
21100111331
33312231001
23303113211
20230331031
23313032320
03223203221
01230121133
13312330203
13302213203
13322030023
31333232200
23330322102
30330222103
23303320101
23032001313
23331000131
03220001331
00223010133
22210001311
20233301312
20333112112
20223311101
21223111030
21233010113
10223101113
21123131013
11203303111
21332311210
31332301321
31320003131
31021303311
30213321121
00223032111
10221022313
20230122113
11132320311
31033233102
21213320312
01203223312
31233032011
00232213132
00233221031
01032322303
00123332203
30223312320
02233200231
23213001332
23230033221
23132301132
20133002133
33130302131
33102321321
33230321023
33102211312
33220311032
33230023110
01300232133
33120023301
03120323231
03113332221
13122302321
23121302123
13120022133
13113322013
21310302233
23013332212
13123221023
33302113110
33302132302
02330221310
02332022013
20223302013
20221300233
20223122031
20023323203
20033121033
22031222013
20022300313
20223203112
32022300031
30123303132
32233010132
32323302001
21131200133
11332330001
10323303011
10023312332
10302333221
22302302221
22301202311
22330300211
33302303212
23233003102
32333031222
32330032110
22320321003
22000331013
12032330103
02332303102
12233030302
13230313232
13130312330
13103131303
33132131300
31132203103
31133203221
31133023320
11133203300
33303121320
31333121122
31331121310
31032112113
31323132032
21333012322
33133111222
31133310230
31130231231
31113131232
01132331232
22131312023
32233120222
11233123210
23331011320
31311131301
23331112100
13133112103
33113001233
11331322110
01331333120
32303133220
32311132210
33133220110
33313312200
01331311223
13331330222
01133121311
11130133211
21313132011
11310123311
12300122313
23101213213
33013133112
13103122231
13130232221
03033232220
03303232201
23103232003
03323021230
01332202223
33133202023
33132221202
33313021221
33312130221
13133220322
23331320200
23231222001
23232022030
13132221030
32331220302
32130321232
23130212123
20233212220
30230223221
02312223021
33301220223
13303202213
11303302231
11233102123
20233101223
30303211103
20302313123
31303031123
33101231123
31230311121
33320111221
31321102231
33200313101
31113102223
31131332210
31101322231
31120003323
12200312323
31333001312
13230020233
23330101023
20303110233
11323101223
32133000223
32132033102
32333210010
23133210300
23131313102
23213133000
31232133000
22310133212
12131333012
13033113302
13213211302
11230320332
31130330132
11033132312
12003332322
22300333022
23003023223
20122023223
32002123223
31202133222
30023332122
30003132223
31310333122
10112333122
12313103322
33110323222
03103133322
23213130222
22031313222
33310031322
23210311322
22202031322
23231201322
30332023222
03311023321
33123021122
13133013121
11132013132
12133011232
11333112202
11333031210
30313013321
13230003312
13201213312
13003023311
10330301311
30002223322
31032213212
20002233211
20023233220
31332102212
01331102313
13110123131
32030222312
32300302232
33300201321
13332000321
32321232022
31322300232
32331310212
33303311022
32103311212
33323010222
30033210223
13133000231
11130102331
01130110333
03131132211
13131210131
03012322113
30301231131
31021231132
10323023132
13232302122
30320330221
01033222132
13033212122
13232131220
33022321120
33022330022
33323200102
23303203202
13321320320
13311301322
00311131332
03121331122
00323313122
03221333020
20033103132
23320303120
03322101132
03321013310
13321113022
01131113310
01313111322
31313110123
11323123120
13313231012
10321233210
20321323032
20323010332
03202330312
03233013220
32113211032
31132113201
31213311011
32131130111
13013213211
13311003231
13331200211
03110333101
03222130211
31211130132
31203330110
30112133302
30111233222
32111331022
30321123122
30121132232
33101133032
13110113322
30102131233
33112330102
31312321032
11301321033
32101311303
11302302113
33200131232
33001113322
32011311312
32310112312
01311312312
32133011101
32302001131
31033200113
33100332201
12303032103
13210121033
11313131030
11103331032
11300333011
11130313031
11333010301
11312033302
11323313000
31030013311
13320013031
13230101330
12301030331
11103113123
11310033223
13020311311
12003133310
13021312223
13312131102
13110331320
12313332020
11031013330
12331301300
12303113030
12330113003
12030312131
33203011211
12230011321
12332013201
12033031320
12033111013
30201311213
30230331210
32023013320
33023013011
33220132022
12220331022
13220301221
13302102311
30323213200
10110302333
10103323322
30103330222
30033023121
00330133222
30130213312
30312021311
30313301211
13033302210
12033300232
32303100231
30222300211
02303110332
12320210332
12320032132
11320032211
12322023220
12320003123
13203300123
12230300013
33201230013
11023330013
11013300331
11030332301
11303222300
11233003222
10031033322
13330001222
13323002201
10303032232
10300022331
03023012331
13233202202
13030021332
22030021323
10300313213
22003201332
10220301332
11300313320
12320213110
22200131310
30200223310
30320022232
13300112033
30310311223
30130312213
31130032203
31103132103
31102302323
31132322022
33033022022
31223123022
30323312012
33231101212
33220001112
30230221112
22300321112
31233220012
33003120113
33210110113
33002212111
33032003112
31102220113
31030321211
31231321202
31301231222
33020312212
03023331012
13011311231
10210112331
20101303331
31010330311
00311303311
00033132131
31110130330
00211332131
00121333031
03123301301
03312103302
02331310031
22113130031
33231030021
21323020321
33030101132
03003312232
03310132232
03200011233
30230112232
30330012221
30211313023
01113303103
12213003103
20132303203
00133313201
00130232323
02133023222
00033311222
30032131222
20233132022
01223031222
31023030223
30122310223
00223111232
10023113231
02231132220
10320132223
03031113230
01302013323
01033113103
11023111310
02002331231
20210313231
20131031330
31031130231
30123023031
31011333021
33021133001
30031332011
10033313021
10330323022
20310322322
23133023012
20122322302
23300231212
20300213111
23022303210
02300323211
22303212021
23103230221
10032122213
12303220031
12033220301
12232200300
12312300301
12032201132
21032230132
12332300022
21013223320
12122303202
13221230302
21221230032
11230233022
01322233002
11203323202
31210323302
31212330012
13023323002
13323212002
21202322032
12232012032
13020033222
32100232213
32110330013
31120320303
11013023303
01012232332
01131223230
22103203230
31302203230
02103233112
32130310310
31130103232
32120313201
02113313011
02110232311
12111200332
11211033011
21103332021
20003321211
20012332221
20123031211
02123322022
22123231001
02132310111
01133311021
03101333110
03132330220
33310203220
11330302220
33010322320
33012033210
33021310310
00013133123
01003131323
02022313302
21223100322
12331002221
12032320221
11002323211
20033300221
11030221223
12133022021
13133032002
11332022101
20113323210
02121330221
00113322123
02110322213
11301022213
21103021113
33110301103
32110303032
03313030112
03123101123
02213322102
20133123101
21123302101
32133310002
31103100332
01123103131
02113201131
02113131320
22113032102
22013330101
13013331001
22010133320
32110133110
30101321330
31013231013
22032033001
22023032030
30123202211
32032002211
11232100231
02332021122
23320313002
32320221220
10213230213
10132133021
01031213321
01330130321
31033100321
31313030022
21133300012
01133203032
20332030022
20133130302
21230130312
21203230212
20123210213
21200331122
21020330322
11130030322
21023201213
03301130213
23301130320
11003321123
21103311120
10013331112
12231310110
11231330102
12111310103
12113033000
12311303110
12133130010
33113230020
30112231320
13111323100
13033231100
30012313103
32031231110
32301211230
32023131102
20031321132
02123311003
11213130023
11123310022
11033130203
11313220203
11023312201
11313003112
30232310032
01220330031
10322130031
13222100312
11121130301
03332130012
23031330012
02021330113
33031301101
13031022111
00031113111
00203130311
03201311321
20320112311
32011131011
03112013111
03223130002
33313110002
30313121302
01220133112
02123130122
03121130312
02301133122
03331110122
03331123020
02331201232
00231301231
01322131101
23221301102
23222103002
23123120103
22313210102
03313321002
33012321003
00230031132
01033301112
30230003122
33021003123
32122100123
03300123132
12100133132
11100313112
12130311102
23203101112
22131001123
23220300012
02323112110
03303121212
03223121011
03013110313
11301310111
11330210112
00030332112
10320331102
00332311012
20232113120
00032101133
13013101323
30231121103
33001320131
10103310113
13102300313
31311300013
33131320001
13012301213
03010331211
12003310211
23033002011
23322002003
33311002023
11331100302
12031101311
02033121221
13031231021
31331201011
33213201022
13302013122
23030301212
23110330022
30301302322
03130131032
03312232022
10302232122
33111201013
30111320213
30011322303
30013021113
32110101323
32010323023
33100213023
33000121312
02131013112
02232013011
23220031011
21323011011
13230211101
12132110031
21302110311
31311120031
33213120030
31321200322
32113021011
32123200130
33310022012
11320111013
11031110033
31103201112
31100311013
01113231110
11120320131
12121300011
32303021102
33122002212
31200301312
33102031011
13102213011
23202000311
23113000111
23101023111
23201032121
13300020111
12331000112
20330001112
32300130112
22002330112
32200023011
23000323012
23010133011
23032110112
33031110011
03311211011
23012213110
12312210310
33122102101
23021220213
23301222012
22301230110
22331010003
22311103030
22013013121
22023001231
03133110001
00130013131
00300011311
01321021131
33211001121
01130321122
31130131120
30112003113
11121010313
13122110013
30100322111
32121003221
31310032031
31331013002
31310323010
31012103231
33220030210
23211230210
22311031021
21231103203
11131101320
31312101103
22112301320
01101313221
31000303221
01120211323
01212131130
31201132310
31210311230
30221122301
11201011332
32320001032
32202003302
13021011132
13213010003
13211201103
10311311101
23311011102
10122311031
31012011131
23002331021
23112013032
23310100322
20331103212
21031203211
00330203211
21333021002
23120211301
32320111300
22000113112
23301101222
23030210322
32330020022
22330110012
12301311012
32300311001
13310203032
23201310032
03220110033
12013123032
12213230100
23313010201
23313001210
21323300200
33113102110
11133001102
23133100210
11313001003
11033020032
13132030110
21320230103
11122300103
32103220003
11232001011
13320100103
11301203013
02331003022
21102313022
11031211302
21002131312
23110021312
23130002322
13113002122
23110200330
32231100230
13130200301
13210010311
31110302212
31110231102
21011303112
33010300112
32120300222
20311310122
30100201313
12103103013
01101113132
31120113102
30122011322
31320103012
31112013021
10111310321
13112310001
13111213002
21113120301
23223100201
23231110202
12311130002
12301300223
23010032223
12310030011
13111030101
21030300131
10231100111
30213100131
20212003131
20223002221
22022003222
20113003222
21132031220
22313200220
23310310220
33110112203
30112111013
20113111203
10110113033
12101101233
21110113230
20311001323
30110022323
32011000331
20231030301
12012130131
20011130313
21010103313
01113112013
00131112223
22001033032
22201330202
02101031332
20100033232
30221030112
30213003012
30211210312
22012203032
12201132302
02213310022
32000132321
33010110321
32230013202
13210033002
13221103210
02221103013
22013103201
30230110301
13202110303
13202312012
02123112302
10213110322
23021110123
00301103113
30031120323
31223010021
32200300201
22203202201
22000231221
20002033122
22102003112
12200233202
20221321320
30221130320
21222030320
12000332230
32010331220
20120333020
20123301022
22133010120
23012123022
23210011130
21220130130
23112120130
23121300030
30102300131
30133200122
00203233022
00231121322
00213111301
00213122312
30102233001
03212300032
11312100032
21120100033
01122302033
01110303322
02310300132
11210302132
11203030122
31131002013
01131230112
00133230011
20230230013
03112303021
00123003321
30201003321
02103003123
01112130123
21312200011
20132003011
01302230111
22231200021
22121200301
01131003301
31122003002
11013033120
11022032123
13011330120
03011203322
33110010302
31010001332
11321031022
12131021302
22131020101
23113220202
22102320011
30131300110
11302310302
12102330300
10110330302
11101322302
21300310232
13000320322
13300310021
11203310001
13200302302
21302000132
21002003321
21030003012
10103033012
02130220033
22302100023
32211000212
12210030222
22023110022
12202230022
10222300023
12130002303
12020302213
22123000202
13212202023
13120120321
31302010031
12001233023
12100033021
31210001213
10232023023
31100011221
01100303213
10211013213
31231003020
31211302022
32001303022
02200303012
32220010012
33211102220
03211132012
20201133012
01211012323
21200030023
21202202303
21132020031
01130023023
01112321302
03330220021
33103020021
32030302021
31310310201
22300210301
20330120031
03312020031
21003203031
01030220331
20130310103
23210220032
11012030321
20113030130
22031020312
03111322030
00211133030
30113312030
32120020121
32223002020
21110030121
01313220121
21303220022
32302322002
10313220112
22003100011
22201101031
22202130001
02221120031
22202312003
20020031233
00233120013
01331220103
21130103001
21103013102
21301003103
21331030100
11100133300
10023000311
10201330011
10023200133
10112100133
13012230030
10130103123
11303100130
10311201330
13002200332
23023002302
10230332002
12230022102
11123002130
11312320220
11020003302
21100300320
11002301322
02300200312
11120013203
11032000223
13101120132
10131123110
13131010212
00313320222
01333120220
03311000222
22011001213
32311100120
02313003202
10321100013
10312110223
10112320232
31031220222
31012300320
01032310231
20310023013
20320003201
20032302301
00313202113
23210002212
22100023310
22200020232
01310020332
03220010322
01122002322
03222002123
01220021313
20122200132
02120012313
30212012123
22002022123
23300202130
21110200213
32121000310
02111000323
01000323131
20103002311
01303201301
01202021331
01222300121
12103001031
23203001001
23011010303
33301101001
11012002033
13020023013
12200200132
02202130132
33200210212
23022010211
02101220313
00331120301
02131230300
21112000300
11220003110
13120033100
11311020310
32312030100
10313123001
12030103221
02030002113
03130101213
03132002221
13200222031
03300210123
01330122302
10132012231
31011223012
30200212113
10200011131
12020031103
32000223130
10331101021
01221003211
03122103203
01122000213
01023320211
02023013212
02020232223
02320302023
02010233013
22013020003
01233020001
02113220012
02003232032
03302020322
03202112322
03231023201
03312121203
03312201320
13201010231
32113002300
02021321033
02210312031
20201203223
13023100222
03120330202
13122001230
11213201230
33032200120
13223020010
11230200203
11300200222
23102000203
12020200231
12012001330
13032023120
11220200021
13320020002
11132200020
20232200030
20213220021
02323210201
01233231020
02103202321
10220002031
13021212031
12011213203
23000112231
31222120001
31330212001
30321203001
20322230010
32102123101
31110012310
13202023001
21212032001
01130302011
11213302010
02213030010
10133320100
13100320103
01203033210
01231320300
21211002302
02221000302
30223100010
31030020112
01322020112
03120023112
31002031032
01023200312
31031012122
30310010132
02202203121
01222023101
02220032201
31121033200
31323020100
01230030110
01332001110
01031001233
21102033010
21120031202
31013312102
10331031202
30331011210
23102303100
20323031100
11300231110
13001132112
13003222101
12002031121
01330001201
13100012211
11000212313
21100020211
31300021230
11322011300
10113200310
10202210311
13310110300
13131130200
11131011010
12211100010
11030201310
12300010130
11000103122
10033032110
13301031010
12210313020
10100332310
10300302121
10023320121
10303001122
23000311102
20100331101
00103301121
11002133101
01010003111
30202332010
10303232010
10330111201
20030111213
31003001101
33001031201
21002201123
21001030111
31000110111
11002010113
31200100013
10001320313
10003010132
10033200012
13001023232
10022330212
10332200202
10002322132
10202023112
10002003213
10302020123
02232020212
10100222123
10110231223
20002121323
11001002311
11010002221
20310021231
20010022133
23110202201
03230002101
23100123201
21310023120
21003100223
22001002322
30010103223
13220021120
13302301020
21320121320
21200011320
31000123320
31202020310
31011010211
30011212213
11011103103
32011232102
03203022122
31102301210
33123112020
12210020110
31212002110
22310001100
32202100110
32202010103
03322010101
23300111010
02312011103
02210013122
02110001112
20130203110
01320002310
01310103130
23003022110
30210302310
20013202312
21013030210
20010013312
03103213120
03122312210
00312030121
10001223121
00122332012
00123123212
02012032112
20121020113
30021022131
00020031312
30001331120
20003133202
20131202232
30001113203
31001213110
30012101112
13003210110
23000210011
30030100211
13101101110
00101131112
00031201312
30031110130
30011301232
10012303130
21001101132
31001122123
22001132103
12001011223
21230021210
32001021212
02003012111
23002012013
20002300022
10031012013
12013002012
32010021122
02310201223
03112020223
01001302332
03111301202
00111033203
03113101030
01211100213
23011100221
03101310011
03210100301
00010322331
00113012211
00112123231
00100302231
01000213211
20110110131
23100100021
20101130223
21010311021
32100112011
02300101011
22310012022
02030012322
03001123031
10011030031
10131020221
10103120011
30121001011
03000101121
30003102012
00032031011
10023211011
33011020032
31110100022
12110010023
12112000220
32211011001
02210011013
30011310001
32000110032
31210011022
12020100112
12101010032
01210230122
13110002030
22111003200
01311001012
11100021012
33100010120
31022001023
10212000122
10220113101
10112002301
10012203011
11031120101
11010230012
01113023002
01121030003
31110203000
01112203120
11100032120
11210001300
11101001201
31103120120
11010313202
11010122031
11101021130
30101012212
11003012021
30100312302
31000232022
10010320223
10310300210
11001300010
11301332000
01131000220
01001321213
10103331200
10121321203
10131211230
10213031201
20210030203
30310131100
01121322103
11230121001
01110021031
32112020002
10120203222
30311221201
30101112101
01011323201
30101102033
30120002103
10121003102
10111002110
13310021200
03021002213
30312103210
10230013010
10220120213
10301210212
13200121102
13120101202
10120130003
22012011302
20101210332
30121200023
32131210220
32102102022
13101013220
12130123020
20110123021
20110132012
00100320132
20021002112
00011031321
20300103102
21300100201
21300132210
23101312300
12131312200
13201311100
10203120103
21020311203
02000120133
31030311002
33031101020
21020102123
21200122301
01020101311
20102001221
20001010321
20011002330
22021023130
01012013310
20010111330
02032111310
21000312130
22020313100
02020302301
02110032230
01102032101
11302021202
31020221302
32102002230
21020132201
21022100012
03102202132
02010211132
03002211031
33020201001
33102202010
20102202031
20301002032
32012201021
30302201022
30001230021
31002302001
11200030200
12320320200
31200222102
01200031001
02201001221
01203001023
20013001021
02013020231
02112102031
32013212001
32021012201
30320212023
32032130210
20121310201
02312131010
03210310102
21031212032
12210102320
10320103230
22001310230
11202310210
11220102003
11103022003
11001013003
12322102030
01232101032
11031102022
01301202121
10003130120
20103012023
02000312203
00321300101
00231002011
00300020221
02303002210
30232102021
30202110121
00123300210
02012200111
30110210021
03010013021
02020010031
02010110211
02210130021
02001322122
22030122022
23001221302
02201023102
03211021023
30211023202
02110301001
00110203023
00313011023
01013010101
00111300022
20311120012
00020301123
00320120312
03201000110
03031021130
00303121101
00302122112
00300222011
01132221001
20320221021
11332101000
31321212010
12103211010
01120220011
22020220012
22210021002
21213021100
01113021220
02311021210
03101021222
03013112022
00013213232
00323102022
13032102003
30130020202
20211031220
30002002102
02002000232
10002101231
11002110232
01003010222
31011100202
31011212320
10230022320
10010221322
13010201120
11202100320
10232220120
03232100020
01322110022
11203121020
12031020230
12003122202
12001120022
32221220020
20220020022
02220320002
31021320002
30223022002
00120230032
02101200222
22001120201
02101132023
02310120320
31012032202
11001232203
33202011020
02220310120
30220201320
31220131200
02303011120
02031131202
22203011200
32030212030
20300320120
22201020120
20230001020
22000101202
02120201302
02100103320
30200310220
00200102323
30020110222
00330102120
20320011220
01231022120
03110022120
00210310213
02103002002
03120021003
20200322210
22200321020
20220232110
20220200101
00200321301
30203201202
00203010012
20120011012
00202032021
01020003220
00310013210
01232003200
00232201222
10203200220
00220011021
30023001220
00010001222
20020302202
00220323220
31022012220
31020130020
01021133022
21021331020
21021001001
01100331020
02100221021
00110302102
20103021030
03011302001
03012220301
02012100303
00012102311
20001021013
10201002101
22010102210
00023022013
10102021303
03001201023
00300111022
01000111302
21103223000
11122322000
23023312000
12102021020
11022202320
30312020020
20131100020
23131001000
23132112002
03110113010
01110120102
03000223202
01002002012
03101211102
00301213130
20301231203
20011323120
01230112320
01301002202
03011032020
33013101200
00311013001
03321102010
03023120320
11020032000
02300231200
12002000100
02001210012
00012303202
30010022001
20010320002
02301320010
01021020021
00201100021
00021013032
10200110202
21013210030
21101202020
30110001200
00100022203
01230202230
00120020320
30021202032
10001002220
10010010230
01300012220
01002302220
11030011200
31310122200
01100202300
31030102100
02102011210
03200120210
03203122003
01032020010
00031122021
00013200201
00131322202
00130222130
00303122230
00030123210
00031202203
02013012220
12100102200
22120110200
21101110001
23010211003
01103110300
30302012203
00302202302
00102001130
00302130220
03212022202
20230102200
10013232300
01000322002
11002220003
20001222320
01012220022
02102230010
01202323010
02202220220
20202220202
00022202212
02023130200
01102223102
20033110200
20030220020
21032202200
22100222100
21010222010
21311201200
22210220200
32011122020
21131122000
10211322020
21023122100
10020131210
13002032200
20002120210
10010122110
10100220200
20010203200
00102010202
00102122320
20102210220
02011230220
20133221200
20100101120
03001131220
00013132010
20201001300
20023113010
01001110210
10001122030
10031121220
10021023020
10102110330
01010110120
00111023010
00131213003
20011223001
21001133000
32010113000
12302203000
22002323000
03002132310
32002202300
20312112200
21302112020
13200012000
12002310020
02201011030
01201201203
01120112030
01012120230
02022022020
30120122010
00221221013
01022122032
01202110201
00221020203
02022101230
10020221201
03202012130
10130012100
31100121000
20021120302
00232011201
00222312102
00202211023
03320121100
00113120200
00230123002
00201332200
00132121102
00032210021
31003221200
30213221010
00200201010
00022121301
20022213003
01023101003
00023100102
11021101200
30122100200
00122101310
01011021300
10011031100
10002311202
20032101002
30123111002
03002021002
30022210101
13002121300
33002112000
10012130200
21202210100
00130111000
00122213020
00012232003
10011210102
22011311000
12301120100
10001001002
10312301002
20112010010
01120301100
01121201010
21000201000
23212201000
00321222020
00321112003
10022112303
10030223100
03122200100
02023203100
02112211000
20302211000
10022111020
10222120300
10221010100
10220311000
03220202000
03221231200
30232201100
01022332100
00122022100
12021222000
20121230100
03011220110
00011123102
00221200120
20120212000
00211212010
00211301110
03211103100
02031100100
00032112100
02010132100
00312321100
00021231030
