--- Configuration ---
Max Run:			3
Min GC Content:			0.3
Max GC Content:			0.7
Code Length:			10
Min Codebook Edit Distance:	3
Generation Method:		Linear Code
Min Candidate Hamming Distance:	4
Number of Candidates:		836
Number of Ones in Matrix:	52
Number of Code Words:		810
--- Performance Metrics ---
Number of Threads:		16
Candidate Generation Time:	0.00	seconds
Fill Adjacency List Time:	0.02	seconds
Process Matrix Time:		0.01	seconds
Overall Execution Time:		0.05	seconds
=========================================== 
2132230120
2302212303
1321120310
3312111202
0130301101
1213133221
0321331030
1213331013
1320113102
3103323101
0201122310
0302233120
0103311230
0110122233
1123222303
2313232211
0220233311
1232121133
3310302313
2232012323
3122230332
0210102202
1302220032
2223133310
2033031112
3201110021
3332332130
3332233011
3332130302
3332031223
3331310001
3331112233
3331013312
3330323213
3330222332
3330121021
3323312022
3323213103
3323110210
3323011331
3322321230
3322123002
3322022123
3321303301
3321202220
3321101133
3320330113
3320231032
3320132321
3313320222
3313221303
3313122010
3312313030
3312010323
3311331101
3311230020
3311032212
3310203232
3310100121
3303131310
3302201211
3302102102
3301322201
3301223320
3301120033
3301021112
3300311013
3300210132
3300113221
3233230211
3233133102
3233032023
3232302122
3232203003
3232100310
3232001231
3231320013
3231221132
3231023300
3230313201
3230212320
3230111033
3230010112
3223322030
3223223111
3223120202
3223021323
3222113010
3222012131
3221232232
3220300101
3220201020
3220102333
3220003212
3213211311
3213112002
3213013123
3212323022
3212020331
3211301113
3211200032
3211103321
3211002200
3210233220
3210130133
3210031012
3203202011
3203101302
3203000223
3202330322
3202231203
3202132110
3202033031
3201312213
3201213332
3201011100
3200321001
3200220120
3200123233
3200022312
3133311301
3133210220
3133113133
3133012012
3132120321
3132021200
3131300022
3131201103
3131102210
3131003331
3130232311
3130131002
3130030123
3123302001
3123203120
3123100233
3123001312
3122331213
3122133021
3122032100
3121212203
3121010031
3120320130
3120221011
3120122302
3120023223
3113330201
3113231320
3113132033
3113033112
3112303013
3112202132
3112000300
3111220003
3111022231
3110312330
3110213211
3110110102
3110011023
3103222020
3103121333
3103020212
3102310313
3102211232
3102013000
3101233303
3101130010
3101031131
3100200111
3100103202
3033321313
3033220232
3033123121
3032312101
3032213020
3032110333
3032011212
3031132202
3030303222
3030101010
3023332013
3023233132
3023130221
3022301201
3022103033
3022002112
3021323330
3021121102
3021020023
3020310122
3020211003
3020013231
3013300213
3013201332
3013102021
3012333001
3012232120
3012131233
3012030312
3011311130
3011210011
3010322322
3010223203
3010120110
3010021031
3003313113
3003212032
3003111321
3002320301
3002221220
3002122133
3002023012
3001302230
3001203311
3001001123
3000331022
3000133210
2333213311
2333110002
2333011123
2332321022
2332220103
2332123210
2332022331
2331303113
2331202032
2331101321
2331000200
2330231220
2330132133
2330033012
2323301130
2323200011
2323103302
2323002223
2322332322
2322233203
2322130110
2322031031
2321310213
2321013100
2320323001
2320222120
2320121233
2320020312
2313131102
2313030023
2312300122
2312201003
2312102310
2312003231
2311322013
2311223132
2311021300
2310311201
2310210320
2310113033
2310012112
2303122202
2303023323
2302313222
2302111010
2302010131
2301331313
2301230232
2301133121
2301032000
2300302101
2300203020
2233223303
2233120010
2233021131
2232311030
2232113202
2231232020
2231131333
2231030212
2230300313
2230102121
2223331122
2223230003
2223032231
2221320201
2221122033
2220313013
2220010300
2213303322
2213202203
2213101110
2212330130
2212132302
2212033223
2211312001
2210321213
2210220332
2210123021
2210022100
2203310022
2203211103
1030021312
1023313230
1023212311
1023111002
1023010123
1022320022
1021302113
1021203032
1021100321
1021001200
1020331301
1020230220
1020133133
1020032012
1013321030
1013220111
1013123202
1013022323
1012213303
1012110010
1012011131
1011330313
1011231232
1011033000
1010303101
1010202020
1010101333
1003233211
1003130102
1003031023
1002301122
1002103310
1002002231
1001323013
1001222132
1001020300
1000310201
1000211320
1000112033
0333232132
0333131221
0332300201
0332201320
0332102033
0332003112
0331322330
0331223211
0331120102
0331021023
0330113310
0330012231
0323320313
0323221232
0323122121
0322313101
0322212020
0322111333
0322010212
0321230111
0321133202
0321032323
0320100010
0320001131
0313312113
0313213032
0313110321
0313011200
0312321301
0312220220
0312123133
0312022012
0311303230
0311202311
0311101002
0311000123
0310330022
0310231103
0310132210
0303301213
0303103021
0302332001
0302130233
0302031312
0301310130
0301211011
0301112302
0301013223
0300323322
0300121110
0233202120
0233101233
0233000312
0232330213
0232231332
0232132021
0232033100
0231312322
0231213203
0231110110
0231011031
0230321130
0230220011
0230123302
0223310301
0223211220
0223112133
0223013012
0222323113
0222020200
0221301022
0221200103
0221103210
0221002331
0220332230
0220130002
0220031123
0213322101
0213120333
0213021212
0212311313
0212210232
0212012000
0211333222
0211232303
0101201032
0101102321
0101003200
0100232220
0100131133
0100030012
0033313022
0033212103
0033111210
0032320230
0032221311
0032122002
0032023123
0031302301
0031203220
0031100133
0031001012
0030331113
0030133321
0023300322
0023201203
0023102110
0022333130
0022232011
0022131302
0022030223
0021311001
0021210120
0021113233
0021012312
0010211132
0010112221
0003321222
0003123010
0003022131
0002312030
0002213111
0002110202
0002011323
0001330101
0001231020
0001132333
0001033212
0010310013
0011020112
0011121033
0011222320
0011323201
0012002023
0012103102
0012200211
0012301330
0013031231
0013130310
0013332122
0020021100
0020120021
0020223332
0020322213
0101300113
0102021331
0102120210
0102223103
0102322022
0103012123
0103113002
0103210311
0110023312
0110221120
0110320001
0111010100
0111212332
0111313213
0112032031
0112133110
0112230203
0112331322
0113001223
0113100302
0113203011
0113302130
0120110033
0120213320
0120312201
0121022300
0121220132
0121321013
0122000231
0122101310
0122202003
0122303122
0123033023
0123132102
0123231211
0130002212
0130200020
0131031000
0131130121
0131233232
0131332313
0132013131
0132211303
0132310222
0133020323
0133121202
0133222111
0200010023
0200212211
0201023231
0201221003
0201320122
0202001300
0202100221
0202203132
0202302013
0203032112
0203230320
0203331201
0210003323
0211030131
0211131010
1030120233
1030322001
1031012100
1031113021
1031210332
1031311213
1032030031
1032131110
1032232203
1033003223
1033102302
1033201011
1100023100
1100122021
1100221332
1100320213
1101010312
1101313001
1102032223
1102133302
1102230011
1102331130
1103001031
1103100110
1103203203
1103302322
1110030200
1110131321
1110232032
1110333113
1112120002
1113012331
1113113210
1113210103
1113311022
1120002000
1120103121
1120200232
1120301313
1121130333
1121233020
1121332101
1122013323
1122310030
1123020131
1123121010
1123323222
1130011300
1130110221
1130213132
1130312013
1131123033
1131220320
1131321201
1132101102
1132303330
1133033231
1133132310
1133231003
1200102010
1200201303
1200300222
1201030323
1201333030
1202210020
1202311101
1203021000
1203120121
1203223232
1203322313
1210010231
1210111310
1210212003
1210313122
1211023023
1211320330
1212100033
1212203320
1212302201
1213032300
1213230132
1220022031
1220123110
1220220203
1220321322
1221110302
1221312130
1222033312
1222132233
1222330001
1223000100
1223101021
1223202332
1223303213
1230031331
1230130210
1230233103
1230332022
1231002123
1231103002
1231200311
1231301230
1232020012
1232323301
1233013200
1233112321
1233211032
1300033123
1300132002
1300231311
1301000331
1301101210
1301202103
1301303022
1302022200
1302123321
1302321113
1303110133
1303213220
1303312301
1310020223
1310121302
1310222011
1310323130
1311013031
1311211203
1311310322
1312031100
1312130021
1312332213
1313002312
1313103233
1313200120
1313301001
1320012023
1320210211
1320311330
1321021231
1321223003
1322003300
1322201132
1322300013
1323030112
1323131033
1323232320
1330001323
1330100202
1330203111
1331032131
1331133010
1331230303
1331331222
1332212232
1332313313
1333023212
1333122333
1333221020
2000120302
2000223011
2000322130
2001012031
2001113110
2001210203
2001311322
2002030100
2002131021
2002232332
2002333213
2003003312
2003102233
2003201120
2010032123
2010133002
2010230311
2011001331
2011203103
2011302022
2012023200
2012221032
2012320113
2013010012
2013212220
2013313301
2020101202
2020202111
2021033131
2021132010
2021231303
2021330222
2022011000
2022213232
2022312313
2023022212
2023220020
2023321101
2030013023
2030112102
2030211211
2031020231
2031121310
2031222003
2031323122
2032002300
2032103221
2032200132
2032301013
2033233320
2100011231
2100110310
2100213003
2100312122
2101123102
2101321330
2102000112
2102101033
2102202320
2102303201
2103132221
2103231132
2103330013
2110002131
2110103010
2110200303
2110301222
2111031323
2111332030
2112112333
2112310101
2113323313
2120030331
2120131210
2120232103
2120333022
2121003123
2121102002
2121300230
2122120133
2122322301
2123012200
2123113321
2123210032
2130023031
2130122110
2130320322
2131010223
2131313130
2132032312
2132133233
2132331001
2133001100
2133100021
2133203332
2133302213
2200031200
2200130321
2200233032
2200332113
2201002012
2201103133
2201200220
2201301301
2202020123
2202121002
2202323230
2203013331
2203112210
