--- Configuration ---
Max Run:			3
Min GC Content:			0.3
Max GC Content:			0.7
Code Length:			10
Min Codebook Edit Distance:	4
Generation Method:		Varshamov-Tenengolts Code
VT Code parameter a:		0
VT Code parameter b:		0
Number of Candidates:		87062
Number of Ones in Matrix:	59511304
Number of Code Words:		889
--- Performance Metrics ---
Number of Threads:		32
Candidate Generation Time:	0.07	seconds
Fill Adjacency List Time:	49.64	seconds
Process Matrix Time:		171.27	seconds
Overall Execution Time:		220.99	seconds
=========================================== 
3033222333
0001110030
0011121110
0111222100
1112220032
3000110100
0001113101
0011133200
0002223100
0002220031
0011120021
0011223211
0112220220
0001032100
0003211010
0002103020
0010031010
1000100010
0003101031
0001221121
0012221132
0001132221
1001110211
0001100113
0011130132
0001121232
0011200033
0111220331
0010200310
0200010310
0013102010
1011120103
3011121201
0011211223
3111220202
0111232232
0111230010
0111333101
3112221103
1112233102
0022232220
0122231110
0222333100
0022330010
0122233201
0112200111
0022200022
1122230021
0122230332
0113330032
2012220101
1122333212
0002233212
0013330120
0033300111
0003202120
0103000110
1002000111
1113300011
0022102121
2022230211
0223330021
0113332221
0011331231
0003331132
0003300222
1112330231
1222330220
2223330330
1123330110
1113202110
3113330200
1100020210
1012220213
3000220211
1003301110
1000333210
1011131213
1023300020
1011100220
2001120200
2011120312
2111330212
1003330201
1000220102
2002330100
1022231101
1011232201
1011331100
2111231200
1012230300
3022200110
0112103221
0020032021
0100021000
2000200021
2000130212
1000110322
1011132322
0300020321
0030021032
0020221020
1000211221
2002221202
2000121103
3000231200
2000101220
3001131102
3001220303
1002221311
3011221322
3000121312
1022232312
1000230313
1000132203
1001300031
3001100332
3011330302
0001231330
0202221210
0101120320
0201130210
0300032210
1102232210
1002200230
1012201120
1100300100
1000331302
0110032120
1100032111
1122032100
1110031021
1200032000
1110132010
1110100321
1113101020
1000103331
0101132112
1103331000
3010032102
3000201132
0010101022
0112102032
0012132103
1011001112
0022301112
0013210112
1012103212
1003203211
1003103102
0100100312
1003210032
2011101131
0013203131
1112103130
0113211021
0023210001
1113210003
1010301030
0010303321
0010103233
0022201333
2002211131
0002212233
0022332331
3002111222
3002330311
3012200221
1112202233
1103000221
1002302221
1010321222
1013311121
1011211331
0100131321
0101011120
1002011123
0100211212
0100200201
0200211100
1110211320
1000212330
3000232322
3100032032
3001000223
1101000132
0201000121
1013000123
2003001122
1022001222
0113301122
2112000222
0102002220
0310001113
2111000113
0031000212
1001001333
0320011122
3300021022
3133000122
1100121023
1202220320
0120300320
0322000120
0121000200
0211100100
3223000111
3012300032
3112200330
1122300033
1122331330
2111300030
0212000132
3222000333
3113000233
2202001110
3102000103
3012001133
1210011133
1112301113
1210002223
1110203222
1200200212
1101100203
3300100202
1212200103
0102300213
0330100210
1120101210
1101131310
2101200210
1110303310
1101211103
1310111223
1121121030
1001311230
1211000231
1011012233
3011201230
3311000130
1301001220
2110201010
1210210110
1131001100
0110301003
0311121003
3010102130
1021102132
3311120210
3111300121
3112102101
0311002221
0213001220
0110312210
0311101212
0021012211
0300121011
0102111231
0101022231
2001202231
0021103310
1021201010
1321002110
0030102320
1300102211
2200100101
0200101203
1300101300
2101101000
0301102200
1301200101
1201121001
2311100201
1302221000
1222102010
0020102003
0121101011
1110202001
1310102102
1230021020
0210310020
3013210020
2022103100
2300220310
0300132002
2021132101
0211132011
0021001301
2021000320
0010213002
0101231002
0102301101
3021102020
0221202210
0310203200
0200031023
2300031001
1200131012
0131131020
0031011200
2203000230
1203111220
2200202200
1021022000
1013213200
0021311320
0312112220
0032122200
0201212201
3101012200
1101202300
2012311220
0212201201
0030201001
3100221031
3122201131
1203001131
3210011221
0303011221
3302001121
3211011100
1020203121
0120202122
3110210122
3121001310
0102001332
1120211002
1123212020
1033312220
2003112223
3003011233
3123011222
2133300220
1332000200
1231100310
1130103000
3100103320
0123103030
2121103220
2200130320
2200032122
2100102022
2020210222
1321210220
2121001022
0321011010
0321030001
0320210030
2010310003
3021011003
3010310111
1020210133
2010213120
2211131002
2231000102
1221002202
0021022322
2212300200
2223300122
2220121010
3212001212
1320001233
0323000231
3323002220
0201002330
2201011132
0200200323
2022002233
2020202030
2220031032
0220201012
2210210032
0221221031
2223201020
0220211321
1221200321
0220132030
0213210300
1310210231
2221001213
1223101032
3020103032
1223103120
3220101021
2210103211
3211101320
0311100323
3301110321
2013300231
2120102131
1020312010
2020311021
0120331031
0120212011
3110212030
0133102021
0132000301
0010322033
1210320031
2301000331
0321003032
1321010033
0321020223
2321010112
0310310132
0120103113
0101201313
2001131323
2103001203
1201301102
1021013122
2001332202
2113103202
0211300312
3111011333
3121002033
2121033000
0121312000
0320302100
3210320100
2310320220
2113210230
2000322230
2010322121
3120310001
3121210012
0121203003
0132202000
0212221023
3303210200
2111230323
0111302333
0110213133
0100212303
1110323002
2021320002
2010323010
3110320013
0100332013
1110332132
0030132131
0223032101
0020323111
2100232130
1130231030
2100203033
2122330203
3102231020
3020303220
3022230323
3130132100
3320310120
2313011120
2031102110
2120322110
1220202113
0230102112
1230302210
2221103012
2220203310
2201101311
2221301001
0220322002
2210312102
1220303003
2030332103
2002232303
2020320333
2021321223
2303330210
2013202103
3003212102
3121232102
2021023033
3021003113
1021033011
2031002001
2321022021
3023103201
3223210221
3201102002
3202002201
3032001002
1211102303
2311201102
2102202011
2100322001
0210323201
1211322200
1213331210
1211232310
0203301211
1202300301
1202012230
1103302202
0202202302
3200203001
3101103013
0101303302
2200311201
2102122203
2210112233
2320012223
2300201213
2103012211
2101022302
2131022210
1132022201
0231022203
3310022233
3112012223
3102022212
3001232213
2312001230
2102011300
1322011130
0232011101
1212331001
3202301000
1123301223
1323300103
3313301100
2113331103
1023332300
1301330320
2320103203
3322200203
3102203223
2330101002
2103301012
3131101032
3323001132
2023311130
0223301133
2233102030
3103311210
2103302133
2100312320
2220302321
3121012321
3122302230
2221332120
3200332110
2203213210
0222331232
0310321330
3320320032
3220321112
1320321121
1320323200
1330032130
0333232100
1131232120
1230132021
0212332112
3212232120
2201232012
1101332022
1030320113
2223210113
3133210110
1123203132
2103233300
2100213111
3201202111
2321212100
0322211200
3223213100
3132111000
2132232101
2232221030
2122212330
0032232032
3311232000
3232022000
3221322010
3221203030
3202232031
3222122233
3021212131
3012331203
3223331201
3233302221
3230202032
3230103230
3220303131
3123300331
3220310233
1233300233
1201132033
3011322330
1021323130
0123322233
1210222333
0213022232
3130210333
1031310333
2121310123
1121213233
1121303111
3101332131
3121321133
2211232133
3231302130
3221022123
1022112333
2133111233
0013311333
3033301232
1133103231
3010313232
3022311231
3133311131
2110313031
3230311030
2101311033
3213111202
2130303130
2030203232
2120323232
2131003233
2131202132
2133322330
0132332130
3132022133
0322232133
2321031133
2033103213
3223111333
0212111330
3300311103
3203001323
2213001332
2103111322
1032033233
1121003323
2032321133
2321320131
2023332213
3222332303
0220312123
1032322030
0320122333
1323112230
1322022232
1300232123
1032122123
3130321223
3131323230
3131310222
3231320001
3213122300
1313331033
2233311222
2013331322
3200302023
2213332023
2112332302
2322332000
3322231002
3322331210
2302231033
2332001103
3212212002
1221212003
3201211022
2032210002
1312232022
3021323021
3031012022
3102323003
1031103021
2031313030
2231332031
0221033303
2231012300
2230212001
1223213031
2032320011
0032331021
0312230321
2032111023
2220213023
0233210033
0030212023
0033213221
1233210122
2133213102
3103322122
3100313022
3303331321
2323331011
3123331312
3203313133
2103323223
2023302332
1033323331
3213311013
3211303223
3221033222
3311331022
3113313330
1211013330
1311002332
1321322102
2213223330
0302331012
2322300212
0312302202
0323332122
1302212202
2132312032
1311301203
1312311102
1233132103
3311132123
2333210223
0331102133
2231202023
1132201022
1233203010
1333202031
1232302002
1130312003
1131301321
3132303031
1211311323
1202311213
3113213213
3102312113
1232212133
1103012332
2233203121
0132011213
0231001322
3131033023
2132133033
1032123002
3232320123
3202303122
2230303022
1330301023
0032303223
0031301013
0132322023
3331322033
3331001201
3330102013
2131011011
0121323012
0231311002
0031323122
2331231021
1331331010
1131322011
1131213001
3132212021
3311221011
1032112011
3032012210
2333212010
2331302012
3032213130
3321303202
3302232112
3232013033
0231313233
0131212113
2231303113
2331213133
1332303133
0330203123
1331103112
3231003011
3211313112
1130313112
1330212111
2132313121
3331211210
1333213232
0330313222
0323210322
0332212122
0321313103
3232313220
3331203022
3330201320
2331102321
0032313012
0332312001
1332211013
2330313013
2101033313
2332203001
1322203300
0232203320
0130213310
3131023112
2032022112
0032002313
3310213101
2212211303
2232311310
2102323112
3330312310
0331322320
1331011303
1031023310
1232001311
1213112331
3332302111
3211022311
2211203301
0211213313
3212112313
3202111301
3102033301
3032003321
3232113111
3232033310
3201303310
2132023022
2032123320
2232122302
0132122311
3202012322
1232312321
1232023303
3202133323
0132133322
0332111302
1332012312
0331023302
1201213302
2332033323
2330213321
2302200322
2300211302
1002313332
3102113312
0302211323
3212213321
3301202323
2312231310
3300213313
3320313211
1332133311
3322212301
3302112330
3103223311
3200323321
3203023302
0203113332
2202013331
1302023330
3210123332
0312013332
0302203311
2323113331
2312122331
3323022331
2322202313
3302301313
3311212312
2322311322
0312311211
2313210311
2313300302
2311311300
3312303301
2212323311
1213303322
1300302322
2311323322
3323312323
0313332310
1300313301
2323312201
3301322201
3323322212
2312322213
2300312212
0301312311
1303311312
1312313313
2323323313
1313322301
0302322303
2200322313
