--- Global Parameters ---
Code Length:			10
Min Codebook Edit Distance:	3

Max Run:			0
Min GC Content:			0
Max GC Content:			0

--- Generation Configuration ---
Generation Method:		Random Candidates
Number of Random Candidates:	10000

--- Results Summary ---
Number of Candidates:		10000
Number of Ones in Matrix:	55722
Number of Code Words:		3822

--- Performance Metrics ---
Number of Threads:		32
Candidate Generation Time:	0.02	seconds
Fill Adjacency List Time:	0.22	seconds
Process Matrix Time:		0.10	seconds
Overall Execution Time:		0.35	seconds
=========================================== 
1022200112
2003211212
2311013133
3332011030
1332011333
0113123211
1100300132
3011210002
3132132013
0310020333
1222010301
1311013332
1300003130
2102200012
0223110121
1002323113
0232320002
3133200003
0201301310
1321001032
1222102223
2201122021
0003110013
0302012123
0302132311
3323122013
1220233312
0303002313
0212322202
1311000322
2333220021
1001213323
2311322203
2221203133
0233020232
3122102203
0123101303
1012200032
0310002110
1101301222
0133221000
1100123232
0021113330
0303310312
2311031031
3311310332
3103010110
2003010101
2003012112
0201013320
1033310031
3023311021
3033310221
1313032023
1330321213
0033222023
2232311310
3203333023
1330032222
0122201302
1002003302
0000033022
1122110011
0020013212
3100220303
2230121100
1212122233
2131221212
2001211300
2002313300
2002123020
3312222032
3312230230
2013233221
1123233010
1211212133
0023321103
3210202231
3330203331
0001203002
1000030012
3122011233
3030130001
2130030322
1330003322
0101303100
2000031320
1231012110
2003002100
3221210311
1213021313
3212121211
3002320210
1000031211
3200321213
3121200303
0222010222
0031013003
2032112230
2110321030
3322000103
3223230310
1120132120
1120123330
3233201011
3311213100
2220001232
0131110311
1233021223
2321311121
1010022233
1310320113
2212200331
3100111210
2103003223
1221111130
0020231320
1201000113
1121102332
1331112023
0033101313
3311333230
0022210320
2332021130
3202022303
1021321220
3011003033
1013021033
3130331322
0001330101
3321020311
1000002023
1200013013
1320201303
2130213303
3101222121
3013000220
3202122001
0000211103
0000301102
0010211132
2222202031
1033223001
3032233013
2123113322
2233333233
0311120132
2000212122
2003333020
0211322220
0001322203
0020131222
2331011120
2210212130
2210001133
1133302330
3331133332
2321223332
1020120213
2103331323
2022021003
3221021103
3131112133
3312111112
2132211332
0233220123
0010021123
2120220333
1211022333
2223313130
2003321003
1130200012
2311110031
3133001232
2100021211
1110212332
0222321111
1122311221
0222002003
0221302312
0333232312
2132123220
3232113302
3313110220
0303112023
1120101201
1230111122
2331310213
1313220130
1212020110
3320211322
3222222020
0023002023
3213130013
2213133000
1221030100
2121030103
2333101310
2313122012
0331220102
1102311132
1123312232
3023330301
1310120231
0201113211
1131310023
1331022002
3332032021
1330223022
1202021103
0030230002
3001013300
3003330211
3123222222
3123202032
1312202232
2231100001
2311120230
2100020023
0231013011
3300311302
1033220331
2220022112
2200033132
2320003331
3330310322
2310311332
2310220302
2331012332
3330121333
3313121232
2202033313
1001001103
1133120212
3023201001
3123211301
1110233132
2233133110
0331010211
1331101021
1233111103
3232133212
3232323111
3321232311
3212032011
3200330121
3320202011
2021200203
2102120031
1021232033
1032023233
0322200223
1222101103
2210333130
2010331312
1120032232
1322032033
2132233323
3302213111
2100013103
2130101312
2230131310
2031012111
2322220221
3323220203
2023220233
2000021102
2200020203
0002021112
0003330200
3200333200
2201323200
2013230120
1113210331
0111320033
0120313033
3212321100
2133011003
0133301103
0323001103
3230012102
3130011023
3110031003
3011221333
2012213333
2012133322
0002130332
2011121233
2021121222
1233202211
0030001113
2030303111
0333021111
0133121102
3133130002
0322313020
0013221320
2002221120
0001120120
0003231110
3021002233
0031120332
3112233100
1112013100
1112130010
1112010210
1132013213
1120112213
1202222313
3203122313
3321123313
1331123330
0331233310
0131133300
3301102313
1231222323
2312011110
3120211010
3223213011
3031213311
3121033111
3210003003
2112003003
1120103303
3202320311
0202331331
1222331301
1223001201
0112230001
0112220231
0212321231
3230233131
2302330031
2200130011
2003130331
2001323211
3312331210
3120321210
3113322210
1113321200
1011002200
0112002300
0130022300
0112311302
2312313302
2312110311
2311301312
2312213012
2231233322
2211213301
2021103331
2313203322
0100311000
3333211033
3300311233
0203330233
0200113032
1023313022
0223303022
0223000112
3221003212
3021003011
3010302111
2003213201
1132120310
3313212020
1213210021
2221201300
2211222003
2011230003
2021220030
2112200030
1112231020
0321122233
0113002123
3003110133
2000113333
3003123132
3023223030
1322232321
1021201133
0232123031
1222023031
1220020332
3322010332
1102002130
1112220330
1212230030
3121233030
3120330233
1131232233
2122130330
1202213301
1100020120
0110022120
2102001220
2020220120
1020222110
1000102010
2011213112
2121201112
2201001132
1212001122
2110211113
1102211121
0210311123
0210230113
0220130313
0012123012
0231231300
2310332300
2000232330
1231231023
3031231022
3213123112
3311231023
3111201123
1221023112
1021020313
3030222033
3002332033
1000322033
0030220330
2222010110
0212200010
1212222031
2023012001
1003131112
1012131211
2123013000
1100230002
2323312221
2102330301
3330022113
0333002222
1312323330
2113033331
2012202012
2302202130
0231132012
1221221132
3110033202
3013031212
3031230123
0321111031
0321321201
0123233201
0102322021
0103200211
2011103010
2212300233
3122203202
2122133102
0002203203
1312203102
1320200330
1211121310
0332031223
1332031301
2313301110
1112201003
1133211002
0312120212
2031212321
0313100312
0013010212
0202232303
3210222203
2202222203
1121021131
0230111300
2103200023
2311133203
1000010321
1013130322
0310313322
3121213322
1230130130
3011102311
2221230001
1100221023
2322022332
2312003333
2220203321
0311111123
3030301131
3331112120
1003122233
1133322223
3323020130
0322203130
0223120200
0012110102
2002110202
2022130012
0022310012
3032330011
0321022211
0123222311
0121132211
0000033110
0021033310
0021021331
0020212321
0110132321
1231301010
2122021113
1120221113
2120221022
1110023113
2310001012
1002010312
1002131022
0002320302
3310132100
3313131200
3313112121
2300112101
3223120111
2230312111
2231021111
2131121201
2121132100
0311102100
2003031002
3203310032
3201330323
3223331002
3233331020
0233231230
1201331020
2023211010
2112110032
1120210031
2112111102
0212211002
0101111002
0230011002
3221201002
2122032133
2122021320
1020211230
2323211231
1321221331
2100103201
2213302032
3120203230
1112020322
1332332030
2321332030
2123213123
1213300310
1202300010
1203230110
2031010030
2030110310
2130010010
1300010110
3000101302
3000002322
3330000130
3330030220
1030011001
2030200010
3030201210
1031110303
1301110003
2331110101
1311101301
1333101231
2323101331
1031113000
2101100303
3112223001
3312021333
1222223003
2220223013
1131122120
1312020032
1022011223
0323313332
1211231331
2211031333
1213231223
1231331321
1231211320
2220231333
1232021332
1232313222
3203313222
3323310222
2321330222
3023123222
2232001330
3323013302
3213013100
3233301333
2323321323
2002021333
2002213032
2033223332
2332323032
0332233303
3222233333
3122123333
3221211333
3221232023
2322213303
2222130031
2132133231
2033133131
0032313331
1100321333
2322130023
3332333012
3111232011
3211123101
0003003211
0001300312
0003000012
0201020012
0210023012
0300123201
3322223201
3023101300
3023013210
3123113220
3120011332
0120021333
0312000133
1100011330
0330210031
2303323132
0123010002
0331100032
3030000103
1030200133
0302020013
0012001110
0300010322
0310203222
2013113031
2013112212
3231102212
3232111222
0312110221
2231110222
1112113031
2113220300
3301113001
2310002131
1231013131
3001013111
2101311111
2100301131
0020000000
0001302110
1032322110
3202331223
3023012223
3020322233
3331122323
3321222223
3122322123
3222022321
0132122213
2211122213
2111112203
3031013102
1021023101
1121132303
3221323003
3021213303
3022122103
3030121203
0311212203
1302031330
0310230021
0102130221
0102202202
2121012030
2222031030
2102211030
0102201120
1103201202
3320300113
1132332213
1331013313
1033103310
1003003013
3010300010
3002200020
3022010102
3303013313
3313313233
3322012313
2110011311
0000303210
1200011133
3311133111
1303022231
1312231132
1323231112
3321211110
3301212133
3323211313
3322111323
0322213013
0122213312
3222213002
3320221002
1322231210
1221112210
3223211210
0222221210
0221031210
1132331111
1131311121
1013113121
1021310121
1113311110
1113133110
1113213011
1111320011
2111132022
3200131122
3301331121
3333203030
1233213030
2010132110
1112312333
1132112123
1100110103
1113211233
1100211203
1122113202
1102313023
3010231020
3033210020
1010222023
3333110030
3011202023
2102132020
2203133320
1120010003
1333222320
0031303133
2223232011
2003220011
2012203113
0102203101
0102030310
0110203331
3110201303
0311320103
2010220013
1203023001
1310213001
1201212001
0200012011
2023101103
2032312103
1331201033
1031201012
1021010220
1021301000
0310201133
0300132130
1300103211
0310132231
1301233130
0133000300
0333003000
3030023000
0100000003
0103020201
0101020103
0103020132
0013022131
0330202130
0330020030
1330020012
0032202200
0331210130
1233232333
0001313200
2211313203
2113322233
0121220202
3212321033
3222331013
3222312012
3231012012
3203112031
3203310120
3320331320
3032032122
3203101131
2100100111
2230101011
2223310321
0311130013
0311300112
0331312111
0312312122
3033121212
2311000003
2230200003
1232300003
2223022003
1230310103
1330313102
0020330103
1020301103
2020201123
2033201322
0033201132
3033001022
3022300120
3003230000
3000300100
3333030000
3331303300
3311203320
3331220322
3321220120
3212212220
2122101020
2012210021
1122301323
3212230023
3213230121
3301022120
3102323120
3301220300
3330010032
2310010002
3133210032
3321130000
3311100201
3311301220
2211311020
0211101020
3113331120
3303313000
3023010000
0020303203
0131300110
1013130000
0131031312
1210333103
1232331231
3010211212
3011022112
3031202112
3010000112
3100003132
1332003132
1022001131
1120301233
1122010131
1031210131
0030233322
0031133122
0031333110
0210313311
0113310321
0203230311
0213210313
0033033112
0331203112
1120131331
1121301310
1121313122
1221223121
1221322330
2321023321
3121303313
0311333132
1312133311
2131213113
2131101323
3310202121
2301230020
2121200020
1012000000
1012103030
0320110132
1320011010
0321302232
3223322232
3213322322
3210331321
3203331232
0331310232
0331230231
2301232231
0331323033
2221023033
2311123033
2110020202
1100320203
2100320220
1101320123
2113320123
0211320232
0201320211
0332001212
3212323122
1123001330
0011001330
1210113310
1032013310
0322133320
0331130020
0312130000
0301010000
0302032030
3032303030
0122002230
0122200330
3221030330
3123203320
3103120032
3123123321
1022032230
3030113020
1110111020
1300111013
1302111020
1130011120
1322331031
3302301031
1300233231
2121111132
2121311323
2130122332
2000320332
1012233023
3111113300
3011110120
3111030303
3211333300
0111020313
0011313320
3211313221
3121131122
1112022121
1202122322
2022212222
2201212222
1023233303
1223333231
0122233230
0100233202
0110031201
2231003201
2011010201
2321310231
2011310111
1211110311
0230231201
0202021211
0200333212
3200233321
0002333010
0302313301
3001133301
1330113300
1001133011
1301123131
2331100313
2331000212
3323100022
3333020122
3311100033
3313020300
0100101300
2222000220
2022320020
2022203210
1120222321
1210223321
0122310202
0101312212
0111322310
1113323313
1303120313
1313120122
1333132121
1313131120
1323111210
1203310313
0011222311
0031121110
0012121210
0313221110
3300132201
3332202201
3322032131
3332201111
2332001101
3330232230
1233003133
2313003132
2330231330
2332232020
3230001303
3320031333
3220313331
1322220110
1322222030
1222211013
1222112313
0220102113
2300102110
2331102012
3311132032
1323113232
1322031323
3022231323
1321320232
0210202320
0130012113
1220023313
0222112010
2333303113
0323210011
2203120100
3131022130
3030022121
3000322113
1003322120
2000322101
0303033023
0012112222
1332111003
1232111032
1232332112
2021323000
2001123100
1000123300
1000130020
2000110003
1300012000
2022231112
3123030131
2013011013
2201111012
2201110130
3220111200
2220122000
2121222002
1221111203
2221112003
0221211123
0101211133
3031011133
2311113212
3111232122
2311122322
3322232120
0322131122
1011111212
3010113232
3310133220
2330233210
2230021210
2320021111
2310103321
2231013122
3221011122
2113021322
2133013230
3213302123
3200303113
3202313312
3212203110
1002232213
0202000032
1201001002
1211300001
1231203001
1101310002
2211110002
1210100000
2303310002
0031101002
1103003321
3011121100
3101211023
3113213003
3311122103
3312222113
3311221213
0021222213
1311222111
1331200211
3330221211
3333231231
3313332101
3131332111
1331331101
1321302110
3332130130
3132133310
3320133101
3132023101
3132030202
2213203020
2221320032
3201320302
1201232230
0132032233
1132032031
3122031211
3032003001
3032331201
3032033211
1323332111
1123302113
1230021112
2200211100
2030211000
1221312111
1032033202
0313203210
3302111131
0211101311
2211103112
1311100113
2331111113
2210110113
2011131210
0211113130
3332101133
3030103033
3331103123
3313232211
0313032011
0313012221
0011130030
0011013010
0011302301
0030000301
1222332003
3101120020
3101310010
3313100010
3332100000
3110131130
3110110201
1001320331
1301321311
1231102111
1301232012
1300220212
0312021311
0012313110
2311221311
1311021302
0210221302
0311223021
0221022131
0231023132
0123300132
1001320212
2001300222
2011001222
2110212202
2210231202
1002330222
2101320312
2100033121
3023212332
0320000102
1310020100
1310202201
1332322201
0311322001
0211120003
0213020000
1323202213
1112320000
0113200101
0111200000
1101200102
0112001202
3113301222
1123001222
0122012102
0312201213
1203122121
0122211031
0120223001
0020323301
0031323303
0120201100
0332012202
3322102002
1322130001
0122001011
0012200103
0011200333
0012230321
0002000321
0012013311
0020133210
1122322020
1321223222
1301033220
0200000101
2200201001
0202010121
1203202322
1203102011
1121212120
0221121100
0121021000
0002212330
1002212322
1022212303
1212212003
1322121213
0111001111
0021031101
2001011001
2011111030
2010013000
0011103031
0012131033
0211312331
0231121233
3031121131
0011031000
2220310101
2221231102
2220222202
2202221102
2022222100
2032230103
0320233103
0322123103
2222200100
0222210101
2322110000
2322210131
3232220030
3322213031
0000130131
1121100022
1223100012
1233120113
1233301123
3330301223
3010001023
1233130311
2031313011
2203131111
1232203311
1200120010
0200320113
0120332113
1023210102
1110210102
1310212100
1102210222
3320130203
2321130233
0021030230
3311111233
0301113233
0111323002
3001323001
3300123002
0000322002
2201223232
1201023233
2221213032
0112313103
2321313312
3330200303
2331200302
2011210322
1001210022
0010200020
0020200110
3002100111
3101300111
1100303110
1102300212
1111220212
1113202132
1213221232
3113222332
3323030212
3323132222
3223332210
1210300111
1133000211
2313300011
1133013221
1130122231
1130212230
1131111230
1131111112
1133201110
1111111303
1313213303
3312231303
3321313103
3320131110
3310121111
3310222312
3320223233
0232223233
2332221232
0322321233
0322323331
0230223331
0230302233
0322303222
0302202233
0302200303
0022223302
1122223301
1122022300
3120022200
3013122200
1120222000
1100022031
2102022002
2101030001
2320000001
1220032031
1020230032
0120321002
0222223313
1222323322
1022022331
3121121111
3131103311
3111000211
2101002201
3313003201
3032000320
1102010320
1130121032
1133021020
3032002131
0030012101
0300130102
0001201023
1131123012
3132121012
1302121301
1100021321
1130001300
3131213101
3330213002
3300113222
3000111320
3020113322
3020233220
3023233322
3131201300
3130223100
1133202000
3031203200
2131203130
3101203110
3310102030
3101322110
2300322210
3112211110
3011221010
3000222000
0110321111
0103211231
0133210212
2132210310
3210223031
0201311230
3013032113
0110220312
1130203210
1011230130
0201211112
2201211211
1301311212
1302302211
0302320111
2322020112
2322302111
2332331131
2232231111
2212102111
2121010111
2110200110
0312222211
2312123011
2210123331
2210112231
2312022221
2310232222
2203322022
2003312322
0003323023
2233332322
2202332302
0202332013
2310202010
0110202230
2103222221
1332002231
2331102233
2310312233
2112313033
2130123133
2112110123
2120111023
2332100221
0233110220
0331002201
0131033101
1302321210
0110232110
3111203232
3330103210
0333030313
3333130333
0333303311
1333210310
3321231230
3221333233
1221231303
1303213322
1301211332
1303312332
3011111113
0201121113
0002300130
2010202232
0102022133
2110221233
2010231223
2201031231
2222031223
0222121221
2221210233
2222013230
2010103230
2223131233
2213311330
2132113300
1212311133
1222231133
1122100133
1122100000
1322101030
2322111033
2122201033
1111001033
1131121103
1133102103
2131320103
2133122303
2231122310
2111201231
1131012331
1130201232
3100101231
3202201233
3032113233
1122130203
1022333201
1210221033
3313131133
3113011333
2113131103
0202212102
2202011101
3201201301
3200200011
3302003101
0122021223
2211023123
3311020323
3110220223
2312103032
3120020310
2223113311
0123112312
0123102231
0123113331
0133211330
1010311031
0233102311
2011020100
0310200002
2001331022
2000311030
3202122212
3201223211
3213223311
3211012330
3231023221
3030031221
0330011231
3330003221
1330013210
0303211020
1012331032
2123300312
2122020311
3122010201
2312202101
2112202023
3220101311
0121230110
2212030130
2302031303
2203000130
1232000130
2132010130
2020101030
0201320030
0202131032
2301012130
1023102130
2310321301
2301232302
1222202130
1222021200
0222020130
0222011032
1220120323
1303012323
3130323223
3130123211
0301221211
3012312121
1001232123
1033223223
2033220323
2033022132
2030020002
1030023103
1222023123
1133023123
1210020003
2130120003
0232201030
0202030301
3022030311
0203203231
2223213221
2312132021
2212132320
3211102300
2112102002
0132102020
0030132022
0233132320
3022313221
2102313231
2102333330
2200313230
3022333113
2012223311
2011023332
2031123030
2031223300
0002233311
2003033230
2200103322
2100213322
2100132223
2112132230
2122113223
2330100332
2233200332
1233110132
2233111030
2232013031
3231001030
2233131122
3331301212
3333012322
3003301220
3000012123
3300022022
3322023122
3300011003
3103011223
3213001223
3231303122
3213312202
3133022201
3202101210
3323012110
0303312110
0003313130
0033132030
0033013100
0021013133
0033301030
3033322031
3033200311
3233000113
0033022001
0003131233
0003312301
0033311320
3033113110
1030131103
1001131100
1001103202
3021103210
3231300210
3031320330
2203121330
3203300330
3200322310
3200220231
3202222230
3030222220
3313223102
3312123202
3332232103
0231202103
0332202113
0233320213
0213312223
0223312113
3223132113
3202132123
3212101113
1212210211
1013212211
1332122312
2211100133
2121100113
3223131023
2222312100
2222213010
2223021010
2323031000
2030213110
0030233130
3030313230
3333312230
1302202003
0310222200
0330223203
0010223201
2212232102
2213002112
2211202113
2211032223
2013202122
1010232120
1010003122
1023000123
0033000033
3031001013
0203223112
0200123103
0220313102
3300323103
1313323203
1312010203
0313312320
0311232230
2310302120
1302302123
3312302223
0332300323
2333300220
2033003220
2323000322
0300303123
0200323121
0303213221
3032322211
3012302230
1031322230
3002322232
0300231322
0200232221
0000232031
0003032231
2002321230
3132321230
2032322320
3012311330
3223011331
3203111333
3202013333
3200232333
2201122333
2210110332
2111120332
2020210332
0202023322
0200202302
0200010202
0220320202
1020001302
2020002312
0223001332
0100001331
0301300331
0100130033
0101220331
0111221032
3021221232
3012221222
3011311122
3022220132
3112201322
3122221212
2122311212
3222112122
2221310212
3221301020
3213010030
3131100130
3133200330
1200310210
1200323020
1003020200
1000213030
1002320030
1100300000
1300302002
1303230032
1031030002
1031303302
2330303302
2233333301
2300320001
0032023030
0223023030
0030102320
0032300310
0230302310
0310300300
1210320300
1212320312
1212221012
1312322112
1322312312
1120312310
2103123122
2202123223
3100103022
3100100321
0100120231
0130212023
3230212003
3231031003
2323203203
2132010323
2302323323
2102223230
0022232001
3230311001
0311001022
3311213022
1231121322
1203121302
3203111202
3021311002
3302131312
1203013232
3332313122
3301100212
3303000332
3300030331
3320330311
3301332301
3311123010
3211212201
3211122110
3110122310
3110011220
0312011220
0310121230
3300212320
3230232322
1230223230
1223022310
1203022030
1223122002
1210123302
2120322330
1230133320
1200333301
1210013031
1200130203
1003303303
1303003233
1102200323
1212200313
3122203013
1033011233
1303100133
1303300210
1303301000
1323202020
1320330130
3033102233
0331232133
2330233132
2303233222
2303031322
2333233320
0133013320
3133023310
3123303130
3232031313
2312032313
3233230303
3103223133
1121223033
1121113133
0100223033
2010022313
2010121321
0001231321
2020013132
2020323202
2002320203
2021320303
0013020323
0301302012
0013220100
0202220000
0002321100
0023201330
1003201230
0003021330
0000021200
0300002220
0310000221
0300130321
0103013032
0020301332
2002331332
3000233132
3300232032
3132331132
3002331212
3121330132
3103330102
1033301232
1133012033
1103101003
0313101013
0233031013
0233033130
1203033131
2203233331
1333001313
0333002330
1331002303
1200002301
1230002221
2230202122
3203020322
3202200322
2200201323
3102001323
2200130123
0200101223
0000103323
0210303023
1310313033
0110303030
3110230320
0120300011
0120103221
0012003200
0010230300
2012300221
2033010231
2000201231
3200023011
3100033210
3100030123
3303230323
3302330333
3102130302
1202230202
3123223002
1232233020
3012323312
0112323332
0033323132
3332232332
3132222311
3132213211
2332213223
1121213223
0112013223
1212101323
0120230323
0100310323
1010031332
1320013123
1020310133
1223130033
1123110231
1130110331
3201103231
3302013231
1012013230
3202000221
1032330133
1022130131
0022110331
3010110331
1010112030
0101123301
0101112221
1101121221
3110101121
0101120222
0001123221
0000222222
3100232212
3310023331
0031002331
2031022231
3312033133
1312023111
1322030111
3220223112
0222231012
1222300123
0220200212
3100323111
3230323130
3222321310
3322321112
3032212113
3032211120
3022201213
0022211113
1303210112
1230211110
2123221120
2110211320
1202211210
0002211211
0002311202
0300213302
0003112211
0302111210
2302312213
0320311213
0332313213
0223331323
0123331020
0212233000
1020233000
0210213300
0323221322
1230201322
1323321302
1323323210
1333003212
0032211322
0033112202
0032112303
0211203033
0211233121
0220233120
0300120303
0330303032
3330102232
3330111202
0100112232
1001302232
1001032332
1231102032
1233101020
2033102020
2033123002
2033200202
1013200203
1003200113
1002230003
1002210130
1212221130
1010321110
1002311110
0000011120
0103112120
1103111201
0200003112
2030033012
3203001312
1032010013
1132022003
0010010003
0310000013
0110003303
2120013301
2130003101
2100211301
2122123013
2101231103
2201103103
2001131133
2221103013
0221000103
3321000132
1022100210
1222100021
1220220020
1202002200
1322220023
0022002313
0022000332
1022300330
3102330032
1022202311
0023100010
0002101010
0012201201
0113201220
2113101200
0113213122
2101220120
0021012012
3021112213
3321111211
3322131221
3331012213
3301310211
3323320211
3203121223
3201321022
3311331322
3013213220
3233212313
3233332013
3233222212
3210120213
1210132210
1221000302
2322000202
3322301200
3322300011
3312212011
3310112003
3010133303
2312302031
3121102030
2222310011
2122000031
0013200031
0132000232
0020002221
0022002101
0222022201
1022220201
0323002001
0323320032
0332330203
2201230012
2200230222
2232230223
3232232211
3212032200
3013201200
3032021303
1033022313
3012023300
1011102330
1101300233
1000300213
2130000213
1300230121
2301000121
2210120121
1003300221
1111012313
2002301122
2120310012
2120100302
2122012312
3122013303
0122033003
0222033232
0010303232
1220330321
2132033311
1223103213
2223302212
2201213110
2212133103
2212203303
2211201203
2212301313
1312001013
3112020113
0122220013
1123020013
0103220012
1023220312
1033202312
1013200010
0232000020
1332003023
0230003013
0120203313
1020313313
2212011323
2203112110
2123122113
2232213103
2232310032
2320112032
2012011302
2133031111
3103131211
2311210103
2301312103
2213121013
3212210132
3213221101
2211221121
2112321221
2202231221
2103312121
2220330211
3221331201
3221300131
3223100331
3303100311
1230000311
2203003311
0020300131
2221000011
2221002110
2210021221
2200300122
1121002122
0111002132
0121001120
0320010203
0321032031
0301032323
0103102223
0221032313
0220002300
0320120331
0020100311
1021303311
1031322011
0031321012
3021322321
0212223011
2212103001
3002310031
0011310021
0012311023
0032012020
0232013220
3222003200
0002010001
0001120001
0320112011
2212100122
2232301022
0123230222
0231300222
2123023022
2023023013
2031330013
2233320011
2233100111
2233210013
2233222201
2123222203
1123122230
1113112202
1311110202
3131132102
0313113100
0113111310
0331310310
0133103230
2313313112
2223112200
0123112203
1123320233
1333200233
2332123203
2332230333
1332130113
2321202013
2230100102
2030111022
3130101222
3301010122
3302010212
3212213212
0011203212
0011132212
0021132002
2301133002
2302112002
0301121102
0311221222
1021121302
1021312001
2101322001
2121302011
1033312100
1000112200
1000111102
0001110132
0002110323
2202111303
0202311003
2202312030
3220212330
3210211331
3111331331
2121030331
3111133120
3112333320
3113310330
3110301330
0031111223
0011113203
0023133103
0023113233
0122133301
2132231301
2133212311
2123102311
1123112101
1233121211
0132311211
1303122212
0302133333
0321133033
0130113333
1321210333
1322103131
2313103111
1323123011
1312112301
3323103113
3323031203
1323010311
1310303311
1210233011
3313031311
3233311311
3233231132
3332311300
3332113320
2321101320
2211120320
3210013230
2200013300
2210003330
1103033330
1103303133
2123100033
2323133013
2331320023
2330023020
2321103030
2113130030
2213302301
0221202301
1221102202
3221100102
3210101100
3221313030
2133300130
2131322132
3333322102
3333202002
2333201032
3303320100
3300221010
3300300310
3300103301
1302210000
1300211002
3303031010
3312030101
3232120301
3012221301
2122221331
2022213231
2022113321
1032220300
0320221030
0320301230
3321210302
2330131002
2330110011
2313211302
3313311312
1332031020
0232021000
3233020200
1233010330
1233000000
1223200200
2223100230
3323200220
3333022210
3033222100
0233023300
0223323310
0320013300
3121013200
2032033300
2031033133
2032103003
2312122003
0310121003
1013123003
1301321003
2331331003
2331202100
2131331100
3131311301
3103313311
3113323131
3223303312
1122303312
1132203122
1022030322
1020300202
2101031020
1121131010
1131131131
1121233131
1031231231
1011313123
1003112123
1021012123
2121231130
2231031130
2230311213
2132311113
2130323112
3131323312
3133231012
3133312213
3133301312
2332330112
2210003213
0320023213
2301213213
1202132132
0232012321
2231011321
2230002331
2230102230
2230010133
2231210112
2133121022
2031021022
2001020213
2202102213
1010210201
2102302133
3210302033
2230312023
1223031333
1230303330
1213330133
1221333023
1220103020
1233302132
1323130213
1201331213
1201132311
1211103321
1211031232
1211002211
1313102211
1311310220
1313210222
1312132122
1210133122
2312321202
2233121202
2333212120
3333211121
0233012123
3033011323
2222331120
2022133130
2122230312
2123203332
0003003332
0210300332
0113303302
0112303122
0012102123
2310333122
2300013022
2310130022
1133013112
1133330312
1111330032
1111301132
1112310113
1333333302
3313333222
3301333032
3313300230
1213302230
1202332220
3201302200
2021302302
2033322302
2011303132
3011332332
3023032132
3013303322
0031033220
0031002000
1031001031
3023131031
1303121021
1003213213
2301121121
3300121221
2300021220
3000211221
2302222122
0222022122
0022020221
0302020120
0203201210
2320020210
0232032023
2020030013
2032000201
2032200033
2032202301
3012202211
3312200212
3112102222
2010122222
3110122002
3320022001
3123022010
2210122102
2212322103
2002222211
2003202311
2003121311
3001221311
3012213102
3210221310
3302213220
3332221321
3200213202
0003101321
2032022113
2122322213
2121333210
2032202223
3132201223
3232203230
2330232203
2330202231
2120202001
0121302101
0122322130
0123020120
0100202000
2002021010
2020121012
2000310112
3010310132
3000011032
2103101212
0030012312
0030021032
0030111232
0120021212
2210310222
2210323220
2210320231
2120212112
2213022231
2203022321
2201302130
2201032133
2213323033
2220323303
2213220213
2213211023
0113110232
0110101232
0110100203
0110112033
0110130302
0130101033
0133111133
0111103133
0100133132
0102332112
0232133132
1102133133
1102121130
1101131033
3101130103
3301110113
3231113213
2111132331
2120112331
2122312031
3121012131
3120010100
0123110300
0023010303
3020013003
2120313131
2020331121
2022031201
2002231101
2332230121
3002231133
1202211333
1200321123
1201111323
3202111023
1203311331
1202312131
2023200131
1323203331
3223203033
2212111131
3210111133
3211011111
1301101111
1030110212
2020110111
1031120111
1333100011
1221120013
1321120031
1321003121
3323103001
0212312101
0201133101
0221123122
0213112122
0223112232
0210113121
0211013201
0211000301
0011012230
0212002232
2121212232
2121002320
3023002321
0303000021
0230000231
2021032301
2002012303
2021221320
2331231220
2331231312
0211212120
0211222212
1023102221
2031233102
2001233212
3203233213
1100233313
3102230210
3103232132
3103303232
3133202120
3102233312
3100213333
1102033222
1302033121
3323013121
3311012312
3311031201
3321312011
3013132010
0011320130
2021312210
3213122033
3311332010
1013133201
1000203201
1300023200
1200203300
1002012100
1100030301
1102212201
1310222122
1310211221
1202012233
0102012331
0100212310
3102123112
3112313112
1021211311
1020011113
1030031313
1031031121
1010231311
0210111110
0210301012
0221001001
0233010201
3333301021
3020231011
0021230131
0002123233
0021212031
0302122332
0023210033
0221310003
0020233033
2013100032
3001330002
3001033202
3100222331
3100312301
0100022230
3003222301
3002203112
1203231301
0002003113
3001003313
2110100333
2113202330
2232012300
1020202300
3020302323
0230023123
0202322123
0223023223
0322132223
2320002223
2302010223
2003030123
2003130102
2030130132
2301201002
2302200222
3102202221
2130010232
2130312231
2030013222
1330312232
1303023332
1333103032
1233123303
1230023301
1121300301
1123003203
2132031203
3220312303
3213331303
3121131333
3222111332
3211131332
3221031032
1133031032
3210131231
3101111031
3101021331
3201013032
3112021030
3112010311
3112001231
1122201211
3110001212
3210301132
2203201122
2303301012
2312321010
2312230002
2203231010
1221323010
1321313330
1213131230
1331213220
1032132320
1032130021
0200203010
2102003010
3310132212
3113000133
2103010233
2020111233
1013111203
1023131123
3312012331
3312302332
3021202331
2011212131
3011132131
2003211133
1003311323
0000011233
0203013133
2001220131
2002032013
2030203233
3010203103
1300032103
1203032303
2003123213
2001122123
2231112123
2221101123
2122111121
0132011131
0320011101
0300201101
3002113121
0021113111
0321130111
0102113311
3021120113
3021123031
3211123032
0221133332
0212123333
0210123232
1210332332
3120033322
3020033233
0230332031
0030313201
0103033011
0101033333
0301003133
0211033303
3101030332
1220323212
1120231212
0120131312
0213231312
0202201332
0203331302
0233331112
2203311312
2123331332
2200011112
2212031113
1212231101
1210331201
3210300202
1321033022
3230330223
3233033323
2232033022
1201033021
1221011021
1231020021
2310210213
2330110123
0230130103
0320210113
2320201131
2312211321
2301321232
1330010131
1300101333
1200000330
2100120330
0330102303
3331321303
3301002003
3001001201
1002021202
1020302112
3220322122
3320122121
3220021121
3120031223
3120131232
3120221203
3121123123
3021103323
1111323133
3101313323
3121021323
1312110323
1313112313
2013102313
3003302013
1011302013
1013001012
1313000112
1213220112
1210022212
1213003312
1210303322
1213333212
1121233202
2121203101
0112133032
0313133002
0101133203
0301233200
0313123301
0131103013
1201303013
3220130300
3202023000
2211333010
2101303033
0131102222
0330100222
1130100322
0230110322
0232103322
0321010320
0221020322
1210120022
0110123022
3110131012
1110310312
1110110130
1001121320
0002122320
0032002322
0322022320
0020122120
0332020322
0032000223
0133100022
1213330002
1113030011
1111203311
0201102120
3111302120
1031302020
1031303213
1231232131
2120130220
2221130200
3023130230
2211332230
1221120230
2213332211
2211322312
1113232302
1113300020
3213032302
1011303230
1213303131
1113332131
1101132231
3002132230
3002122010
3101132200
3132112000
0030312000
0000122030
0003121031
0133122032
0022122032
0021020032
0011022002
0110210032
0301011032
0010030312
0010100012
0011001213
0011023121
2313020121
2031103221
1103112321
1002313232
2021313233
2303132321
1301303221
1121323201
0111102201
1111232101
1132221101
1211233201
1221132101
1211112021
1210122201
1213232022
1101222130
1102213103
1302231203
1302223233
1132221320
2330321320
1233030120
1330300200
1010300320
2010000300
0101000210
0130010001
2130102021
1330202023
3302022223
3003222123
3330220123
0003021121
0033123321
0033231211
0233331203
0333332131
0333312313
0133002013
0131012323
0130001203
0131301213
0131231202
0133333313
0113130313
0113312303
0113331210
0003311213
0111311223
2311031123
0313311203
3313030120
0323033100
0313032303
0311002302
0321301302
0213111302
2110113012
1101212312
0211310302
2111123121
3111103021
3001233021
2011233031
2212332131
0212323213
0101323013
3010323211
0012333211
0100232101
2102321311
2110231131
2111301101
2110030101
2120131101
2121131213
0121032223
0121212200
0220212100
0320212210
0323213200
0322112300
0132323110
0133211101
1013302101
1013030231
0123213130
0323113112
0322111311
2030211313
1030213023
0302102103
3021022013
0211021033
3211023213
3110023010
3100022013
0100023313
0000032303
0103032203
1233132203
1212303223
1103030223
1122003022
3120003033
1222000033
1222013332
3202002023
3002023013
3002033223
3001312223
3001310230
3003110210
3001321123
0013013113
0113012111
2031301313
2023331313
0001333313
2230313132
2233312333
2031311033
2032323131
2330300131
1310000031
3320300030
0220200030
0221010030
1110200021
1110002223
1110102022
1110123203
2230322032
2210020030
3200202020
3201210000
3012103013
3012220323
3200010220
2002100223
2000102103
3002100003
2002010020
3102201000
1202101001
1212331021
1213023102
0013011102
1003013102
0113023112
0113033323
0101103332
1021103032
1202100332
0113003310
1210100132
1121013013
0113221103
2021332113
2312033211
1312333200
2002130211
0321331113
0032123313
0032333230
0021332330
0221332120
0013332032
0212333031
3021033331
0203320332
3010330313
0010321033
0300330330
3000330320
3130303320
3130313032
0130313021
0330311122
0130330220
0120013022
0111003012
0121033212
1012103112
3210103012
1211210012
1221032012
0210320010
2210012010
2210032033
2301022033
2023032010
1122032010
2311030012
0011030222
0221000221
3311330213
3300230213
3301220023
0331200023
1331203323
2301223303
1112233203
1112031313
1310203131
1202031312
1120331303
1121031003
3012211203
3032210230
3032212031
3012232232
0222222232
3203210331
2203210230
1303110230
3321203312
0300210230
0201210330
3020021130
3020211131
3020021201
3020012211
3022001123
2232003123
0232331123
0202031130
2023031120
0023011131
0102333131
0101333321
0000331311
0111301321
0212303321
3123032301
2323332301
1323022301
1132332301
1102321001
3130021001
3333020031
3331102031
3330132011
2033023201
0303232301
3313232333
2323212333
2101212330
2301211033
2300221031
2201321031
2031002203
2210221011
0230211021
1023001021
0200031021
2020032111
1220033111
2100212013
1203212113
0232121023
2300212212
1230212121
0230121212
1022012112
2332120330
2302100310
1332102300
2132210203
2332313201
2132102201
2332102102
2323202123
3323210123
3013310123
3033100131
3212010103
2012012133
3133310101
1133113001
2113233001
3113031021
3103303001
3130300121
1030200321
3112020021
3102020003
1320320003
1321322000
1330321000
1030320100
1301032001
3101320031
3313200001
1011201001
1313231031
1301231000
1311231121
1311330111
1110320131
1311211011
3131220201
1033120120
1001313012
1001113310
1101313300
1101022301
2131022200
2031222120
0223122211
1303320012
0303220121
3023200302
3022013020
0022103000
3003023020
1113023021
2113022013
2133222130
1113012130
2113312030
2133310000
0111032030
3110320230
3120321132
1300211323
1310223223
1212023203
0100202323
0121320323
0012132203
0213130321
0231313121
3023323121
1020303021
0022013121
2022233123
2020123332
2020312223
0022332231
0302112231
0202132200
0022122311
3022023110
3122323200
3122332110
3112332312
3132233220
3122330020
3302030020
2302303202
3322312202
3322212022
0232212022
0223121022
3130332120
0330032100
2300031110
2330311010
0330332123
0023033213
2023030203
1321230203
1312033003
0012333002
0010330001
3110330221
1111130201
1121120211
1111223110
1111202320
1011120210
1101102110
1110130311
1100131320
0101213120
2010033120
1201123120
3211130211
2231130231
2333130301
2313231101
2331303203
2333232031
2233122031
0223322001
0023312003
2223301000
0020332020
0200330000
2013303100
2010301202
2123301102
2122330113
2223233313
3122320131
0113120131
0111212012
0100210121
2111210221
2111220022
2121030022
2321011322
2021211021
3021101101
1031111101
1033211113
0323211133
0123201013
1002310103
3202310303
3202212300
3002200301
3102323301
1312320101
1121210101
0121310113
2133220102
0133123010
2301203010
3011030102
3111030110
1311103210
1121103200
1121031220
1122123100
1102312010
3103310200
3123312000
3123133300
3123121313
2231221333
2313222133
2303221233
0123031310
0122023132
0112302313
0110302003
0211230200
1231303200
1321130320
0321103212
0023103202
0312102202
0120333200
0002102212
1030002212
1030022020
1330103202
3320130322
3310300323
3321032202
3320323221
3322002221
3220013213
3223003010
0221002020
3230002213
3030032202
3003132212
3013122111
2012121111
2031111311
2233010311
2130210211
0313021021
0303021223
2113021001
1132201021
1203201021
0320201022
0002001022
3000220012
3120120012
3201000232
3001030023
3220010012
3223100123
3121000010
1101000023
1311000233
3321100223
3111010223
3111031233
3113102303
1102102303
1201122203
3011022203
3011102232
1011102122
3101202332
3011021322
3013022021
3032122022
1033222122
3013121020
3132200321
3112130321
3103102102
0103302002
3103332222
3133110222
3122302022
3212300032
3112311022
1312311222
0101231122
1211300122
2111330322
2112330220
1201130222
2121332202
2130332101
2013330212
0313330221
0333033322
0331003332
1333333211
3303332112
3230332212
1220302211
1200030221
1200003223
0210003120
1213200120
2213201100
0213201331
3021301333
3301301133
3101331112
2310331111
1310331123
1313031103
0213001303
2333311023
1331313022
1333123020
1133131200
1113313000
1310310000
1311120300
1313322300
0112312000
0211231010
0231130210
1131313130
1131333333
3313333331
0013132331
3031333203
0231111010
0000113010
0100111021
0301011121
3010321021
0012321011
1310322021
3312322320
3320302300
0231300101
0001200121
0231020110
0331221120
0330321130
0330221113
0032221133
0013222230
0030222302
0003002202
0303022322
0303222132
0100321232
0103323333
0103321322
0121321230
0021311231
0021003201
0302000200
0201100202
0101000302
1010022322
1112322222
0102022222
1320232022
1332322022
1023120022
0302120022
1302120220
1302010022
1302012111
1102032211
2102333213
1002001221
3001031220
1010201220
0310301020
3210301210
0010301223
0231030123
0201030203
2303103023
2003103121
2000131221
2001332200
0220301303
1200100220
0230321333
0301323330
3130132333
2332313333
2333310331
1311332233
1311302131
1113302311
1111112111
2320332333
3030323333
3030320003
0303233113
0203232133
0301322113
0333223013
0333222333
0300322333
0133003333
1213013333
1013110333
1132113332
1013113302
2313103300
2103101320
2320311220
2303201221
2210210321
3230121031
3220121020
1222121120
1330121120
0330101100
1330122200
1333122110
0333101112
0232120112
1333212012
0333211232
0333111303
2333113033
3033013031
2330132033
1301132133
3133010331
1313300301
1323000101
1333020302
1130302032
1123332022
2122332321
0131032022
1131033232
1013123232
0312323121
0131201121
0112212321
3111013321
0131213210
3112120210
3311310110
1311311100
3113120000
0131023321
0120031321
0330333321
0330233111
0301230011
0133232011
0232002011
2222002012
3310233112
3302330110
3323333110
3313333013
2013333323
0013331013
1113321012
1103310131
2132331033
0133332033
2113320331
0132310332
0132312133
0133021323
0130223132
0130230133
0130133213
0220133223
0302332133
0333321332
1333300332
2323303320
1323303100
2310233233
0132331303
2022311303
2013310303
3022211300
1023223100
1033231300
1133230220
1122230120
2120303120
2322102120
2322121310
2320133310
3202033102
2302023310
2302003321
2303021300
3303121030
0330212300
1330230320
3330231313
1102333102
2110333302
3320123320
2321123120
0320113120
2320012320
2322131230
3322320300
0323202300
0023232323
0323231003
0323330001
0032310123
2012323223
2123132201
1201313220
2123030211
2023130221
2023303002
3313303002
3203303102
2223303103
2222303023
2123333021
1231313301
2331113331
0331211331
0330113101
0330133012
3121230231
3332123021
3133323021
3133333123
3133013103
3133023132
3230123332
3231213231
0321333231
0021223231
0321203221
1032203232
1022223212
1132232322
2222232322
0130232222
2130202212
1320123132
2222123132
2223122332
3132300023
2323010023
2321011213
1110131213
2101001213
0301001231
0001100211
0200100031
2313230200
2232302000
2132300300
2102302310
2132222300
2203030300
2300030030
0222301100
0221303230
0221330102
0211230132
2112101330
0112331330
3223320102
1223332102
2123032002
2130321222
1130323121
1223032222
3023232020
3232312130
3020333010
2020303033
2130303031
1230320331
1230322013
1233313013
3230303011
3233032121
0223202121
3003201121
3011232321
1310032321
1110003201
1113032000
1113003030
1120003010
1110332001
3111013002
1130031230
1223003220
1220013221
1202001320
1220033200
1120210200
1230210233
1220030233
1121232221
1221203211
1031020232
3001012022
1020112022
2033311201
0233212010
0203322200
0033322010
3220120001
3120320201
0332020101
1033230111
2303012200
2300102202
2303120222
3030320222
2313102203
0313130203
0320311331
1211030020
1221200222
3221233222
3223030220
3220202222
0300222321
2130022321
0102211313
0102210011
1031330300
1233332300
1223133100
0032302132
0022321312
0332302021
0023230021
0032032221
0212001021
2232203021
2331233021
3003321110
2131120321
0331103231
0332003301
2212121022
2212023002
0313330010
0202320220
2111001021
2110011022
0013002210
0130022211
3100122130
0113330003
0033330023
1033332231
1030333220
2033133223
1003222010
1002122201
3330331103
3003312103
2322013111
2320130121
2322011001
1010101331
1000121011
1003301011
2202230033
2202210302
2130001002
0202102323
2232212233
1100010211
3312132330
2022121031
0233002102
3220011320
2333001122
2101023030
0322301211
2311011221
0210031102
3301123200
1123023110
1102123011
1100002312
1132020201
3102102012
0033120101
3332322033
0213030111
2200000033
2203023302
0301332310
1133223111
1002111332
2112323130
2131113120
3031131300
2121020212
1330331331
3303001111
1212131000
1130033002
1001010330
3332013200
0031320020
