--- Global Parameters ---
Code Length:			10
Min Codebook Edit Distance:	3

Max Run:			3
Min GC Content:			0.3
Max GC Content:			0.7

--- Generation Configuration ---
Generation Method:		Linear Code
Min Candidate Hamming Distance:	3

--- Results Summary ---
Number of Candidates:		13378
Number of Ones in Matrix:	39916
Number of Code Words:		6639

--- Performance Metrics ---
Number of Threads:		8
Candidate Generation Time:	0.01	seconds
Fill Adjacency List Time:	0.85	seconds
Process Matrix Time:		0.01	seconds
Overall Execution Time:		0.87	seconds
=========================================== 
3313223122
3132110330
2333131232
2331023230
2322233313
3223232313
2320330310
2230330311
2331122232
2233223310
2232023032
2232003221
2233122100
2231122310
2230321310
2230213311
2230132312
2213001331
2113003231
2210031330
2110033230
2203323133
2233123033
2333120233
2201023000
2133302210
2323302100
3213230210
3323202110
2132022210
2132020001
2130101000
2113230020
2113321110
2211023123
3002233312
2110103020
2303322122
2332321022
3322132022
2023302211
0223230211
2020012320
2003220113
2000111302
1333200010
1330322203
2133322003
1312330101
1313200221
1311020030
1331012331
1320321002
3122031002
2211311330
2113133021
1211031113
2131011133
2110011232
1133133103
1123303113
1122031230
1112133202
1110201201
2111012020
1102313320
1102201132
2223112302
1033132112
1333012121
1101133001
1013131001
1011001001
1100100132
0111001002
0333110320
0333222133
0301221313
0231221123
1031221231
2022321210
0201133231
0200022231
3322233232
2012332312
0233223122
0312332231
0123310222
2012030220
0122300220
2011000221
0102313201
3023310013
1001001122
3320300110
3311101013
1331100123
3310101123
3323230020
3221330223
0021103112
2332311303
2332310230
2233120311
2233221101
2230211100
2223302022
2223113231
0201002112
2213330200
2220133302
2211233203
2212233123
2210221010
2211020201
2131103321
2123033202
2120333201
2212333012
2213311120
2212101330
2132120130
1322201130
1212201300
2111331232
2211331123
2022103000
2021012210
2001221230
2010201030
2001313231
2000321231
2000130022
0003010212
0203010021
1331302120
1331130202
3310131202
1332201013
1331112200
1333223121
1311302311
1311310032
1223012120
1220113202
1222100202
1213222301
1210132230
1213012232
2021213131
1201212313
2021000133
1201002033
1203122101
1202110101
1132112313
3211213131
1132003223
1332002123
1131103032
0113311003
1121023233
0030202311
0033202031
1212023110
1102321210
1202321101
0122321100
1120202231
2112200231
1112100201
1112021010
1101221001
2010220310
2013220030
1113310011
1110200332
1110113201
1103132322
1103012000
2232211310
1102322132
1030213231
1031120021
1030010301
1320011000
3102112233
3220201030
0020212300
1202023033
1012313321
1010220003
1100220002
1001220010
0333123323
0333233132
0331233322
0333011322
0332223130
1031222113
0311100233
3112100033
0332031001
0301220220
0030221220
0330010131
0030011313
0332101211
3302333132
3301233323
0232232013
0230011120
3223323223
2332322300
2323323220
3222023030
3220220310
3132333013
0123113312
0311331233
3023113123
0123303032
0120303312
1203300311
0122230030
3130110120
3310110122
0120201032
1011000132
1011122001
2113031301
0101120330
2003331023
0203331022
1002333011
0012333013
3032332002
2332330023
0021313232
0022110022
0103230331
3020222332
0010200331
3332133032
3313230332
3133023332
1323033322
3322101021
3320101231
1133223312
0302001032
3330111220
0122122030
2010221223
3322031231
0202202020
0200202230
0111230002
3112201223
0012101331
0001331001
2330102111
2330201110
0222330210
2322031310
2330213233
2300023012
3030020212
3002002312
2233303032
3223300312
2230303312
2232321100
2231103030
0223311000
2331100230
2203311003
2323031220
2231033220
3223310220
2230023222
2230320223
2220303231
2220031022
2213303203
2203302213
2201213133
2203110322
2333202112
2121300332
2120200333
2120010013
0220010130
0122000103
0102002123
2113322232
2113222303
2112232301
1123223231
2113232231
1222333013
2112233232
2123122332
1323302213
2220222020
2022202210
0201233112
1133013221
1123313021
1123013302
1213313022
1113330202
2023122210
2022122320
3211133001
2110133301
2111301113
2110332020
2110131110
1021311102
2021332320
2013232313
2301232331
2013001102
2113001020
2000323020
1333222012
1333001331
3311331120
3113120310
1331002203
1330213120
3111303223
1323132320
1322100320
1332000332
0221002323
3131133121
1131313312
1331313121
3133311121
1311012100
1303331021
1223302331
1222101331
1222103120
1321133003
1210133303
2111213301
1210333111
0213331101
1202311220
2013311313
2321303223
1133233220
1131001312
1122311300
1123311230
1121302230
1210212300
1112313203
1110330122
2233012310
1103111213
1102311131
1100323211
2230111223
1100211210
1032313110
1102332000
1202330100
0021002110
1202212033
0221220133
2102122033
0121222033
3220113030
1202000102
0210200102
2010020102
1012031000
1012033211
1013031130
1003311123
1003223122
1103220322
1313220032
0113223002
1001133123
1001101013
1000101123
2122120013
1000213123
1100023132
1000112333
0331332320
0331310322
3031103322
2121113330
0333122210
0332122320
0333220322
1123001021
0231012332
0331120211
3301012211
3001221311
3032333131
3203331331
0310333112
3320133301
0301213223
3310321122
1001021331
3310213123
0233001332
3301220133
0231213013
0231112203
1231122003
0231120333
0222112000
3231000302
2003132113
0221001001
2021001000
2020101001
3022000332
2200030320
3321220302
3222111031
3221313312
2231331312
3021110011
2022233002
1200022310
3212201132
1330302010
1333002013
2221313233
0202230110
2022100322
3210101001
3211001000
0203012230
0311131021
3323232231
2323322313
0123330031
0122233312
1011213130
0112031003
1011133000
0111020322
0102311010
1030113112
0100023013
3003311311
0031313311
0033313101
0033323220
3003233222
3102110022
2210303123
2211303013
3102221113
1313003311
3101101303
0023132110
2200212130
2201201210
3032100320
0013302331
3022212203
0331110130
1031110300
0131110303
1030111303
0101131331
0011121202
0101012331
0311023233
1202202101
0021000301
0003202323
3000203223
0003302212
0130100301
3101000301
3330002101
3231300021
0230302013
0031120100
3231020111
1113211013
1121310113
0221331003
0201332110
2220002021
2020002212
0201012020
2001012021
0001120212
0201120021
2001120020
0123232311
3133302331
3132031121
3130321120
0203110110
0020113110
3113232310
0300212220
3001202220
0022212110
3300103211
0011330011
3022201013
3020302010
2323030313
0013202200
0001022132
0002223133
0102220333
0222030133
3000112101
2333130301
2332223302
3323322232
2233233222
2331333021
2330202232
0310202231
0312202021
2323012311
3221211032
2321300101
2320200100
2010012032
0221230001
2223000110
2301313120
2233003311
2232233312
2001302230
2000221300
2003221020
2233202030
2230202310
2233001100
2201022133
2123111331
3331221312
2212002123
2131213130
2113200301
0303113310
0031333102
3311120333
0301020032
0001020323
0030021032
0223132323
0203133021
3220212220
2320212223
2232102223
3220132310
3221310030
1002003013
3311213013
2002202021
1112132331
2003122021
2001230231
2003120230
2000223111
1333203332
1332120010
3133202200
0123132032
0200300110
0012003011
1322313322
2002330020
3131001120
1321000131
0113000321
1321010003
1312103310
3113133100
3131131330
1331131331
1330110121
2213003120
2201302003
1311120101
1032233232
3112330100
1323311003
1331310203
3331012103
1032003301
0201302231
3112031310
3110332101
3111332031
3112103311
0331213131
0101233203
0102233123
0122200311
1223200011
3322103230
3322210303
3232201303
0001202133
1221332200
0100110121
0122030222
3322003301
0033233223
3233322233
0330022001
1222032203
3100323023
1332023203
3230012111
3230210112
3213010211
0220022000
1110122013
0220002213
3223031223
3100333111
0023000111
0100230011
0010302011
0003100211
0003001213
0020130021
2000103021
0022233230
0021221233
2001212233
1210331300
1130202312
1133202032
0002220211
0202022021
1130100220
0002112002
0021100230
3220211102
1322211002
2221101302
2121103202
2211130202
2211302120
0031012101
3001001310
1002111201
3021310203
2131023003
1321302003
0112003133
0233230332
1131232103
1123121303
0030222102
3000222103
0300222101
2021133001
0221133000
3230033231
1122022020
2011220220
1122002233
1123131231
2012120223
1202201223
1120303233
2302333013
3032330213
0333032213
1120133300
1120031020
1120331303
0203113232
1113221332
1112321333
1112023201
2112120301
2131122001
0231121200
1112110333
1210200023
2110200021
2223211303
1033230020
2301100122
2220111300
1031233112
3112110101
1320202002
1322002000
1131221313
1133221103
0233220200
2230331222
3302212323
3321230230
3232120300
3312023200
0110101003
1021113101
3302111322
3321011302
3100200023
1300020023
1312030222
1311330221
1012333132
1013233133
1011233323
0111323323
3032113130
1101122000
0112121000
2323112220
3223121220
2232131220
3213222133
2123221333
1213232233
3330202313
3332023031
3210100132
0200201112
2001020111
3321001230
1212033022
0022001112
3211131210
3020330120
3021330010
1211310110
3031233320
2110110230
1332110331
3312003013
2130132003
1233012003
2211011013
3132100202
1210011230
2210101120
2211101010
0123313100
3100030110
3131100122
0020111301
2233323221
2322333222
3130100012
1330100013
0330100132
0120011312
2122232013
3310103332
3101333021
3110333032
3202223013
3020303123
0110302133
0110133133
3332131223
3022003010
0232030010
0113010213
3210220002
3030200213
3102200233
0003023211
2120001012
3112002313
0120111223
2221020113
1221113332
1322311133
3030113320
2200031213
0121303222
1023031222
3103202112
1201303223
0020101233
0022101023
3311232333
3313122332
2023220322
2203202322
2320203222
0011303012
0010303122
1130213313
3022321331
0032113223
0021332112
0023312111
0232000331
2030002331
1001011010
0221112320
0201110300
1320022003
3322322302
2332233230
2332323233
1013200130
0302221033
3323330111
0013002012
0302120223
0002122323
0003122213
3230300111
0002031002
0021030020
3212233002
0302211312
0030100223
0222310003
3223221103
0002011211
0231332202
0233322120
0123233222
1100330001
3020001011
0320001013
0203000113
0111313002
0031213220
1132120223
0111011130
1101110130
3311023120
1113000200
2301211200
0231211202
0232111201
3122112002
1321122002
3212121002
2311221002
3131310202
3311103202
3231311020
3211103320
3131103200
3301103321
1223222013
1222302201
0031000222
0031023313
2232122030
0231101013
0230101123
3130222333
3012223303
3301232210
3103121300
1033211300
3022202331
2032220331
0301232103
0313000112
3010003112
1030002022
0130002021
0301000221
2212201013
3103331020
0200111303
1112333010
0033112220
3332201221
2333122022
2210322203
3130101121
3320132232
3323201232
3300113323
3112111032
0102221200
2100222100
1012022210
0112022213
2200200213
0222002003
2022002002
1033120231
0203003231
3000202310
0300220310
1212031233
1133031223
0011223330
0232101333
3201012333
2332211232
1210202232
0022332232
0113011320
0101133120
0013131120
3221213223
2321132223
0111022133
3101331230
1101330131
1333201123
2000101230
0232100200
3023122331
0113230212
3222321102
2233230100
2001331233
2201330133
2121330013
1102223130
2302212202
1120003110
2023223000
3223220030
3232220023
1202022100
1202220103
1012220213
0310300111
1030003111
3010030111
0221310323
2021310322
0012323121
3002100032
3231333022
3123330322
1131213223
0010001010
1000100010
0220110001
0203121302
0222020001
0001103323
0231220010
0001232212
3332121311
1132212030
0011001120
1001110012
3233033111
0112120133
1012201133
1002223012
0102223011
0020223112
2010313222
1120022230
3003132032
0031332031
1121031110
0103323010
0013323011
1020001223
0121000223
3323133021
3303133210
3301323320
3130223200
3213223000
2133232000
0220033001
1000103332
1102121002
2232012220
2002321021
0023221023
1013000322
3103001022
3032220210
0122212032
0212202103
2021132132
3311303010
3310303120
3021232330
0102120010
0332110210
3302101210
1103011322
0221212003
0202002232
2220333110
2010022313
0221300211
2130331133
0112233000
1123302020
1102233002
1223300120
0313111022
0113110322
1301311022
3101131022
0230332332
3023203332
2303023332
2023033320
0223033321
2303332010
2002022020
0301332032
2210200330
3102120303
0103311120
3013111020
0331112321
0331121322
3102121230
0023101113
2120002330
0332002002
3310023010
1000223202
1002031123
1332332121
2231012100
2121310200
2213120120
2212311010
0221311210
0222311130
2231120101
1002220330
0003331211
0203330111
0333010211
1333121013
1010300321
0012030012
2010202312
2013202032
2001322023
0200132232
0332100322
2202333131
3330133222
3103111021
1013110321
0111013321
2331103112
1333122331
1312233312
3331322101
1130212220
1132000101
0220103211
3130302011
3330201031
3310302013
3230103021
3330100221
0021130111
2303202200
1121002113
2113331022
1130331220
3200323332
0203233302
1122113303
1123113233
1121133230
2122022333
0002230323
3002023032
1130211102
3233201233
0301113100
1300111300
3101011300
3211310322
3111033221
1133122102
0200220232
2011011220
1220110120
2122030010
3002211310
1321011130
3313111331
0102213330
1210220230
1120220233
1213200303
3211313000
1321331000
1112003012
3131012330
3301213130
3312011330
1331120330
1220223200
0110020212
0010022121
1010020211
1223110200
2211031200
2212031120
1333132203
3220330313
2213110201
1322120133
1221233202
1222332120
3330222100
1330232200
1323000321
2310030321
2322212033
3100022233
3132101331
1321130321
1322121000
1211011300
1312110100
1330202121
1213220110
2223111020
3311230122
1110020333
1100320133
1010023133
2002031230
2000122301
0003233131
0003313213
0001233321
0233122332
2012230032
2112020230
3233313021
2013030310
2133311000
2020332210
2021212002
2202211002
2202233000
1203133100
2311331001
3213311001
2131313001
1233113001
2300030202
0320003202
0103310013
1003031013
0003310131
3323113232
3322113302
1032330021
2120213123
1130223032
1310223030
1100223320
3003011032
2110213231
2210211331
2121210331
2211012331
2111023232
3131023122
2123000201
2230020100
3311300332
2130023133
2302023202
0232230202
2203132320
1021110223
2011101223
0310113113
3021303013
1002110332
2013003313
3200033123
2200131322
0312200230
3111330220
1101332320
1103313210
2220131113
2203112133
3330113031
3220300032
2320300031
3110203222
3110302220
3130033120
1130303310
1110023011
1332103121
1100221131
2203230212
1213000111
2113000113
3101012022
3001011222
0200310022
0020103022
0001200322
0001002321
3000201032
1031020110
0311200110
2213302330
2321233033
0302310310
0012321330
3212323001
2132332001
2213331333
3310111011
3130111013
0110033002
1103030002
1103000323
2223120232
0103322123
1000202122
2230033310
0300213313
3210303002
2122000331
1102202210
0212022102
2102221032
2232031311
1112001203
1110202123
2003001021
2322022100
2123220200
1033033110
0101101010
0100101120
0113202322
0311322023
1003232123
2232332310
2322323310
2300221011
2303122330
2012233310
3131022011
1110001013
1010001131
1133201310
1133320101
1113303201
1113033203
1213031303
1120020021
3132312333
2302223010
3300322323
1012103001
3032000211
2302003011
3222002310
2331302233
1203232310
2320022310
3320202230
3322202020
2322101100
3220121100
1312111033
1211101303
3111311100
1131113100
2220110233
0201131020
0021131022
2221302232
2220221302
0333200131
2220200022
2200202002
0101001121
3000101311
1110333200
3000331222
0113220320
1103202320
3001131100
1213120233
3001212312
3020022120
2332121230
3222313032
0003011321
3001023312
1212331110
2112313110
1121323110
3032110212
0302230032
0012303332
0303031223
3020103331
3032313322
3303123322
3110321311
1333221330
3112233313
1332321331
3132213331
3101213303
0311213300
3331122313
3312202332
3130322202
3213322002
0221330130
2201303130
3132111203
3230321231
3222031313
3322032113
3312232013
3312032201
3321232021
2332231021
3132232011
3332220101
0023311233
0023113230
3223311313
0123110030
1013221210
3230213230
1131211032
1101211320
1102131130
0001031322
2013110032
2330221303
2333221023
3220321312
3320322112
0021003023
0031123222
3001113102
3231023233
2023132322
2223133022
2230133221
3223130221
2233031221
3233012231
3323012230
3322012300
2331220300
2330231231
0011213011
1010031210
2301233202
2302233122
2003330110
3303122211
2023011322
3102031233
0002033213
3133003121
0222322133
3210011002
1123033111
0231110012
1312031311
1313120311
3020333202
0323330202
1310100222
2320201033
2220103023
2230201032
2120302013
2220300113
0311000302
0310031020
1202112310
1202231102
0333232001
3210201322
1333031010
3331230313
1321310320
1131303220
2212220333
3301221000
3101220300
2113302021
0001332323
0301330223
2020011002
2200011000
0231313122
3310223202
2031121201
0303221103
3213132322
1313323221
2131333212
2331332112
1201012101
3131331122
3311313122
2003332301
3102321022
0232103122
2302310122
1311202220
0201300020
1323303320
2300100012
0320010012
3003012310
2110220232
3102311303
2211002203
3111210102
1310321310
2013230102
1323012002
3213201002
0312232300
3222112313
3322112231
3103311233
1321213133
1010100133
3313300122
3130303122
1310303312
1330303123
1333013012
0033002223
3022230201
3312233120
3311233200
2221103113
1312101101
1131021101
0112330213
2011330223
2212322013
2202322130
2201322210
3101233110
3023311120
3022022330
2223321113
3000133221
3002112311
3302110211
0032121313
2223012233
0202321020
0032120220
0202132022
0022132020
3113122101
1322212320
2232333223
0313332301
3232110021
0332112001
3320112021
3230112020
3300112210
3002201222
0032211311
3312112123
1332121123
1331121203
1332111202
2201333211
2213033201
3100031023
1010030323
1003003123
0221022130
0202211230
2301121202
2130112210
0110011000
0231331120
0301100310
2120132120
2320112100
2132112000
2330323023
3233220113
2300033120
2321330220
3212000213
1230020213
3031230002
3301230001
3303012001
1100101001
1110100011
1010110001
1101001000
1331331123
1132201220
2320213310
2321023313
2131220133
3313012122
3233010020
2110321230
2011332032
2013302103
3212120131
3112122031
2322000102
3111222032
1323110322
1311033220
2303132202
3313220200
0233132200
1120333112
0220011003
2201010003
2201000131
2213202201
1322230322
3213000323
3301131211
3311231011
3111230311
0331212002
1112332123
3112311220
2221110303
2321121033
2211021332
2231121032
1103201002
0111220130
2023133211
0020022233
1201232100
2011322100
2303303202
0022033022
2120020332
3002122030
2002120300
2011230312
0013113122
1003131122
3232321021
0112223132
0112232133
3022113013
3021103201
2133121133
0010030202
2001000302
0200103020
0201003021
2113012230
2112012300
3300332211
1123022110
2112230110
0001110133
0101011013
2013121220
3331023311
1332223011
3320223110
2303323011
3203233011
0232333011
0332330211
3213331212
3123331211
2203113000
2303110200
3330322031
0031303223
3001233032
3002310312
3001230310
3002133031
1120122301
2011012102
0301132220
3233123112
3003322312
1011300211
2133230211
0223232000
2303223120
1312122030
1212120303
1122201303
3330101312
0233000201
0330020210
3230020021
1333113123
1330330120
0202311301
0203311231
2223001023
3003223310
0033232310
0331220132
1033220112
0313220113
3321101301
1033303112
3013330112
3332202103
3332022102
2210323330
0113120003
1130120033
1120100303
1013201003
0110132000
1010132003
1112000330
1001023120
0300332102
0302103312
1132233310
1130101313
2020200211
1121213300
0223331213
0223313211
1100212132
3222003223
1310001220
3031332322
1100131320
1103103130
0210003032
0102000332
3312332122
3311332202
3313322120
3031222321
3032122322
3033122212
1100020210
0203232231
2130300321
0032200310
2110003111
1220301333
1220103330
3232223301
3002323311
0032332311
3321103110
3132311011
3313132200
2132000212
3302103001
2331001232
2131002323
1000333201
0100333202
0021300022
3221221313
3232212113
1323222131
1223221331
2312322131
1322213213
1222321330
1000320011
0002030131
0102030013
0010032013
3332212031
0113012002
1330101120
2300222333
0223031130
0221031320
0110023130
2122230202
1131302313
0010031331
0233300122
2331300022
3330010222
3030012322
3300210322
0012233122
0012332120
0123223310
1311232101
0233311123
0010100012
2022023322
2133132323
3231331233
3321331232
0102121123
0022002230
2122331200
3020132123
3310202122
2010321312
1120030113
1100013213
1100302131
0110031213
0001112322
0301110222
2013122102
3321233112
1221230120
3233121303
3230002023
0201310112
0001311212
0002311132
1002103122
1102100322
0122003221
2200132000
0102321331
1130022313
1310022311
3102230112
2301023122
2130210322
0011002202
0300302223
0002302322
3002030222
3213320213
0310022230
3321131020
2200302133
3322023112
3232320112
0122110100
1202101100
0021212230
3221133313
0311020111
3220303310
1313132032
1030101231
3220101313
0111300212
3331100311
3303131001
3021313121
3102313112
2231002032
1332322013
3231112110
1233111210
2131311210
3030202002
0012103120
2032221202
0311002113
1312231103
2110313300
1211303300
3233000112
2123010333
3321122230
1202113223
0313202111
1302023111
3133111333
3311131332
0011011012
0011101011
2023001210
0312113303
0311133230
0231311333
2203121130
2231021103
2213121013
1221123013
1312333223
2220331301
0201333023
2013033032
3232310233
1220322202
1000331010
3111212313
0112220210
2012220100
0212220101
2010222101
3222311223
3231122231
0312330020
2332113300
2333113230
3233112300
1210110232
2221131023
1221130203
3222001032
0022022023
0022202022
1031122230
2220001303
2123200013
2213200010
2120023010
0120202310
3001213221
0031222032
3001222033
1133001102
1012311130
1011311210
1310132312
1003113120
0311311020
3312321332
3123133212
2200332212
3032211002
0332211000
0032213100
0013300120
1201112030
2011120103
2213122331
0200200021
2000200020
0020002020
2322030223
1200033311
3230030113
0311310113
1031301113
3031011130
0331011132
3101110302
3031110132
0131101302
3221112033
0112323003
3221023310
3223023100
1122200230
2323223311
2233232311
0020011230
0200211020
1201300101
1120300111
1210100300
0312321021
2023201002
0031202221
0032021222
2001311020
1001310200
0230222331
3001302311
3030301211
3301300211
3331222030
3331033223
3303132323
1332031120
1331031200
0102122201
2132223131
2122312331
1221232331
2312223133
3320303232
3031000131
3331213222
3332113221
0032212033
0302212030
3320131110
3331232102
3101332112
3103312111
2210012201
3003013223
1220321120
3210320133
1132202102
0022321022
1120132233
0031232100
3031221003
3001223100
0223310133
2203031133
2003113233
2001133230
2203011320
1103122210
1012232130
1032101021
0100321121
2220332023
2220302302
2223002301
2220233021
0033113313
1003121010
3312323123
1201131101
0200221301
0203221021
1322233000
3232002233
2322002313
1220003201
1210103022
1120103021
1310201032
1100103210
1130012032
1110302012
2111003021
1321221003
2131212003
2321101220
1211000301
2101112032
1101233322
1200300031
0210030031
2131310323
2331311023
0113201000
3323121302
3231123302
1013322003
0113322000
3230111302
3231011303
3323111023
1112010202
1210121020
1012101210
1310332100
1013113003
3113110031
1313110030
1103131000
2200322320
1012322133
1001211202
2123201120
3311011010
1033110110
3222103312
0312223301
2312233001
0121120101
1011302000
0300100220
1311332030
1113032330
0123323221
2021233322
1022333220
1002022333
2130022000
3021221120
3212112001
1013100213
1010302130
1130201030
2201110132
1301113021
0131011301
3301101130
1003201120
1000113200
1002113010
2320211101
2132211001
0010321120
0012031121
0103110201
2111303302
0222032322
0112230322
1102023322
1002332122
1003322120
1121100233
1210101233
2120101123
1211200113
2110101231
2111021023
1211120023
1203230101
2331233110
0312121233
0110030320
1310030032
3020033121
1000301331
0001303131
1002221203
3213003001
2322232220
0101213010
0021310110
0101321011
0011321010
0331133001
3310133013
2300011122
1223122330
0331023002
1220001010
2102000100
3231332111
1321333211
2321313311
3232313111
3322133111
0032101100
0310033231
2003201233
2203200133
2020203133
3302020001
3302000212
0102110331
0002113131
0001113211
0332033210
2120031333
2120130331
2132030133
1012113133
0032003220
0222102132
2022201132
0332000213
3213113002
1323131002
2121002200
0103001331
0013010331
0333001210
0210002101
1200020101
2230030032
2020030322
0220030323
0020033232
2303300120
2300331012
2300133011
1121110301
1132101103
0223303323
1203223311
3221333101
3223313102
2001001231
2020010131
1200012031
1120101230
1122101020
3221000221
2321000222
3332012223
3332120222
2303221331
2302231333
1331332201
2230012030
1130023220
0002101212
2000102112
3111300101
0201113022
3133131120
3313113120
0223110321
3022110331
1110332333
1103233132
1103123323
3110331223
3113311310
3113131311
1311133311
0203122020
0012230200
0311233113
0312313111
3011233111
0021133233
1203012311
1320130211
1312000103
1120010300
0123331102
2313311002
2220030111
2020031211
2021200321
2020103210
2210302010
2213002013
2200130211
1120112020
1012112000
2112110020
2111001230
2302313200
3021323200
3133010331
2011002030
0010033120
0100133010
0233310010
3023031010
3303010210
1203132033
3103120233
0312023113
3221302313
2230001220
0102031120
0023313022
0033301222
3133012120
3330112102
0302220100
0012232011
0022203111
1200113033
0230022123
3332021220
3233221020
3230221300
3231302230
1320012322
2232200311
2320202311
3230202231
2322300221
3220202312
3222032031
0013322122
0111231131
0111311213
0112311133
1113103013
2332202022
3223001102
1222110330
2202113130
2201113210
2122011330
0100213120
2112103230
2112210303
1120212303
2210331013
2200331130
1320200213
0303122102
0301122312
0013111333
1001113330
2011222031
2120012202
2210230011
2021302001
2020213001
0220213000
2230200101
3322311301
3323311231
3231313231
1233132321
2213000202
2133200130
3320332020
3322030302
3032230322
3210031211
3313201120
3130131200
2320333032
0113331210
0311120020
0102113013
0100113203
0103201123
3302023323
3300223321
0301013031
1132311223
1213303110
0032201223
3232100113
0023201230
3223201310
3223320101
3312022333
1002212200
2110303232
0022200233
3222113220
1000303120
2131101130
0033001101
0313001021
3221001312
3321002112
1223131120
0202113302
1032220022
1330132123
1130133223
1313130223
2123233010
2323230101
2233302101
3311100120
2003111022
0023111021
2223300233
2202323003
3113332221
3211233322
1312022101
1310222103
1131222031
3100131112
3101031113
3312313202
3132331202
3133321200
1332133200
3022310123
1200200100
0302233310
2032333010
3323132112
0023232233
2002233233
2330131112
2331031113
2331130111
3233101110
3231103111
2330001302
1313230100
1123031300
1133023100
1131023310
2210003200
3222100030
3022100203
1223003121
1323001212
1312223220
3121222320
3321212232
3211223210
2131232210
3100332022
2210222332
3031213133
3331211033
3310211332
2133323130
3000132312
3300012321
0030132313
2133033321
3123303321
3312201010
0331122000
3301122001
2131000132
3120010132
0333212212
0103131121
2121213013
1122331113
1033310302
3113331103
1131133313
3311311333
2010011310
1113031012
1110303121
2111302231
3111302310
2220101232
2221012023
0201122230
1021222030
2323011033
1133012312
3211132132
3212111323
3112113223
2023121132
3001110220
0031121033
0011021333
2020100132
2012311223
0302232223
3033100210
0123031221
1032311301
1033311231
0332311131
1033123113
0331123133
0331311211
1330221010
1032121232
1203121223
0330011002
1030300110
0133000110
3130001010
3110303313
1030103020
3212031001
1032120301
2132103001
2212313201
2123312201
2231232101
2321223101
2322213100
3110100223
2112201302
0330131320
3300311320
1222303332
1013121133
1101123133
2200201320
0122012220
1310023222
1310320223
1322022213
1221012330
1220323331
1223320333
2122303330
2123302333
2113113232
2121131332
1213131232
1201313311
1203313101
1320331130
1102330211
0301211032
1133033032
3211300210
0231232333
2033122333
2112113302
1113202203
1132221033
0223131001
1120321231
3321110300
3330211103
2022333133
1132220100
1110322201
0230023010
2302300010
1121311020
1113302332
3111233033
2002211231
1103323131
1132310310
1131233030
1132330103
0113233130
0111233320
1030011232
3110002103
2230223030
2330220230
0233202202
3320220232
3302220213
1100321000
1333233013
2333132110
2133321321
2122110332
1033221021
1032201302
1031310112
1101222323
1002321332
0231131332
3032311133
2033111330
0333133211
3323122020
3033223002
3322330021
0123133101
3033202322
0332030132
0330012320
0221000132
0121002032
2120113200
2122113010
2221301110
0332120131
3032120133
3022011333
3223230102
2223031302
0313313021
0110331130
3020332331
0233233010
3002332310
3032023320
3311002200
1201222032
0201212232
3220001222
0310103021
1030031021
2322201223
2312202213
3222022103
3221220220
3212330211
0302311223
1132002310
0010131200
0031122311
3001112031
0301112033
3133100332
1120201113
1202111032
0223012001
3223331100
2333201230
2022112001
3310020332
3300032132
3300201323
0330023132
2133220323
1013230211
1030232111
1311121032
2102223223
2021222323
0221023003
1331210332
1311023312
3311012332
3110312312
0203132112
0233211012
0203220112
0003221212
0002221322
0200321230
0200131110
2003101110
2001103111
3132023202
0221303133
3031232213
0121300100
2133233133
1011303133
0121121032
1012000212
1120200020
0110202002
0112002000
1001213013
0012113012
0111002320
1113323012
3113320102
0222033211
1313001100
3101100230
3100112023
0103122331
0023202112
2002032112
0023121300
2023113002
2003112300
1210201110
2332210301
0022331110
2322230031
2320220313
0302323313
3212321210
3221322100
1321322210
0012313200
1012332001
1002331200
1123132113
1231211323
1132313032
3113312032
0002313323
3332302032
1313332220
3332003222
3330203220
1010200210
1002001202
0120100222
2010001222
1020010222
3320012110
3220011310
3023230331
2303302331
3313233010
3112200310
1330022120
1032110020
1030110230
3302311130
3031121320
3310222331
1223101201
0331012210
0332012130
3301022130
3300323210
3302302320
3030322320
0332230320
3300212133
1222011332
3233300231
2221011301
2321012101
0332310002
3331000220
2331030020
3320310022
1323230212
1223233012
0221020321
0220031210
3032103002
3030321002
0122031311
2200223322
3220223032
0232202332
2032022332
2022230320
0223022320
0220323210
2202023320
2202303210
0312230111
2303031011
2003033111
3212003131
2321230311
2023330321
1113001333
1110301330
2301213011
1201230311
0121302311
3330221222
3302122321
3302312212
2330223112
3132202330
2211332201
1321112323
1311312223
0111333211
2302101331
0222003130
3020023013
3310100010
0330101001
3310010013
0110022003
2010100220
0211000220
2123232123
3122321213
1313331102
3113322313
1132323313
1232333130
2123331330
1322331320
2132133320
3212313320
0103332011
0232110332
2020211210
0221120210
1130113030
1103031131
1100331132
1103101321
1033001020
3103100020
0313010020
0121333103
1310010221
3021233203
3022233123
0221233323
3022312332
0223312322
1002100200
0302003223
0012023202
0013221331
0012231333
0122133031
0303310220
2300322202
1112011331
1101213131
1011321131
3303111212
1030333113
1330331013
3013033113
0313303113
0030020101
1003000201
0100302010
2333220110
3233022110
3303221210
3302232130
2021330131
1010133130
0120033310
3320011232
3230011233
2301120331
2333022113
1211023230
1110223203
3231233113
3323231113
0032001031
0310222022
0020132230
0023012232
0201220302
0112023320
0113023210
1102033210
3221103032
3211122000
2023111213
2022311131
0221321131
0102322013
3100011230
0001023001
0012300010
2210033121
2120033122
1203310223
2121020202
2210102202
2210022120
2221021020
2202121000
2021110130
0003121131
0233012122
2321333102
2001232020
0123202030
2233132032
0223322003
2230322032
2023322002
2020220002
2202002000
0002201131
3230003110
1203220033
1200220313
1202230031
0312112230
1113023331
1113230333
1133213033
3113132033
3101133233
2301310202
2010002100
3131223330
1331232330
3311322330
3211011132
2311101132
3313031013
3211330131
0301313312
2223121301
3113221100
3111221310
1311223100
3322122110
3302303213
2120331010
0102332121
0101332201
0121330221
3102322300
0312322303
0313222302
1233223003
2132233003
1323232003
3122332003
3031211322
0232122202
2032122203
0330201322
3032300132
3030201320
3320103020
3321003021
2112223300
2123202202
2212032202
2023012000
0011022011
2121232333
2211322333
2212123332
1013220323
2201233320
2023313210
0232003013
1130011310
1130301101
0020321232
1122003300
3210213001
2311023001
2230010221
2200021321
2200103212
0220012321
0010213121
1122310233
1110003202
1132100030
1310012030
0310101230
0312101020
1312100032
2232103310
2320323100
1100201322
1010102322
2230101311
0123221101
0122211310
1013330320
1002311013
1003120123
1002310120
1003211012
0102003010
0032000102
0331331002
3031313002
0303313102
0301333101
1031330301
3131303012
3311033012
2122313202
0313201233
3132310122
3103232233
3102232303
3210223320
1313010101
1131013031
3331002031
0121020030
3031022133
3320333113
3322022021
1121331233
1213112303
0230111011
0233323013
0323303201
3203332013
3302321211
1010221130
1211132300
2113211300
2333111021
2302100202
2230100222
2301331122
0221302000
0133311232
1033113232
1032113302
3102131302
1303112302
0132311302
0311312302
2310022002
3211211320
1321132130
1312211310
1313221101
1132312101
1131212310
2113121302
1213211302
3121213132
1121312302
1322131132
3213211130
1323121130
2113231113
1212133113
1101102213
1101202130
1101012210
1011120210
0112011210
0110212130
1012102132
0110122132
0112101213
0112210131
1011202131
1012011213
1010212133
1102210133
3322302111
3230223111
2301010121
3303332131
3301332321
3313332012
3321303302
3032133323
3033133213
0331323321
3033231321
0113130131
1301303301
0200013023
3011333020
0313133020
0130101232
3110102032
3012101022
0220130212
2203001212
2112300300
1113013010
1133010103
1013310133
1103301133
2231200031
2220100301
2320120030
0223201003
0231200203
2022013003
2001220303
0012032203
0123220032
0122032033
0120220312
0102023203
2012032031
2023200131
2012200313
0012302201
0013222013
0032221030
0222103001
2202103002
2223100021
2203100210
2022031001
2203010213
2020302131
2020013213
2000213230
0200213231
0220302130
0223100213
0220023133
2002310233
2230021033
2020210323
0021023230
0021302233
0020213233
0202301233
0203210233
0201032233
0200123233
2010232033
0020221303
0201023232
0220210322
2100232032
1022302032
0213022032
2201020322
2010032221
2320210032
2021020320
0102032202
2201002320
2013002220
2010230222
2102030221
2020023132
2023100212
2202300132
2020201322
2000123232
2200120323
3220120033
2322100033
2210020331
2200320131
2120203011
2003102232
2122300012
1220023012
0223210002
0231020202
0222301002
0220123002
0221032002
2210032012
2203012002
2031200202
3212002002
3022010200
0201202300
0320120202
0022021301
0022310230
0202310232
0203120231
0202031231
0023102231
1202032032
2022030132
0220032132
0220201323
3221222031
2032212201
0231233200
0323231200
3203123200
2033312200
1302232302
0132322301
2103310221
1020331221
0033122101
1003123201
1201033221
2233100102
2213031010
1223103010
0122103310
0120332100
2210133010
0123320103
3030323213
3032302323
3303202321
3032033212
3303032212
3033230212
0323323012
3230332021
3023332011
3033032211
3303230211
3320330231
3032320321
3033023210
3302330210
2333023020
2330230302
2333203021
2330032301
3233020301
3302320322
2133221210
2132232130
1131322100
2101331311
2223320020
2223200302
2322032032
2302220332
3022023203
2322023033
0322202333
3230220233
2232032033
2323220033
2022032323
0223220323
2023203213
2220320300
2230232031
1022320030
2102203030
0212032030
3301021212
3320121022
0031201103
0032111032
0021113020
0111302003
1101302001
1112300013
1011023003
1102300130
1102030132
0110201320
0112300132
0110012322
1001230122
1010201323
1010032132
1000132120
0100132123
1010130212
0013012120
0013201122
0010132122
0101203122
1003012122
1031201022
0103102122
0102130122
0100231122
0103012121
0110130211
0110021321
0110103212
1011020321
3101210021
0301012102
0310110231
0312110021
0031021102
0311021022
1003110202
1031021023
1012100323
1031100232
1011032002
0112103002
0123100102
1123100023
1110300203
1210310020
0311201023
0111200323
0301121030
3001121032
0131012023
0301101223
3200110123
3102001112
3000121102
3020111012
3201100121
3001101221
0320011121
0311001231
3112001031
1310120031
1101003211
1012001321
1010230131
1301100231
3021100123
0132110023
1300211023
3102101023
3100101233
0131001233
2130100133
0211001313
2010101313
2310100131
1201001311
0201013113
2031001123
1032100112
1103100212
2111030022
1211300022
1130010223
1100210323
1310102033
1003102121
1000231121
1002013121
3010110233
0101021332
0001213132
0011201332
0001321133
3100201110
3100102111
3101002110
3000211100
3021101010
3020101120
1030201112
1031200111
1300121021
3011201021
0132011021
0121100312
1103010211
1030021113
1210130021
1013010210
0301021101
1103001210
1300102110
3001210103
0012110330
0102101330
0300121100
0320111010
2301110010
2011310030
2011130031
2010130101
0211030101
3010210110
3021011013
0302111031
0032110101
0302110102
0130021110
2031101012
0321010122
0301011220
0132010112
1301200112
3010120112
0310102112
1301002111
0132100111
3021001121
0130011231
1302001113
0130012113
3100120113
1301020113
0112130001
0123010101
0121010311
0120031101
1203110031
0011013203
0011230120
0101230121
0102310123
0101023123
0010312123
0011203123
0012301123
0013210123
0101312012
1001320121
0013112011
1001231011
1001013201
1022111030
0121211030
1012121003
0112112003
1001121200
1201120100
2012011100
0101121203
0102111202
2012110102
1212101023
1201021102
0122011102
0212101102
1120121023
2012101103
1200121103
1120120110
1212100110
2110012110
2120011120
1001112203
0210111220
2101201101
1020121101
0212011101
0101211201
0012211120
0121112031
0211012103
2101121031
2212120010
1023100101
2100310101
1102031001
0110123001
0111032001
0113021001
1130021031
1110032010
2131001001
2011030100
0103101200
3120011001
1010120320
3101201020
2231310032
2201313002
2213301012
1221330011
1220330121
1120332021
1103032213
0110323213
0112033212
0112320321
0312103231
0231021331
2100213312
0121023312
0113320211
0132103233
0121320313
0123231033
0210321313
1203201313
1320203131
1320031213
1200321311
2002133110
2100132311
1321200323
1232030131
1221303012
1220303122
2120303120
1202313031
2123103012
2120330123
2021303132
2021130323
2133001211
2332001112
2123130011
2233010101
2323110031
2321310033
2211030333
2210103331
1220031331
3102020232
0300102031
3002010031
3233132113
2333213113
2321331313
1233313213
3123332133
3121332323
2313321323
2331133233
2133231322
1233233131
1312323311
3132323121
1332313201
1233323132
2132333132
1323313212
3132133201
3211323321
3313231201
3312312331
1211302233
2130212133
2121302123
2130122131
2113210233
2112301233
2111032233
2110123233
2121120333
2212011333
1210221303
1320221133
0132211233
0320112332
2031120332
0311032232
1203033031
1200303313
2100033313
0200333113
0133303111
1310330311
3133031011
1033031301
3133013013
3103330113
3033013131
0331330131
3131330011
3313013011
3130330121
3133310012
1333003120
1313330031
1331330010
3310331010
3110330310
1130333031
3130313010
3331030101
0313103301
3103013301
3310130331
3131003331
0330331132
0333101321
0331303132
0331130323
3031033132
3030311323
3030131322
3301130322
3303130132
3031130321
3300131321
3303103131
3003131310
1330301332
1300133302
0131330302
2003232230
0003312320
0003323132
0033312032
3100033232
1230003322
1001232333
1003122332
1032013233
1030231233
1002231331
0032030223
0203320023
0020323023
2003320022
1101303132
1013011323
1101013323
1010131321
1011033131
1011310323
0131131023
0110311323
0111033132
1310113032
1031113022
1011013322
1101310322
1130103102
1013130132
1011031320
1103110320
3110031100
3212232131
2321212313
3231212233
3122122323
2231231223
3122232132
2122321332
1222132332
1213223232
2311223213
1233122213
3123222130
3212312213
2131322213
2321322103
3221232103
2232123103
2022300130
2202030130
1202302030
2213232120
2213123202
2121332202
2233212102
0232313202
3022323120
3023123202
3233122021
2302332120
2301332200
3123322001
2333212020
3022332121
0322233121
2133223001
1332232010
3021332201
2303213201
2133022320
2130323210
1323023210
2032331201
3201233201
2230332100
2231332030
0322313203
2323132033
3023132203
2233320103
3232312022
3322310232
3323120231
3232012301
3320321230
3232021302
3233120230
2033310011
3200331011
0233130011
3102203111
3020321121
3032011210
3023012121
0230231121
0301231221
0301321222
0230321122
0313122021
0311230231
0013132202
1200133220
1013302210
0123302101
1223301013
0312012301
3011322021
0133212021
1302132021
0301212310
3021213010
0302312101
2033121011
3022311010
1030223110
3103220110
3031220130
0311220303
3112032032
3022031120
3023101200
2203013131
2210313011
0221200320
0233231201
3302011213
3301202131
2330120113
3320102113
1330102202
1300221302
1303221022
0132213022
1332102012
2323202031
3023220203
0203222303
0202232301
2023232001
0223223001
2002232300
2302032203
0233022203
0323202203
2302230200
2223020303
2320232030
2023202320
3023022200
0322023201
3202232012
0232223012
0023322230
0202322302
3023202201
2230230220
2323200220
0232322010
2033222010
2303222013
2300232201
2230302221
2320302220
3230222022
2033022202
3200232202
3220230222
3223002220
2323002223
1122300301
1132023030
3112302030
1130322030
0311302230
0310221300
0312210302
0313210232
0231302123
0123013223
0313012231
1300132231
0312123022
0130213232
3102103232
3121020323
3210102323
3210023132
3100213233
3213100212
3210013213
3210302131
2103012313
0321302122
0313221020
0013223120
0302132100
3032121000
0312120300
0013312203
1001323203
0133120232
1303122023
3001312223
3133233012
0133233301
3130323331
3313203331
1033233302
0133323302
2032303331
3203023331
3220301101
3221301031
3200113201
3202113011
0321132011
2003211301
0021231301
0021331230
0121332030
0103213200
1013232000
0123230100
2103312030
0013213201
0201213301
0232011330
0023103302
0021333021
0013332010
0333201002
3331200032
3033012002
3301200320
0330103210
0331200321
0330031211
3003120311
3301020321
3030103212
3030021321
0300321312
3000321310
3030320131
0032031310
0032103311
0030321311
0303102311
0302031313
0301320311
0302301311
0300123311
3002031311
3021033011
0030332101
3310032011
0033032102
0033120310
0303120313
0301230312
0303012312
0031032312
0230330123
0203031301
0231330013
2303013013
3033010213
0330013213
0330302131
3023013012
3023300121
3031300212
3002330101
0023013301
0032313031
0033210312
0030231312
0032013312
3003210313
3001032313
3000123313
3002301313
3302300131
1333020011
3133200011
3320030112
3300130212
3230130022
3021300331
2103003312
0230033122
3003031221
0033103221
0003132321
0003213322
0303013221
0320330122
2303030122
3200133012
3203300123
0321330012
2013300312
3203003122
0233003123
2331003023
3231030023
3120300323
3303100213
3030031213
3031200323
2103300313
2010333031
2000313301
2301003331
2100330312
0203303112
3203031012
0330310212
0200133301
0230130331
2303010331
3200310331
2033100331
0321030331
0203033110
0213303031
1023030311
2030303121
0231303010
0230303120
3230031020
3321300020
0233103012
0203313020
2003313021
2003130302
0031330220
0301303220
3302301002
3300123002
3303102002
3301320002
3320130023
0323301010
2033013010
3203130010
3320221301
3321302231
2321302310
2322303103
3113010100
1131030100
3110310103
3111031030
2203032211
2020323211
2200323213
2202302323
2202203321
0220233213
0223202321
0223320212
2022303212
2023022321
1130332102
1132103312
3132103120
3133101201
0102010200
0010012200
0120012030
1201200030
1020210030
2100102030
0210021030
2100020103
1012002003
1000120203
1020201031
1200201033
0120210033
2011200033
0011202010
0012010201
0012021013
0101220013
0022011020
0022010113
1002120013
0100220123
0002120132
0010220122
0010202120
0010102203
1001020202
0100021202
2002100113
0200102113
1200021032
1200131031
0121001310
0120301103
0121301033
0120113032
1200101310
1200130102
1210030110
0210301100
1203010100
3120101002
1231010002
1020013100
2100130100
2110001300
1231000130
2013011030
2101013030
0211130030
1021301030
0211300103
2130011003
1023001103
0213011031
1020113031
2100110313
0210131033
1201310033
1210010303
2311001003
1203100103
1200311030
1020103103
0120103100
3111203312
3130112331
3101231301
3112130312
3113021312
3131201332
1320113320
1330113203
1331103201
2130113323
0131133232
2301113332
0113321322
0113231321
0113133213
0313132113
3021131331
0331211320
1303312110
0133123110
3013231110
1332311010
1333120120
0332131130
0312133110
3132131010
3313121010
3331021100
3103132110
1033321110
1103133211
1102133321
1013331213
1013321321
1011333212
0211133312
2011313312
2013313102
1201133310
1213331020
2101333100
0321131333
2031113331
1031133231
0133113231
0311321301
2301311331
2013133103
1021313313
1023313103
0132113301
3011132301
3011332113
1301213302
2131231132
0330102323
3302100323
2020212132
2202101213
2021022131
2202021131
2022120131
0212212031
0220122131
0221201213
0220212133
2022102133
2012221033
2120221013
2021202130
2202201130
2120102201
2120212010
2122002120
1220201202
1222001200
1220122010
1221200201
1221020200
2211200200
1220102203
2121200203
2210220123
2200122132
2201120213
2230233102
2231233032
2023233132
2023123323
2121130201
2210131201
2121023120
0213133102
1030221301
1301220301
0132201301
2132021132
1103102003
1100231003
1101203003
1133312031
1131230312
1312331032
1313023102
1130132310
1313032103
1031123303
0313121303
1033131230
3103113230
3102113300
3211331002
2113313020
2311133002
3111323030
3211033130
3210131320
3310113200
3312113010
0133121301
1031213301
3131213011
3311301201
2331113020
3121130320
1231013320
2311301320
1313123033
1311230310
3112310313
3312311013
3310311203
3031311213
3031231131
0323131123
3012313113
1310231313
0313131231
1301331231
2301133121
3120113321
2103131313
2131033131
3120331131
2313310131
3213031131
1231303131
1323301131
3211031321
3211301323
3213013133
1321330133
2131303133
1233103133
2311033133
3120313133
3201313123
1323031133
1321031323
1332310123
1331230121
3133121012
0313123112
3312013121
3310231121
3311032121
3131302121
1320313132
3113201313
1313201312
3133201122
1330231122
1333102122
1332130122
1331203122
1133103222
1310331222
1311032313
3101323113
1310213311
3021331123
3011323112
0133213112
0121331312
1023311312
3210331132
3121330132
1312013313
1313210313
1332011333
3312101333
3131021333
1132130311
1130123311
1133021311
1131032311
2310133132
1230131323
0131313233
1303131233
1013132323
3103131232
3121310321
3231131021
0331131210
3110233103
3311021331
2331230232
2303123203
2320331223
2333102231
2331320231
2332013231
2323103221
3210332210
3220332102
3223302103
1320332212
0323322121
1203332221
0332213211
0332123213
0332322132
0232321332
2013323223
0221323320
3022213330
2302321330
2232313030
2223301300
2321323030
3302322133
0231322330
3303212213
3032223132
3032213213
3023322123
3033222131
1033232231
0133322231
0213323222
1023332223
0223133210
3202231330
2032123330
0322312330
3221233030
3222310310
2033221332
0322213332
2032321333
1303232232
1032332230
1323223002
0132323232
3203132201
1102032323
0030301102
0031301032
0303110032
0011030332
1001300332
0100301332
3001310032
0001310321
0030110311
0030101310
0300110312
3003010101
3001031031
3000110310
0300013101
1220123123
1122023113
2122031123
2112320113
1120322113
1222301123
1223210123
1213201230
1211202302
1221032123
1212302113
2130221130
2110221301
3210221131
0212211313
0221132133
2211132013
2213011203
2132011213
2022111323
0322211123
3022121123
0221123132
3211102213
3210212132
2102321103
2303103010
2031122123
0232112123
1032112231
1022131223
0211321223
0121312223
0111232213
1211232023
2113120231
1123120230
2112310232
1122102302
1122132023
1122213020
3112022100
2112321020
1021232102
2012321102
0122132102
1213221023
1202132103
2013221103
2011221313
0211122313
1021223103
0213122103
1201221310
1203221100
1322112003
3221121030
2312211003
1222131010
2011212310
2012312101
2122311013
0121232101
1022132101
0213212101
2101322101
2123120123
1322011210
1320212130
2322011103
2321211031
0122123103
1213102231
1210231231
1212013231
1221120331
1121230231
2111230230
2113122020
1213212020
1121232020
1112032200
0122131220
1201213220
2011132220
0113212210
1011232210
1021312220
2101231220
2201123131
0213221102
1022213102
0132112232
2021321130
2202221323
2203221213
2232221031
2123022203
2212023203
2221223023
2133133210
3213321320
3231133230
3232113303
3321231303
3321313230
1213133023
1211033302
2032200122
3202120012
2302011332
1003103012
1000330123
0001330132
0001013320
1001330013
0013013013
0103030123
0103130012
0010331012
0101033011
1003013011
2113002302
2110233022
2112030302
2130123002
2131032002
2131302000
2130213000
2133210002
0231310200
2021313000
0201321300
0232113010
0230113200
0233201120
3320211020
0032112310
0032231102
3003212102
0322310121
2330121020
2130301212
2130012321
2300132122
2301302121
3200132121
1320021321
3201023121
2132300131
2130032132
1302031232
2102031312
2313010212
0231130201
2023101321
2020331132
2023031131
2231031031
2230031101
2300321120
3002131220
0320213122
2231001310
2230301103
2230113032
2201013321
3223010103
3210231003
3212013003
3212103000
3210321000
3211320003
3220310100
2330110232
2332110022
3321102023
3302121003
3312120013
3131220012
3132120011
3322010111
2332101023
2303121012
2330101233
3230101230
2303101201
2302311011
3021321011
2302103120
3120210320
2310102320
3032101213
3032210131
1303202113
1032320113
3132021013
3130210203
3031202132
3030112213
3031012212
3310220120
3302120130
1330220123
3131020200
3310012202
3100132230
3103012232
3312002120
3310102201
3310221013
3302021132
0330212132
0331022131
0331210213
0332021133
0322110333
2030211333
2300211330
2021103320
0231103202
0021213303
1022133032
0211323032
2103213032
0021321302
2331102021
0233102121
0310321231
3103102231
1331020201
1332012011
1330012201
3312021011
3321020110
2331002110
2311030211
1230310211
3123100211
3031210211
3110220313
3113220033
1132203031
1103232001
1123230021
1212330023
1213230022
1133020222
1130302223
3110023223
3113202031
3101232023
3110202311
1310202310
1312302031
1310220312
0131023231
3101223022
1031322022
1013202321
1013320212
1203013222
1003212330
0130321233
0101322333
1031032233
3101302233
3100221303
3103221023
1032310232
1203123032
1303012233
3312012012
3311020202
3231021022
3212100322
3112003220
1132030220
1123032022
0112332002
1130032221
3113020221
2001123302
0332011212
2230110310
2323010100
2201310320
3220110312
0232130121
0220131321
0223011323
0223130132
0123201312
0312203112
0213201311
0231312011
3201123010
2113032023
2110320303
3122230323
2310223323
1323022323
1320323213
1232023321
2310233211
2231302311
3223210311
3222301311
3220123311
2322103311
3210323211
3321023232
3232103231
3122303211
1233023211
1323032211
3233202111
2332203111
1322320321
3132220332
2130223321
2132023323
3123202323
3012233231
0313223231
2033212331
0322132331
3201322331
2301322332
2330321232
3230231232
3233102232
3210322322
2132203322
1323202322
3122302322
3212023322
3213023212
3221230312
2322313031
0232312331
3223120313
3023212333
3013223233
2231230310
2213230331
3222133033
1233022322
2310232322
2133203212
2133023213
2313230213
3232130232
3321320233
3320312233
3322013233
3323021233
3201232332
0212323312
0232323123
3203223123
2103232312
0323232122
3202323122
3032321212
2302323121
3032231211
1230323212
2310322321
3123220321
3123032210
1233320210
2313203210
3122320320
2312203320
3231203232
3212203323
1232032320
1323220320
1332032202
2312033213
1203322313
1202332311
0213322311
2130332211
2320332101
2122333011
1022233311
0023122022
3211200321
3101203231
3102301231
1021302312
2013012312
2301230120
2301130203
3231012021
2201203001
2200312001
2202301001
1322300132
3002210223
0131222110
3130113202
3210113322
0321133122
3132113012
3132301123
3130123123
3133102123
3313120123
3311321012
3312310120
3321310112
1333211011
1033213111
0321331121
3131301203
1312032033
1122030303
1323200133
1223001330
2213010330
2231013033
0223113003
2210013332
1221030332
3021121203
2302211120
2321112030
0322111200
0013103010
2101332033
0213321033
1033210233
1032210303
2100332103
1320213003
3012021300
2310213002
1032103230
1302321023
3012310231
0312310233
0123021313
0122013313
0120312313
0203312113
0232311013
0233120123
0032321101
0232310120
1032321020
0102323120
1031023232
0102312332
0121233032
0122310312
0123023102
0121230310
2123031013
2133100213
2130302130
1213002300
1210233020
1212300302
3212310002
2313120002
2311032000
1233102000
3120312000
3121230003
1323120003
2323100103
1232103003
2320311030
2321003100
3210103210
1320103212
1010323210
2110323021
3122010322
2310120322
1231200322
2010132310
2103230103
2103132031
1023120312
0123120311
2013201310
2013320101
2130321001
2011320311
2013102311
2132031000
2103320100
3123021000
2310231000
2131230001
3122310001
3131200201
3130122010
3132001200
3130202120
3130212012
1312300220
3102012302
3021230121
3102231021
1320201320
2130201323
3020131201
0321310201
0321231010
2031312010
3123201001
3213012000
1230123000
1212030300
2312013000
1320132000
1322130001
1323021001
1320312001
1323201000
1331200200
1032012300
1031223020
1012302320
1301302232
0113022323
1123023023
1120023303
1012023323
1010223321
1201023313
1120203302
1120323020
1123003230
2301021333
1012303213
0211230313
2101233031
2102310311
2002313111
2001233113
1202331033
1203023103
1210323023
2013023100
2011023310
0321102330
0310213230
3201021330
2031210330
3020112330
2011233030
2012310310
2013312031
2021033130
0203131230
0201231303
1022313033
2013132030
0313120230
1312023032
1301230233
1302012303
2023130133
0213123030
1023231030
1023032100
2310321003
1210303230
2120310330
1210203301
1200332101
1202103311
0202133111
2012013311
2030121331
0322011331
0211023311
0212331031
0212103313
1022033103
1213203021
1021303221
0221130322
2013013221
2012133033
1032123023
0321213012
3201230123
0312301232
0120132312
0103312202
0131232022
1012320322
2013310220
1033012230
0213301220
0230132120
1023130220
2103013220
1231302002
1321023000
0132210300
2310302132
3212030132
3212300130
1230021320
1323010213
3120103213
1230201321
2131020321
2310032130
1230203130
3120320130
2131200320
3120013210
2310130210
1230301210
3232101020
3310120203
3231201023
3230110231
0323012123
0231031203
0232031123
3200321123
2033211013
3202131013
0321321013
0033212103
0103132203
0121033220
0211033223
1020313223
3012230113
0130223113
3002231103
1121113023
1102113132
1312011102
1131012102
1110311202
1110123120
1112130120
1113021120
1011121323
1011231132
0111321132
2102023031
0220230131
0122302031
0102232010
1002232013
1002320201
0023220110
0203202110
0100232200
0130222020
3102220020
3022120010
3020221010
3021020201
2302120011
2301220012
0230012202
0232012012
0230202122
0302102221
2310200212
0232002120
2300212012
2300202120
2320002103
3122000210
2300210203
2320010220
3200021200
0320102200
2030210200
3202102010
0322021010
2032210010
0322100201
3210022001
2031002201
2203210001
2301020200
2300122010
0230201200
2301200201
3122002001
2320020101
3200212011
0232021011
0230210201
0231022013
2302210013
0023022113
2002023113
0002321213
0002132211
1202020311
2100220311
1020322031
1022200312
0213220031
1032200231
0212002311
3210200211
2032002121
3020202121
3022001201
3020122011
3202201011
2031220011
3022021012
3012002231
2013200223
0202032113
1230202003
2312020003
0102202331
1300220231
1203002223
1000232203
1200302220
1200203222
1202003220
2100203220
1000322200
1032202020
1030202230
1003202202
0210320220
0103222012
0013220202
0103220203
1030222023
1002202332
1302200232
3012202023
0130022232
1003320331
2323313101
2233131310
2231333103
3223113310
1212233230
1122322303
1123222302
2112332230
3220203221
3200322201
0323220201
3323321110
3232133110
3122331321
2311233321
1231333210
1323123321
3133212332
1333212333
0120321310
0132203110
3012320110
1302032110
1102303212
1103022321
1231212001
3122121001
3221021101
1013210002
1010213000
0311031110
2311103323
3123110323
1303222300
3132223010
1032232301
1033222303
1013222132
0113222131
0132122113
2203101323
2201033132
1333231202
3100013021
3323032023
3230233023
0332320323
3201303011
0323030121
0313230021
1313100102
3110301102
3111301032
3110101310
3110131031
3101103112
0131031112
1303101112
1311003101
3131101011
0331101131
1310101311
1310311031
1310103100
1310013103
1130031103
1131031033
1113100331
1311130033
3113011033
0311011303
1303110113
0131103113
3323211300
0012120011
0011220012
0002121001
0021021021
2002110021
0002110213
0002021130
0100221010
1000221013
0101020201
1012020001
0100122011
0120001220
0102001201
0102021012
0021020112
1002210011
1000210201
1000122012
1000201200
0001210210
0201010231
0201210023
0020112023
2001201023
2000110231
0202011022
2001021022
2010021031
1201020031
0122010031
0211002031
1022100031
3020130332
3203010332
0230103332
2303100332
2030031332
0321003332
2312313323
1323213323
3213123323
0300032221
3002003221
0230300202
2020303002
0202033020
0022303020
0023020302
0023032021
0202330021
0033020221
0023230022
0003232002
0023302023
0032032032
3003220032
0003220321
0003032210
2000332021
0002320320
3000220312
3002302031
0030220313
0302203031
0302020312
0020320301
2003230021
0200330231
0203030232
0200233022
2000203302
2002303023
0110203131
1103200131
2212133200
1212102301
0101013202
1030332020
1032030302
1303203020
3013320020
0133032020
0133200302
1320033002
3012003302
0132033023
0131310111
0131013110
3011130110
1301301110
0301311103
1300131113
0130113111
3101130111
3133231203
1331233203
3311323203
1233312320
2331331230
2331123301
2313123320
3123231320
2110102113
2100211103
0212110103
0221332321
2021333213
2201323323
2203133213
2203321322
2203231321
0213233221
0322332123
0233213203
2033321203
3201332203
3331003102
3330311032
3020113203
0321103203
3203110203
2021320003
2023021003
2020312003
0131212231
3012121231
3122201131
1231220131
1322021131
1322101213
1320122132
1321120213
3212012130
1232120132
1312212032
3011221232
2010332102
1201203312
1202301312
1230023131
1203102312
3120031212
2311003212
1231002321
3122100321
2003123112
2032103123
3021023123
3102310230
3102021301
2102330102
0213302102
1020011311
2000113113
0001312130
0011312013
1230001133
2220013020
3003121222
3002311221
3202031122
3201031202
3201320120
3021302120
3021130202
3210132002
2031013200
3120132001
3201130200
3022130122
3021032122
3020123122
3010212301
2032130120
3132322012
3133022201
1122131301
2233301223
2330122302
2323301222
2231303222
3221033222
2032030011
3020230011
0230320011
2300302011
2023003001
2000230301
2030302012
0320030201
0320203010
2030032010
3200320010
3020032012
2302030012
0233020012
0322003012
2033200012
0223323130
2123323013
1300112022
0131120022
0320022122
3000221221
2310002211
1021202223
2102012223
3121011131
1211312301
2112311301
2311123130
3112112310
3112231102
3121231130
1213121300
2113131230
3221003103
3220311033
0332113132
3032111321
3302131131
3301211321
3301312132
3301132133
0321311332
1303321113
0133132111
0310130022
3100103022
3031001002
3000310102
1033100022
1303010022
3010103023
1030013023
3103010023
0311030023
0133001023
1301300023
1300010302
2322123102
3223122102
1232312210
2321232100
2312231210
1223223120
1223312203
3221212310
0123122100
0212123100
1022231100
2102312100
0321211203
0113100210
1233302212
3122330212
3100313302
1031333023
2001130112
0201200111
0200012110
2001200110
0020201110
0020102111
2122032201
2212230201
0310323020
3100233020
3102300302
1233003002
3130030202
0310203302
0312303023
3102330023
3103230022
1300323022
1300332023
3010330232
0130302302
1030323021
0310332021
3103203021
3100203301
0313032022
1313133101
1131331310
3123121131
2131321131
1321231131
1321311213
2002210302
2002123022
0202123023
0021320231
0020123231
0022301231
0022123021
2333103302
3233013302
3323313020
0100032012
1003020012
0002231210
0211310031
1021100311
0210202313
1022020313
2103202033
0132020233
0102022330
0213020223
1022300223
2100230223
1202030223
0120320223
3123033323
3232322303
3323223230
1013213320
2231032313
2230123313
2323201313
2233021313
2232130313
2321332031
2321203312
2320312312
2322301312
2232310312
2323203102
1022230033
0210223033
1102231213
1110210200
0312311300
0131312300
3011123300
1301231300
1021020033
3111211031
1311021103
1131120103
2333211302
2310220001
2213032332
3221332032
2032133202
3201323202
2021231133
2011210101
2003100023
0131102020
1301021020
3011210020
1311303222
3113301222
2131013322
1233101322
2311031322
3120311322
2303113122
3233111022
2033311122
2313031132
2130131321
2131031320
2133130132
1213330113
1233130130
3123013130
2313301130
2130133130
2113301303
1032031231
0133201231
1203120310
1203032102
1020323102
2212213330
2121322330
1002011330
0310230301
0331302001
3330200102
3130230010
3031032001
3032013001
3033210001
3030231001
1023223313
0210022312
1032002232
2102003222
0213200222
2103002221
0210023221
1200230221
0102011333
2333230022
3330230223
3320233022
3323002302
3230323020
3233203022
2330332022
2023303322
0323302332
2301321010
2110130023
1211003023
2022232131
2022312213
0221322213
2003022110
3200313013
2031033013
0323103013
3133002012
1330203012
1313212102
1221311331
1233211133
2312131133
2131132133
2313112132
3122311132
1232111320
1132011100
1212103232
1122013232
1120312232
1123021232
1121033301
1120301022
1012013002
1010231002
0320200332
1303133022
1302231020
0132312020
3012123020
1302120302
1302130230
0133210230
0132301230
1300231230
1230012323
2301203123
2302130123
2301132012
2303011202
2033101202
2033011201
2032311012
0323120122
3203112012
2320130102
2321130032
2032101332
3021021332
2320101310
2320110311
3230120110
2300231123
2303102123
0031100313
1221102333
2122101333
3212102133
2311202133
1232012133
3120122133
3112212033
0131122233
2311012213
1231022132
3102211232
3310232203
2221231300
2322001031
3220102031
3132320203
3211123133
1213301301
3231321301
3331123220
3330323102
3330231310
3332013310
3331320310
0321110013
0322322011
3001033220
1132113220
1311321220
3120330002
3033212210
3003331102
0130333110
0030302220
0030203222
0302300222
0300023220
3002300220
2121323203
2202131132
0132022022
1013123322
3130320013
3130003201
1233000320
3010200022
3013003232
1030303232
1033032023
1033002302
1030233022
1303302022
0132330022
1302332233
2310110003
2223312110
2312323002
1233232002
1222133201
0233320331
2221033303
0320222330
2002223301
0130300113
3330121101
1331211201
3312121120
3131121202
3332310311
3323031301
3231033301
0012132332
0311013112
0022133113
0321011011
3231130112
2220210110
0213330032
0321112202
2301231013
2030131203
3200123120
0321203120
2031032120
0320312120
2030231120
3202301120
0323021120
0313022110
0302321102
0133022112
1302302112
3010232112
1320310210
0300313222
3332123100
1112302202
0032131221
2220212301
2220123230
2221032230
2223210230
3321301113
1332113013
3013211303
1302131303
3022320202
1113231200
2300203013
0132030301
3200100011
0122102223
2232011102
2210232200
3112023033
2310230133
3123020133
3011320230
3012013230
0130123230
1303102230
3010312230
0131032230
0131223023
3011022302
0002003132
1130232033
0202302111
3102132020
1112123330
0211131103
1211311023
2011311103
1303230023
0211211033
0330233212
0332302321
3210211210
3100232113
0232200123
2103113311
3202010202
3201022012
2030221012
0320220121
2030201201
3113233223
3122133322
2313213322
3112132103
3012220021
0103203332
2321210102
2100100221
1203213030
1312021223
2123203331
2011003103
2010311033
1023110033
0211103033
0322012013
0321020203
3020212013
3202001203
2030012203
3200122013
2031202013
2030202123
3121102210
2311021210
1231210210
1232210130
2312021130
3122102130
2312110213
2310212131
3120211213
2312001323
3122003132
1233200132
3120303001
1233030001
3121131213
2311132131
3122113131
1023010102
0213101032
1020311032
2100031102
1021003102
1020101312
2101010312
2010131032
2311313003
3123131003
1300023301
0133002301
0130233021
3012303021
3010303231
1303030231
0130013020
1300301020
3010130020
0131003022
3010031022
0323002011
2030023011
2313002131
3121300213
1233001213
0212013310
2101203310
1020123310
2100233101
1023023101
1022301310
0210231310
2100312310
0213102310
0211320310
2102130310
1300322111
0133220111
0212001033
1020012033
2030223203
0322230203
1020133222
0211330222
3010331301
0133310301
2101021100
0211102100
1021210100
3202300013
2030230013
0323020013
3010310021
0131030021
1303100021
0133031302
1303313023
1022010032
2101200032
1021120102
0210112102
2032320200
3202203200
0322032200
0212021220
2102102220
1022210220
3332333220
3332332313
3332323312
3332321103
3332311222
3332233311
3332223223
3332211313
3332200312
3332122033
3332112312
3332103313
3332031312
3332002311
3331331311
3331313313
3331311102
3331303221
3331302312
3331133312
3331131103
3331113101
3331112032
3331101222
3331011221
3331001313
3330331221
3330321313
3330213312
3330132311
3330023221
3330022312
3330011311
3330001223
3323331022
3323323301
3323303112
3323233302
3323033110
3322321020
3322313110
3322211230
3322002232
3321311021
3321222113
3321221231
3321213301
3321133231
3320113112
3320111303
3320022231
3320010301
3320003111
3320002022
3313323013
3313313332
3313003123
3312223012
3312221203
3312212200
3312122202
3312000331
3311302123
3311221123
3311133123
3310332332
3310033122
3310022123
3310001012
3303223001
3302332001
3302211001
3302202211
3302112000
3302022210
3301310323
3301222322
3301011133
3300321001
3300110001
3300020211
3233303113
3233223231
3232233233
3232221110
3232023113
3232022020
3231310113
3231221230
3231213300
3231121113
3231110301
3231101300
3231100233
3231001231
3230333112
3230200020
3230113113
3230001301
3223233220
3223033032
3223003313
3222333221
3222120223
3222030220
3222000101
3221311103
3221303220
3221131102
3221113100
3221101223
3221020032
3221012102
3221011220
3220222101
3220221223
3220213313
3220033312
3220010223
3213330321
3213323131
3213303322
3213033320
3212332000
3212223130
3212211000
3211222323
3211221001
3211101131
3211023002
3211020320
3211000133
3210330001
3210300320
3210030322
3210020210
3210003321
3133322122
3133132202
3133113122
3132321330
3132221201
3132212202
3132122200
3132030012
3132022331
3132002122
3131211200
3131112201
3130200331
3130022121
3130011122
3130010011
3130002332
3113230101
3113223311
3112332311
3112232220
3112202101
3112120220
3112101100
3112030223
3112000102
3111333102
3111331313
3111232100
3111213220
3111020031
3111012101
3111011223
3111001311
3111000222
3110323100
3110300031
3110222102
3110221220
3110212223
3110201033
3110200100
3110022310
3110020101
3110011313
3110010220
3110001221
3103332302
3103313022
3102332232
3102223302
3102212110
3102002230
3101311023
3101310110
3101121110
3101112113
3100321232
3100300112
3100222021
3100212300
3100111301
3100020022
3032212320
3032202212
3032112003
3032022213
3031333211
3031310320
3031122002
3031112323
3031020322
3030110002
3030002210
3030001132
3023313331
3022322013
3022313201
3022103121
3022101330
3022030013
3022002123
3021311330
3021133120
3020100013
3020020331
3020010010
1201121033
1201113103
1200333032
1200323100
1200222102
1200212223
1200132313
1200100223
1133323223
1133322310
1133132030
1133121220
1133003313
1132333221
1132332312
1132321102
1132232223
1132122032
1131311103
1131131102
1131112033
1131101223
1131011220
1130222101
1130221223
1130033312
1130020102
1130001222
1123332301
1123331023
1123323300
1123322233
1123233303
1123000112
1122332231
1122233233
1122103231
1121001231
1120113113
1120033231
1120011233
1120002023
1113331331
1113300123
1113233011
1113223123
1113132201
1113131123
1113122333
1113111330
1113012123
1113003122
1112331201
1112223013
1112202333
1112103123
1112101332
1112022332
1110321123
1110112332
1110110123
1110033123
1110031332
1110002331
1103322002
1103311001
1103303322
1103223000
1103113002
1103033320
1103003001
1102333133
1102211000
1102120131
1102112001
1101331002
1101101131
1101011132
1100213001
1100132002
1100030322
1100022001
1100011002
1033202110
1033201232
1033133021
1033121302
1033010021
1033003231
1033000113
1032211230
1032122110
1031101301
1030200021
1030030112
1030020020
1013323130
1013311000
1013303323
1013223001
1013033321
1012233003
1012223131
1012120130
1012030133
1011011133
1010321001
1010011003
1010010130
1010003320
1010002213
1003323013
1003313332
1003300122
1003233010
1003230332
1003222011
1003221333
1003132200
1003111331
1002313202
1002122202
1002112123
1002101333
1002030010
1002023200
1002000331
1001221123
1001131332
1000321122
1000302013
1000300202
1000111011
1000110122
0333230210
0333202320
0333132322
0333120001
0333113002
0332321210
0332313320
0332220212
0332212322
0332202210
0332022211
0331232211
0331222323
0331020320
0330220002
0330200211
0330002212
0313330110
0313033111
0312233233
0312022020
0312002233
0311333022
0311332111
0311232020
0311122231
0311121113
0311012021
0310200020
0310030113
0310020021
0310002023
0303233220
0303230102
0303223312
0302333221
0302313032
0302122032
0302112313
0302030220
0302002310
0301222031
0301133313
0301023310
0300132310
0300022313
0300010223
0233313332
0233222011
0233221333
0233121010
0233111331
0233031013
0232220330
0232212200
0232022333
0231011010
0231001122
0112000211
0111310320
0111303130
0111221003
0111213133
0111000131
0110300322
0110100130
0110010133
0110003323
0103313331
0103233013
0103223121
0103121013
0103111332
0103031010
0103003120
0102333012
0101331123
0101311330
0101310203
0101100123
0100103331
0100100013
0100033121
0100020331
0033322313
0033223311
0033201313
0033121223
0033031220
0033012311
0032233313
0032232220
0032223221
0032122031
0032002313
0031331313
0031311100
0031302310
0031131101
0031113103
0031112030
0031101220
0031011223
0031001311
0030213310
0030001221
0023332302
0023331020
0023303110
0023223232
0023033112
0011302121
0011232331
0011133121
0011023122
0011012330
0010010011
0010002332
0003322001
0003311002
0003201001
0002002001
0001302002
0001222320
0001221002
0001101132
0001011131
0001122003
0001133002
0002022212
0002202213
0002211003
0002233001
0002310001
0003111210
0003113001
0003120002
0011331122
0012002122
0012022331
0012122200
0012202330
0012212202
0012221201
0012223010
0013003121
0013031011
0013233012
0013311121
0013331332
0020003113
0020020022
0020200023
0021001232
0021012022
0021112113
0021121110
0021122232
0021311023
0022023110
0022031233
0022103232
0022112233
0022211232
0022313112
0112030130
0112211002
0112313322
0112333131
0113033322
0113113000
0113121130
0113132320
0113303320
0113323133
0113330323
0120003031
0120010221
0120030032
0121110220
0121113102
0121131100
0121311101
0122022101
0122023032
0122101101
0122111033
0122313030
0122333223
0123003311
0123311311
0200011232
0200030112
0201001230
0201020110
0201222113
0201232021
0201311021
0201331232
0202112231
0202120301
0202122110
0202200231
0203111023
0203230020
0203322232
0220001131
0220020211
0220100133
0220200210
0221011133
0221101130
0221110131
0221213130
0221221000
0221232210
0222000212
0222101210
0222120130
0222332001
0223000322
0223010210
0223121133
0223330320
0230001012
0230010013
0230020332
0230100010
1201311100
1202120220
1202122031
1202232220
1203003310
1203113313
1203323220
1203331103
1210003113
1210020022
1210022233
1210033232
1210300112
1211133233
1211213303
1212223302
1212322300
1212332232
1213003233
1213010023
1213033112
1213132110
1213233300
1213323303
1213332302
1220002332
1220010011
1220020330
1220030202
1220033120
1220100012
1220131200
1220300200
1220302011
1220332330
1220333203
1221310202
1222000333
1222022331
1222023202
1222030012
1222312333
1222313200
1223000203
1223010331
1223202200
1223230330
1223303202
1223313330
1223331332
1310002102
1310003031
1310020100
1310111223
1310200101
1311311101
1311331312
1312002312
1312200311
1312202100
1312220102
1312321100
1312332310
1313031221
1313311311
1320001132
1320010133
1320030320
1320100130
1321101133
1321110132
1322000211
1322030130
1322031003
1322332002
1322333131
1323113000
1323322000
1323323133
1323330323
1323331210
1330001011
1330010010
1330011123
1330020331
1330222332
1330321121
1330332331
1331001121
1331011013
1331110011
1331311330
1332022330
1332030013
1332101330
1332122201
1332202331
1332212203
1332220333
1332221200
1333000202
1333111332
1333230331
2000132233
2000220233
2000222022
2000300111
2001100233
2001101300
2001110301
2001112110
2001121113
2001131021
2001213300
2001310113
2001332111
2001333022
2002212113
2002332231
2003000112
2003010020
2003121303
2003202111
2003223231
2003322233
2010010223
2010300032
2011001312
2011020032
2011131102
2011211032
2011213223
2011232103
2011302313
2011303220
2012202102
2012232223
2013233220
2013322310
2020001130
2020003321
2020020210
2020022001
2020132002
2020300320
2020330001
2021011132
2021101131
2021122000
2021131210
2021221001
2021331002
2023000323
2023010211
2023222133
2023230210
2023311001
2023331212
2110002022
2110020020
2110022231
2110030112
2110132232
2110333113
2111000303
2111020110
2112002232
2113010021
2113033110
2113201232
2113202110
2113233302
2113303112
2113323301
2113330111
2113332300
2120003203
2120030200
2120100010
2120222331
2120300202
2120332332
2121011010
2121012332
2122202332
2123003123
2123113120
2123132200
2123230332
2123300122
2123303200
2123311123
2123313332
2123330203
2130002213
2130010130
2130020211
2130200210
2131110131
2131112320
2131133000
2131221000
2132212323
2132220213
2133000322
2133010210
2133012001
2133113003
2133303323
2200010133
2200022003
2200033002
2200213003
2200321002
2201001002
2201011130
2201101133
2201122002
2201133003
2201221003
2201331000
2202022213
2202112003
2203033322
2203223002
2203303320
2203322000
2210001011
2210002333
2210011123
2210030203
2210332331
2210333202
2211131331
2211133120
2211213010
2211232330
2212022330
2212202331
2213111332
2213113123
2213132203
2213233013
2213322123
2220003112
2220011231
2220012113
2220022232
2220033233
2220132231
2220202233
2220213232
2220220231
2220223113
2220321233
2221001233
2221023231
2221100231
2221133232
2221213302
2221331231
2223003232
2223033113
2223201231
2223202113
2223222300
2223223233
2223232232
2223233301
2223303111
2223322231
2223323302
2223331021
2223332303
2230003031
2230011312
2230022311
2231000223
2231112031
2231113102
2231131100
2231133311
2231311101
2232002312
2232212032
2232220102
2233113312
2233201312
2233300310
2233311311
2233322312
2300010011
2300111013
2300131200
2300200331
2300213121
2300323331
2301001120
2301112201
2301131330
2302122200
2302221201
2302232011
2303233012
2303331332
2320001221
2320011313
2320033311
2320100223
2321001311
2321011223
2321020031
2321113103
2321131101
2321213220
2321311100
2322202101
2322321101
2322332311
2323113313
2323133100
2323331103
2330002020
2330003113
2330011230
2330020022
2330030110
2330033232
2330103022
2330111301
2330113110
2330200023
2330212300
2331000301
2331020112
2331101303
2331112113
2331121110
2331221233
2331310110
2332112233
2332120303
2332221113
2333000111
2333010023
2333033112
2333121300
2333123111
2333222301
2333223232
3000100222
3000200101
3000213311
3001000223
3001012100
3001133311
3001232101
3001303222
3001311101
3001331312
3002103310
3002111033
3002113222
3002120221
3002200311
3002202100
3002212032
3002220102
3002223220
3002232221
3002321100
3002333223
3003113312
3003323221
