--- Global Parameters ---
Code Length:			10
Min Codebook Edit Distance:	3

Max Run:			0
Min GC Content:			0
Max GC Content:			0

--- Generation Configuration ---
Generation Method:		Linear Code
Min Candidate Hamming Distance:	3

--- Results Summary ---
Number of Candidates:		16384
Number of Ones in Matrix:	48384
Number of Code Words:		8208

--- Performance Metrics ---
Number of Threads:		32
Candidate Generation Time:	0.02	seconds
Fill Adjacency List Time:	0.49	seconds
Process Matrix Time:		0.14	seconds
Overall Execution Time:		0.67	seconds
=========================================== 
1010033001
1100033000
0103332011
0010033120
3300323210
3302302320
3030322320
3233322233
2332323233
2332233230
3322322302
2210321121
2021232211
2202231211
2200302133
1311232101
1201232100
3113322313
2112223300
3033223002
0102322013
0001232212
3210031211
3222313032
2132223131
2121003333
2113031301
2000031020
0010030202
2001000302
0200103020
0201003021
1333031010
1320321002
3122031002
1222103120
1212031233
1222310122
1122312022
1102212322
1120031020
3301232210
2110003111
3211232211
1010031210
0222310003
3021232330
0012103120
0000031212
1033033110
0332223130
3111230311
0302233310
0122233312
3223300312
2233303032
2230303312
0022233230
3320033230
2220300113
1110031332
2203230212
2133230211
2333022113
2113230020
2013230102
1323012002
2011230312
1323000321
2310030321
2122030010
1210103022
1110302012
3100031023
1010030323
1003003123
0233230332
2300300200
0030033311
1222232011
2222203110
2322031310
2220331301
2012030220
0122300220
0113230212
1013230211
1030232111
0100030203
1002223012
0102223011
0200300110
0012003011
0102003010
0032000102
2220031022
2022100322
2210031330
3311232333
3310223202
3113122101
3111122311
0302023030
3002023032
0302230032
0002230323
3310002330
3032122322
3031222321
3033122212
0333212212
3023122331
0112023320
0113023210
2303122330
2012233310
2300023012
2233223310
2233122100
2231122310
3312022333
2212223011
2220223113
2131023003
3021310203
1321302003
2123223122
1322321212
2213223121
2120223202
2112023112
2023223000
2230223030
2023122210
2022122320
2013122102
2012230032
1332223011
3320223110
1313002222
2122023200
1222230200
0123031221
1203223311
3332230033
2232031311
3331230313
1130023220
1330022120
0023031303
1122230111
1103122210
1102122320
1322233000
1030033230
3223031223
1003223122
1000223202
1000023010
0030020101
1003000201
0100302010
0103002013
0333223000
3033202322
0333122210
0332122320
3321220302
3323122020
1110023011
1011300211
0331023002
0330223320
0312223301
1232233001
3033323133
0333233132
0331233322
0333123323
3031232213
3230030113
3020030203
2021222323
0221222322
2102223223
0203122020
0012230200
0123223310
2322030223
0122230030
0113223002
1130223032
1100223320
1310223030
1313220032
1103220322
0103122331
0303222221
0202023112
0012023202
0003223003
3231302230
3230221300
3233221020
3332021220
2132022210
2130222212
2130220003
2121222201
2120022123
2113222303
2020222213
0311023233
2010222101
2010022313
1331222202
2132002003
1312022101
1310222103
1223222013
1221222203
2122022333
1213222301
2112221111
1212221113
1201222032
0201212232
2021220132
1130022313
1310022311
3102230112
0031232100
3031221003
3330023221
1122022020
2011220220
3320300110
1121302230
1210212300
1212002230
3310023010
1103222133
1222223010
3102222231
0212222310
2022223130
1002222121
0102222122
0330222213
3130223200
3213223000
2133232000
0310222022
3031023000
0230222331
0230022123
0301022223
3022223011
3030222211
0220222212
3222223222
3222023030
2222300303
0201302231
0200221301
0203221021
3000223030
0200022231
2332223302
1211103112
0123221101
0122211310
1211303300
2000303233
3322330021
2223131233
1123332301
1201303223
0102110331
1030111303
2123010333
1101122000
0112121000
2123110202
1101222323
0332110210
3302101210
2231103030
0223311000
2331100230
0332310002
3320310022
3310300202
3032103002
0330321000
0122232221
2012232223
2321230311
0001222320
3000212222
2333303110
3210220002
3212020000
3222000101
3003110030
3020303123
3231220303
1313111103
2333332302
3211103320
3131103200
3000132312
3300012321
3220303310
0023311233
0023113230
0022113300
0103311120
3013111020
3311303010
3310303120
3100332022
2013110032
3113332221
3211233322
1221133121
2213131121
2133112130
0021131022
0201131020
2001311020
1001310200
3023010330
0233100330
2001122231
1333221330
3310132120
3131310202
3231311020
3311103202
0010321120
0033311310
1332110331
0102311010
0103110201
0110111131
3301103321
0111111001
1101111003
3302103001
2113132112
0010022121
0110020212
1010020211
1203133100
2311331001
3213311001
3101332112
0301113100
0030202311
0033202031
1223110200
3332220101
0313111022
2011112033
2020111133
3303311000
0331313000
1322230322
0223031130
0221031320
3021303013
0300213313
1322110212
0222311130
0221311210
2213110201
2212311010
1311133311
3113131311
3113311310
1133133103
2122110332
0230111011
0233311123
1321133003
1210133303
0302311223
3030100130
1002311013
1003120123
1002310120
3231303303
3332313033
3323301303
1032311301
3212201132
1300111300
2333310300
3233031300
0230200333
3020002333
2030020333
0012232011
0022032111
3311023120
1112031122
1131110222
3330303311
3333303031
3031110132
0111023000
1333113123
1122202021
1120202231
2112200231
2110110230
0112223132
0112232133
1202311220
1031122230
0332000213
1002003013
3020033121
1332111202
1331121203
1332121123
3312112123
1202000102
2021311211
2023111213
2022311131
0222131131
2123111331
3210333323
0002113131
2201111001
2202311133
1332000332
3132000333
2000223111
3100022233
2021000133
1201002033
2333111021
3033111211
2323112220
3223121220
0220002213
3001111313
0301111311
0300033312
3003030312
3033031133
0113010213
0110023130
3102311303
3103311233
0122113222
3222311223
3231122231
3223311313
3231233113
3111303223
0030023223
3322220022
3320131110
2021332320
3302111322
3302311130
0111313002
3322311301
0102031120
2301023122
3331111310
2303223120
3332311222
0101012331
0111122002
2003321111
1011131211
0111231131
0200220232
3301111002
3311100120
3030200213
0201121112
3332113221
3331213222
1223003121
1323001212
2022211000
1000323333
0002333130
0331120211
1031120021
3223111101
0032113223
2010111221
2332311303
2333311233
0220112210
2022110210
1130111221
3022310123
0313200300
1301311022
3101131022
0113110322
3001110220
0232000331
2030002331
3231222112
1123311230
1122311300
0313000112
3010003112
1130000311
1013300001
1103300000
1132112313
1312112311
3211213131
1221112201
2212211121
1122122111
1222211120
2303000203
0320300203
3330222100
1330232200
3133202200
2220111300
0111001002
1011001001
1100100132
1110000120
0111100000
3031022133
2000112020
2111120021
0231120333
2111112111
2133121133
0030011313
0330010131
2201112323
3323311231
3231313231
2331313232
0031120100
2230112101
2233121222
2232311221
2333120233
3230111302
3231011303
0033113313
2320112100
3000112101
3211122000
0231101013
0230101123
0312122111
3111120100
1311012100
3320011232
3230011233
2301120331
2021212002
2110313300
1110333200
3210112211
2333201230
3030321002
1331122121
1312311221
1203111102
0032001031
2230333033
2320333032
0230332332
3023203332
0220333322
3312221203
0332200001
3231331233
3321331232
2133132323
3310112333
0113120003
1130120033
1120100303
3033201000
3332100031
2223232232
2222232302
0000113321
0003031132
0001031322
2320200100
0223230211
2023302211
0001002321
1100201322
2203110322
1121222112
0203133021
0023131232
0023313022
3003310222
1311111313
2122312331
1221232331
3222111031
3223332222
2323332221
1102311131
1103111213
2202110212
1120222022
1210222021
0120221221
0110222211
0113011320
0101133120
0013131120
2222121231
3310003203
2003111022
0023111021
3030333321
3301310323
0123113312
0311331233
3023113123
1000030200
2232223220
3222322220
0311131021
0131101302
0223131001
1013131001
3001212312
0202220022
1013113003
0202202020
0200202230
2132112000
1322121000
1032313110
0111112323
1121023233
2220222020
2022202210
0123310222
2022103000
1100113322
3310111011
3130111013
0330111133
1111113331
1112313203
2111123303
1323230212
1223233012
3313111331
1120113113
3223223312
0013113122
1003131122
3311310200
3100333111
1121313231
3231023233
3232310233
3021330010
3020330120
1122112230
3321110300
1001023120
1000311203
1333332011
1323303320
1333302330
3133230330
0222222002
2202222001
3021220013
3031332322
1200113033
1013031130
1003113120
3331023311
0032332311
3002323311
1120220233
1210220230
0303303030
0300303310
3113133100
3131131330
1331131331
1102313320
3001112031
0301112033
1313230100
1123031300
3131133121
1131313312
1331313121
3133311121
1331133120
0000201321
3021110011
0312000022
0310002023
1333222012
0231110012
1323131002
3213113002
3221330223
1333121013
0311233113
1110003202
1312100032
1331113333
3131113332
1333313331
1033120231
3232112230
0101120330
2003011113
1033132112
2003131231
3331212311
1132220100
1110322201
2023011322
1131113100
3111311100
3330111220
2302223010
3022230201
2110113112
2130111132
2121113330
2011002030
0121020030
2323031220
2323111102
2302313200
3022133200
3233010020
2333100020
3310321122
2211122121
2323011033
3221213223
2130210322
3230003110
2330113110
2301310202
1113031012
1110303121
1111303011
3312023200
3232120300
3321230230
3302212323
0013232121
1312031311
1313120311
0202002232
3101133233
3113132033
2013311313
2211002203
3023313331
0233313332
0302232223
2002031230
3030113320
3032313322
3303312322
3313113120
3133131120
0011113332
1001311333
0011131330
0222030133
0102220333
0002223133
2232103310
2320323100
3211313000
1321331000
1210331300
0020321232
3001002032
3220113030
0301232103
3300113323
3331313313
3333313103
2333313022
3333013220
0200321230
3031103322
0331310322
0111022133
2122000331
3221133313
1100112211
2133311000
2001232020
0032212033
0302212030
0311311020
1030113112
3110303313
3113303033
1001133123
0210200102
2010020102
3003132032
1122310233
0112120133
1012201133
1200002103
1200102032
1221313120
0122120221
2012102221
2332221113
0200201112
1031020110
0311200110
0220103211
1102332000
1202330100
3001131100
1203132033
3103120233
3101331230
2131313001
1233113001
1032120301
3212031001
2132103001
3213201002
2120002330
3211230000
1123200300
2110230300
3321103110
1200022310
2233221101
2231221311
0031313311
3003311311
1131112033
1110112332
0103230331
0003233131
0001233321
3221310030
3002112311
3302110211
3232110021
0332112001
3320112021
3230112020
3300112210
3001223100
1213120233
1332120010
2223311232
2222311302
3222321102
3130110120
3310110122
0331112321
0331121322
0313201233
2013000031
2000003110
0120201032
2010012032
2113003231
2213001331
3221112033
2210112330
1322313322
0232100200
2221232022
2123202202
2212203202
3311002200
3321002112
3221001312
0310113113
3103111021
1013110321
0103131121
0003121131
3111112030
2301111123
0131111230
0011122120
0222033211
1003201120
1000113200
1002113010
0012321330
1311120101
3323133021
1122120300
0022321022
0301211032
2301313120
0102321331
1100321000
1132100030
3233313021
1103201002
1121112110
2111211110
0311121113
1031121112
1013121133
1101231133
1202211311
1221213011
2211321011
2230033310
3103121300
1032131300
1131211032
1101211320
1102131130
1203122101
1201122311
0103323010
0013323011
3001113102
2130202001
3320113112
1121121113
0033233223
0102313201
1202112310
3211310322
3111033221
0120333033
1220132122
1003221333
0002101212
2000102112
2122211122
1221212122
1221122120
2211211201
3210033000
1100323211
2013121220
2200212130
2201201210
3113120310
2203121130
2221121111
2223121301
3222231101
0330322322
0120011312
0203011112
0201031111
2230321310
3212321210
3220321312
3320322112
3232320112
3322023112
0023323303
0300300032
3000300030
0030003030
1113121011
1312101101
0013322122
2221120022
0022122112
0031122311
1002321332
3112031310
3112103311
3110332101
3111332031
0032322223
3002322222
0103322123
3030003323
3330003032
0113220320
1103202320
0233223122
0312332231
2012332312
0331110130
0203012230
1102120131
1132002310
2132003130
1111121201
1112121121
0201122230
2332111111
3321121112
3231211111
2321111312
3211112321
2022112001
2211220013
1323121130
0223322003
2023322002
2000321231
0301122312
0303122102
1112033333
1110323332
1102331322
0331012210
0332012130
0331122000
3312201010
3301122001
3002233312
1110100011
1100101001
1010110001
1101001000
1011010000
0111010003
0022212110
2002122111
0022221113
1011012211
1013322003
0113322000
1202212033
0102330330
0010332330
1121122231
1203220033
1200220313
1213012232
1210132230
3322122110
1211122232
0123300310
1000211332
1220322202
0111002320
3302000212
2332000021
2330200023
1330322203
2133322003
2201233320
2023313210
2203233130
1012332001
0012313200
1002331200
3211330131
3102031233
3210320133
0303033032
0003330322
1120010300
1312000103
1310012030
0310101230
0022033022
0233010333
1121131021
0021332112
3212330211
0223302210
0022332232
0301313312
2330133303
0221023003
1032000023
1000002330
2223120232
1123321111
1213321112
1213231111
0023132110
0033132033
1331331123
0310103021
1030031021
0333222133
2021110130
2213220203
0123132032
1211020112
2000322113
2211233203
2212233123
2123232123
1223232121
1113131123
0203132112
2000131111
0003111210
2321330220
0001303131
1000301331
1110111010
1011101130
1312333223
0231332202
0233322120
0123233222
0000103213
1033302021
0300132310
1211131022
0123303032
0120303312
0313321111
2111103110
1211310110
2003332301
1121110301
1132101103
2220303231
0332033210
0303322310
0032323310
2333202112
0113111211
1013111212
1301112112
3033132320
2222221112
1002220330
0223122211
0222122321
2022212322
0222231212
2112121232
2212121123
1212211232
1012322133
0203311231
0202311301
0020111301
1113310011
3030020212
3002002312
1330221010
1220103330
1220301333
2301331122
1120132233
2002233233
0023232233
1010111132
3113221100
3111221310
1311223100
0113200133
2300221011
2333110112
0203113232
0202113302
0223310133
2203031133
2003113233
2001133230
2203011320
0012333013
1002333011
1100221131
1123113233
1122113303
1121133230
0312202021
0310202231
3232223301
3323332300
2333233300
1003311123
1002033332
1212033022
1001122122
0012121122
3222112313
3322112231
2122313202
0220111132
3102112233
2233230100
2203302213
1120321231
3313313332
0333232001
2202233000
0223232000
0333133211
0122222313
0103331333
1013330320
0102000332
2100003032
0201000303
1101133001
1113300123
1110133012
2200332212
3222220100
1232222000
1131021101
0031222032
3001222033
0122112311
1031221231
0231221123
2231222033
0012000333
0300120033
0030201033
0000230133
2210332331
3220132310
2120333201
2123033202
2212333012
1321333211
2321313311
0222200000
2211332201
2212332121
0001023001
0012300010
0030200100
3233220113
2323230101
2123233010
2133302210
3213230210
3323202110
2323302100
2233302101
0023121300
2023113002
2222113301
2223113231
0113003003
1013003000
1010303003
1123223231
2112232301
2113232231
3022022330
2330220230
0233202202
3320222023
0223132323
2121331120
1311020030
3111200030
0012221201
0011022011
0331133001
3031133003
3323132112
2223333230
2322220103
2322022100
2123220200
1100133131
1311110220
1000333201
0100333202
2131310323
2331311023
3213132322
0022200233
2002200230
0002313323
3001132222
3213030002
1221332200
3101012022
3001011222
2230101311
1212331110
2112313110
1121323110
3322101021
3320101231
3313132200
3323111023
1130113030
0312230111
3111222032
1011222322
3221132220
2133310133
1312330101
1113302332
3111233033
1330213120
3230331303
1121221230
1211212230
1320330003
1323030000
1333000202
1131221313
1133221103
0012101331
1001021331
0312113303
0311133230
0231311333
3310332332
1333330200
2313333000
0101131331
0201332110
2021330131
3212323001
2132332001
3020333202
2210022120
3232003300
2332113300
2333113230
3233112300
1310212222
3211100002
3330002101
3231300021
1213220110
1031310112
2131103321
2320303313
0121311101
1221110010
1131222031
3330220311
0001112322
0301110222
0111020322
3132110330
2233132032
0100200330
0031002033
0301002030
2333331020
1203333312
0323333120
3033331210
1312103310
1310332100
1311332030
1113032330
1113230333
1113023331
3001330221
0021303300
0330333323
2223132111
2221332113
0001331001
0013300120
0100133010
0311330300
3101303300
3323331022
3330331221
2230132312
1113330202
1213313022
1123313021
1123013302
2113331022
3333323222
1333132203
3333122103
3331122313
0233333121
1321221003
2131212003
2013212100
3322233232
1002212200
0332103000
2321333102
3132310122
1111332203
1112332123
2133220323
0011303012
0010303122
3330133222
3113222222
1132232223
1312322222
3132222123
1322223132
0100000122
2232332310
2322323310
0111311213
0112311133
1211110302
1211011300
1312110100
2111131020
2111213301
1111233201
1112233121
2232333223
1323132320
0301310030
3332212031
0333333003
3303333002
2021221001
2221131023
2010220310
2013220030
2120332332
1210333111
0213331101
1320110002
3323233302
3301131211
3311231011
2213303203
2021133001
0333311001
3033311003
3331103033
0123000033
0120003031
2110111303
3023230331
2002002233
1120001301
3312333011
2020200211
2021012210
2001221230
2101222030
0122122030
2010221223
2110222023
1333223121
1133223312
3323113232
3322113302
1220003201
1130002100
2111300020
2011300102
1012113133
2222310231
3322103230
0000030321
3232221110
0312200230
0001113211
0230001012
0231000011
2301100122
3221211032
0030213310
0031023313
2123133333
1213333231
2133331213
2213313331
1221333333
2123000201
2230020100
2111023232
2211021332
2231121032
2231021103
2213121013
1221123013
2321121033
2221110303
3210222213
3220221223
1113313333
1311310032
2023133211
1130331220
3323323301
2302101331
1311330221
0203220112
0003221212
3321330301
1212220020
3311332202
3312332122
3313322120
0121000223
1200122221
3333120312
0100323330
1002303330
1003302333
2210033121
2120033122
1203310223
3132111203
2323223311
2233232311
0003202323
3000203223
2201333211
2112020230
0201133231
2111303302
1012110211
1102101211
1210102111
1313331102
3001213221
2323012311
1030213231
2002330020
2121112203
1202200310
0103001331
1201112030
2011120103
0330201322
0122003221
0221330130
2201303130
2131122001
2112120301
1112023201
0231121200
3230321231
3213033320
0022101023
0020101233
1332211121
0233012122
3002122030
2002120300
1321112323
1311231223
3113121223
0221303133
1032220022
2121310200
2231012100
2211031200
2213120120
2201131212
3221103032
1322310000
2231300100
3220310100
2320111222
0321112202
3131022011
0332030132
0330012320
2130103211
1313132032
1033311231
0332311131
1033123113
0331123133
3331121031
0000112212
1112333010
3222103312
2200221133
1203000032
0103201123
0100113203
0102113013
2330333111
0302113220
1320111131
0300000311
1333133330
3313331330
3032332002
1011112320
1101000133
2122222121
2003200300
3102333301
3310323333
2301330011
0102332121
1322122322
3113331103
1131133313
3311311333
3111133310
1010221130
2120213123
0030022310
1110222330
3303220323
0023000111
0100230011
1010200210
1011331003
1133110032
0110333321
2003132113
0303132030
0013230330
2011332032
2013302103
1120103021
1310201032
1110200332
1100103210
1130012032
2213302330
0031121033
1001120333
0011021333
1331112200
0231313122
3001023312
2220000230
2200200213
0222002003
2022002002
0021002110
3212000213
1230020213
3300332211
0002201131
1031110300
0131110303
2130303003
2133003000
1313332220
2210303123
2211303013
3133010331
3322210303
2223011111
0200131110
2003101110
2001103111
1213200303
0201012020
0033332221
0232122202
3022113013
1323110322
0122200311
1223200011
2303221331
1012311130
0100110121
3032323003
3303322003
3332200312
2113133021
0221000132
1012112000
1120112020
2112110020
2211010120
2121110012
2111001230
2111311021
3211110130
2131110131
2123222011
2322202101
3122220211
3113232310
0013302331
2123012122
2221103113
1222311011
0111333211
1132022103
0301332032
0300332102
0302103312
2200131322
2200132000
2212103121
1112310121
1003133333
0013133331
0001111000
0203333233
2003333232
2110103020
2111003021
0021000301
1120133300
0003331211
0203330111
0333010211
2000331303
0233310010
2120132120
3213331212
2113302021
2330213233
3113330030
1010220003
1100220002
0010333203
2203331210
0221310323
2021310322
2011033222
3020302010
3110100223
0232221203
0030132313
2113012230
2112012300
2323323220
2332322300
3223323223
0003302212
2122220330
1330110121
0102120010
1201313311
1203313101
1320331130
0331002322
1011311210
2111110300
3121111000
3030110002
3300110001
0231112203
1231122003
3000222103
0300222101
0303310220
1103303322
0103333122
1320220000
0023332302
2300233332
3220330313
3313122332
0303213033
2003012231
3030300322
2130330000
3022321331
1202323310
1121311020
1111103203
3320303232
0301330223
0001332323
0003313213
2232131220
1011303133
3211131210
2111332110
1030110230
1032110020
0002222000
2211311330
2121230122
3221023310
3223023100
0303031223
1321100000
1330332331
1320333321
0111330133
2221100231
2202211002
0311120020
1122031230
1221113332
1322311133
2210200330
1212200233
0113001212
2333220110
3233022110
3303221210
3302232130
1330100013
0330100132
3130100012
2110303232
1103000323
3113000032
3110300031
3111330220
1101332320
1103313210
1123303113
2112103230
2112210303
1120212303
3230131111
2122200123
3221333101
3223313102
3221313312
2231331312
1030333113
3223331100
2130132003
3100131112
1132311223
0033112220
2300030202
0320003202
0203121302
3303111212
3032110212
3220000311
2230003031
2233000033
3023310013
2330131112
2331301111
2113220112
1122321021
3002313030
1120101230
1122101020
0202111113
2230331222
3313012122
3130321120
3132031121
2220322111
2010011310
1223311121
2313111210
3231112110
1013000322
3103001022
3300212133
3031330133
3301303133
3130301333
3100133303
2131213130
1103331212
1320302133
2111331232
2211331123
1030103020
0110033002
1103030002
0110330003
0113030000
2303031011
2003033111
0223331213
0223313211
1222122200
2212221200
3331232102
1333312202
2022321210
2001331233
2201330133
2121330013
0221331003
2210331013
2120331010
2200331130
2003112300
2303303202
2333320021
3332030221
1333310013
0312313111
2023300000
2330002020
0323000200
3212233002
0312232300
3223230102
2223031302
2002112230
0022121230
1200111222
3110221220
1323311003
0123313100
0123133101
0121333103
1331310203
1310321310
0030323100
3113111102
1010001131
1110001013
3133302331
0022331110
3110211101
1001101013
1000101123
0031332031
2230330311
2320330310
3220220310
3223220030
1112221202
3311213013
2013232313
2301232331
1121331233
0100103331
1003010333
0311020111
1013220323
3310322200
3100011230
1331302120
1101311211
3300303003
3330300033
3303003000
3030330003
3033030000
0333030002
0002112002
0021100230
2003221020
2000221300
2001302230
0310022230
0010131200
3103331020
1033310302
0310333112
3231020111
1220332330
3001302311
3320012110
3220011310
0021221233
2001212233
2023220322
2203202322
2320203222
1013233133
1012333132
1011233323
0111323323
0031113103
3032333131
0332333133
2033331331
0101001121
1200200100
0202022021
0002220211
0233220200
2303202200
3130322202
3213322002
3133323011
1000331010
3131331122
3311313122
0032200310
0300322030
2231132222
2321132223
2321231222
0310033231
0102033331
0100233333
3103031303
0313310303
0021211112
2001211111
3320002022
1213303110
1331130202
0231331120
3021122121
0020033232
0220030323
2020030322
1113232122
2200322320
2230322032
2003323300
2232211310
1133012312
0113331210
2110332020
1011133000
2321303223
3213320213
0122311221
0123121222
1222110330
2202113130
2201121320
3003033030
0033033031
0030303313
0033303033
1333122331
1312233312
0233323013
3220222101
3323322232
2233233222
2333322230
0031131101
3031111001
1323330323
2133330320
0201310112
0001311212
0002311132
0101333332
0033013222
2303322122
2332321022
3322132022
3000012030
0020010303
3002000103
0300201030
0302001032
1220323331
1223203333
2133323130
0000331131
0123331102
2313311002
3333302102
3313233010
1013221210
1012232130
2233120311
2220131113
0021133233
3313330203
3321303302
3021103201
1321310320
1131303220
1311033220
0222111322
3133330201
3133033200
3231330300
0120111223
0000303001
0030300031
0033000032
2213330200
2220133302
1122313111
1121233113
2203113000
2303110200
0001110133
0101011013
1133013221
1333012121
0033220033
2232212032
3222212030
0203332300
3200333200
2023033320
0223033321
0233332012
2023330321
0323303201
2303330201
2303033200
3111212313
0020132230
0023012232
0201220302
3312323123
2231101221
1003232123
2003330110
3032113130
3031121320
1003233010
3003230100
1323302213
3233123112
0000332213
0002023321
0002303211
1100131320
1103103130
1010133130
0113310130
3112330100
1133023100
1131023310
1103132322
0003333000
3103323303
1133213033
2233012310
2022101211
1000213123
1100023132
1223302331
2201012212
2200112213
2201202132
0031302310
0230302013
3020023013
1330101120
1123302020
0112233000
1102233002
1223300120
2023012000
2011101223
1021110223
2220110233
2223111020
0030113033
0331213131
0333302211
1120331303
3313323013
1333323010
0312330020
2120302013
2200201320
2210023013
2230201032
2320201033
2220103023
3220101313
0300020102
0103330200
3220121100
2322101100
2331233110
1310011312
0300330313
1322212320
0223330320
3023330200
0323330202
3210011002
2132321211
1332322013
0311100233
3112100033
1110020333
1100320133
1010023133
0112330213
2011330223
3332120222
3332012223
1133122102
1131122312
1312121312
0033323220
3003233222
2232321100
0310300111
3103232233
3102232303
3210223320
2133122211
1033323301
3232321021
1102330211
1001213013
0012113012
3001332030
0033213030
3000332100
3002103310
0203000113
3200001013
0302000101
2000111302
0200111303
2123311123
2111233112
3031331000
3333100101
3310331010
3110330310
0311303303
1130333031
0232333011
3203233011
2303323011
3332323312
3331221312
3333221102
0312112230
2003331023
0203331022
0231131332
3032311133
2033111330
1330330120
1331330010
1133030310
1313330031
1333003120
2300323331
3111300101
1001011010
1222321330
1322213213
3232212113
3221221313
3223221103
3222121310
1323222131
2322120220
3222201220
3212202210
3222221033
0333011322
3102121230
3230113113
1012033211
2111232021
1030010301
0130100301
3101000301
0233122332
0231232333
1332321331
0112323003
2212031120
3311230122
2230002102
1310132312
1033221021
2231033220
3223310220
0032101100
1201012101
0121120101
0101213010
0011321010
0021310110
0101321011
2102122033
0121222033
0221220133
0101122121
0202321020
0032120220
0202132022
0022132020
0221112320
1132313032
3113312032
2232112311
0203232231
1223122330
0123323221
2020332210
0333110320
3330333030
3033303320
0200001300
0123232311
1203230101
3211311211
1012313321
1202113223
1100211210
0101332201
0121330221
2300330121
2303310012
1201131101
0330220002
3302020001
0330022001
1312111033
1211101303
2311110133
2201100000
2021100002
3003322312
0300212220
3001202220
3002201222
0300122222
2203311003
3213222133
2123221333
1032201302
2132000212
2111012020
1111200202
1011213130
2203122212
2201222321
2202122322
1103323131
1132310310
0113233130
0111233320
1131233030
1132330103
3302321211
2323322313
3323232231
1202023033
1002022333
2301222203
0011330011
1322100320
3021233203
3022233123
0221233323
3022312332
0223233133
2113322232
0123110030
2232220102
0103221330
3300213000
1120303233
1322220210
3212220212
1033303112
3013330112
2111302231
1012103001
1002103122
3111213220
1000303120
0223110321
0232110332
3022110331
2332220020
3322020230
0203110110
0020113110
1313223310
0121303222
1023031222
0331220132
1033220112
3102322300
1233223003
2132233003
1323232003
3122332003
0312322303
0313222302
3313300122
3130303122
1330303123
1310303312
3133100332
2220101232
2221012023
2222101022
0021103112
0201110300
3233300231
0001103323
3132101331
1321130321
2110213231
1003121010
0312101020
2122103122
3221302313
2001020111
0301221313
0303221103
0313220113
3130302011
3310302013
3300302130
3230103021
3330100221
3111302310
0311310113
1031301113
3031011130
0331011132
3101110302
3101011300
3100311113
3110302220
3110203222
2332310230
2332210301
2211012331
2121210331
2210211331
0300302223
3002030222
2000101230
1311302311
3210101001
1311121032
1312030222
1011302000
0221302000
0121121032
0122030222
0333001210
0110302133
2220012113
0301020032
0001020323
3000021033
3330101312
3310101123
3311101013
1331100123
3130101121
2121213013
3221012102
2223012233
3211011132
3101101303
3111130032
1113010332
3000101311
3133012120
3330112102
2321101220
3330211103
2020101001
2021001000
0221001001
2130110001
2131010000
2111000303
2211011013
0312212113
3311011010
1033110110
3100100300
1321010003
3031211322
0232213333
1220101121
1221101011
1200211101
2011011220
1220110120
0122101101
2210110121
2223300233
2202323003
1130101313
0010302011
0000310211
2000103021
1110101122
1111101012
1120030113
1100013213
1100302131
0110031213
1030101231
1032101021
1003211012
0100321121
3112311220
0313313021
0232101333
2031012333
1103012000
0220110001
0221010000
2001001231
2020010131
1200012031
2020300320
0333012000
1203300311
3332232222
2233033030
3022330330
0100101120
0101101010
2213033201
3030010133
0231012332
1130211102
2230010221
0031012101
0101110011
0011010121
2133033321
1233303321
0000101002
0010100012
0011000013
3331100311
3303131001
3300300321
0333003001
3033003003
3330000310
0333300000
2131101130
2111113022
2311101132
3230300111
3301300211
0032003220
3221300102
2001012021
0201120021
0301213223
3211300210
1331012331
0231213013
3131100122
3101100230
3100112023
3100211022
3032023320
3002332310
0233233010
3020332331
3202333010
0311002113
2010201030
3001300100
1320012322
2331300022
0233300122
2120323333
0011213011
0000203130
1100002212
1010002213
3233000112
2301000013
2300100012
0102002123
0010213121
1222101331
2321300101
2323330030
1000202122
2121300332
1233012003
2332211232
3321212232
3211223210
2131232210
2023001210
2020100132
3312233120
3311233200
2231011222
3112200310
0313202111
3012023111
3102200233
2003001021
1330302010
0002221322
3301012211
3001221311
3002211310
3301022130
2201213133
1313001100
1201300101
1120300111
1121100233
1210101233
2120101123
1211200113
2110101231
1310030032
0110030320
0311000302
0000301210
2133233133
1311011222
3311003333
0012212202
2110033230
1010300321
1221211200
1212212110
2112212112
3132232011
3312232013
3312032201
3321232021
2332231021
3322032113
3222031313
1110211333
0233001332
0221300211
2013330033
0302220100
0121300100
0120100222
0033001101
3320031021
0021300022
0020100300
0031200030
0003012003
1112200122
1101212002
0013001330
0011100122
1001100120
0010300200
0023100020
0002031002
2120010013
0220010130
0122000103
3302031000
0220211211
3000030032
0030030033
3000000313
1000010013
0010010011
1000000121
0000010132
3332103313
1222333013
3321233112
1200212223
2300011122
0331212002
3301233323
3302333132
1103031131
1100331132
1103101321
3302023323
3300223321
3302303213
1130011310
1130301101
1313010101
1131013031
3323003231
2130300321
2220030111
2020031211
2021200321
2020103210
2210302010
2200130211
2200021321
2200103212
0220012321
3313223122
3112233313
1220100012
1221000013
2201000131
2201010003
0220011003
3101233110
3023311120
2020011002
2200011000
3001233032
3002310312
3001230310
3002133031
2331333021
2322233313
3223232313
1221230120
1221130203
0122031311
2321023313
2320213310
2301233202
2302233122
2021233322
1022333220
0223312322
3323121302
3312313202
3132331202
3133321200
1332133200
3231123302
1123132113
2222331111
3310213123
3032220210
3213003001
1013100213
1010302130
1130201030
2112233232
2123122332
1030011232
2203303320
0323033203
2022023322
1133201310
1133320101
2020330001
2200330003
2200003323
2020003321
1330333202
1222233122
1221233202
1222332120
2122331200
1200033311
0112211002
1012211001
1120211021
2232232221
0033300311
3003300310
1133033032
0111211322
3322031231
1123033111
3222003223
3232002233
2322002313
3020022120
3021000012
3000001220
3200010012
3031000131
1200020101
0210002101
0111220130
3232001111
0230011120
3222122032
2332121230
2320022310
2302212202
0031303223
3003013223
2302121122
2301121202
2130112210
0031212313
3321011302
2213003120
3312202332
0020011230
0200211020
0013321200
2212313201
2123312201
2231232101
2321223101
2322213100
3221322100
1321322210
3131023122
0332031001
1212112233
1122121233
2213122331
1113323012
3113320102
3312321332
3030023130
2203323133
2233123033
3303122211
3032211002
0332211000
0032213100
0100213120
2331122232
3121222320
1312223220
0302120223
0002122323
0003122213
1330002333
0023201230
0020212300
1113122333
3220211102
1322211002
2020012320
3112111032
2012311223
1002100200
2201302003
3301101130
0131011301
1301113021
3000020100
2320211101
2132211001
1212023110
1123022110
2112230110
1102321210
1202321101
2232110100
0122321100
1012321211
1112322011
1120322113
2112320113
1122023113
2122031123
1203121223
1032121232
1220123123
0112230322
1102023322
1002332122
1003322120
1102033210
1203012311
1320130211
0332101211
0233211012
1121012021
1313200221
3001022221
2132111322
3132121122
1313121222
1133211222
1131312221
1312113222
2331220300
3322012300
3323012230
1102222003
1012222002
3301220133
0030222102
3111220223
0311113023
1200001221
2120001012
2121000011
2233200221
1001001122
0201113022
0122110100
1202101100
0022110022
2131220133
2211302120
2211130202
2221101302
2221011301
2321012101
1032003301
1332003010
3332000100
2330202232
2332202022
2300322202
1012220213
0330003321
3310030200
3231000302
1321011130
0221212003
3301221000
3101220300
1210011230
3110212223
3112102222
0032211311
2010202312
2013202032
0200132232
1130100220
3111121033
1111021330
3210213001
0013221331
0122133031
1223012120
1223201122
1220113202
1222113012
0300100220
0203001020
0013000203
3102120303
2002321021
0023221023
1123233303
0030100223
1131232103
1312231103
1123121303
1213112303
2232121312
2230213311
3330012033
3033200133
0022003303
0232003013
3322003301
0020012112
0000012323
0002003132
2123201120
2120113200
2122113010
2221013110
2221310111
2221031112
1030002022
2322201223
0332002002
3032002000
3030202002
0012031121
2211023123
3310222331
1111230123
3221000221
2321000222
3022000332
2200030320
1322201130
1212201300
2132120130
2212101330
2122011330
1312122030
1212120303
1122201303
2023121132
1011122001
2110321230
0012030012
3020003200
3022003010
0232030010
0222322133
1032233232
3333202033
3330202313
3332023031
2300003201
2300203013
1133001102
2232200311
2320202311
3230202231
2322300221
3220202312
2323300311
1133330033
0012233122
1031233112
3310011120
1211023230
1110223203
0010031331
3230213230
2122232013
0102233123
0101233203
2003201233
3020222332
0221230001
2210230011
2230200101
1222300010
2021302001
0220213000
2221300023
2020213001
0203230020
1210100300
0122212032
0212202103
2213202201
3313001332
1120003110
0030210032
1130003033
0102121123
3022202331
2032220331
2212322013
2202322130
2201322210
1013200130
3220001222
0333200131
1332031120
1331031200
0232232013
0203010021
0003010212
2000013022
0020013021
0222233003
2022233002
2223302022
3021313121
3102313112
1322120133
1222011332
2302100202
2230100222
3100010303
0130001303
0313233303
1030003111
3010030111
3312003013
3110002103
2011122312
0111222321
0113122212
2011231221
0112231211
3110321311
0330011002
1030300110
2233002222
3332201221
2333122022
3231332111
1033000113
0133000110
3130001010
3233201233
3203332013
2110133301
3211133001
1113303201
1113033203
1213031303
1011000132
1122100113
1112003012
2220202233
2222202023
3321300020
3230031020
0230303120
0231303010
1112201011
0013002012
1113201121
1110113201
1112113011
1121301112
0020002020
2000200020
0200200021
2333200303
3320203303
3232030303
3323032023
0000202003
3003012310
1200300031
2100030031
2300033120
0113012002
3232313111
3322133111
3323231113
2133120000
1330120200
1102201132
2130023133
0312023113
2210222332
3300103211
3030301211
2002211231
0222003130
0223012001
0332120131
3032120133
3022011333
2020002212
2220002021
0301023310
3110003030
3031100000
0131000300
0203003231
3310202122
2200031213
3320000233
2023000323
0022020232
0020220230
1121213300
1211132300
2113211300
3213211130
0221020321
0220031210
1322022213
2312202213
3232220023
3222002310
0000023131
0003001213
3000202310
1330202121
3030001132
3300001131
1320202002
1322002000
3223201310
3223320101
1331002203
2302333013
3032330213
0302323313
3030022003
3300022000
2121002200
3220201030
3222001032
1013201003
1010132003
0110132000
2113000113
1213000111
3021002203
3221002030
2221000300
1310001220
0031000222
0200310022
0020103022
0001200322
2110000233
1120002023
1122000022
0011223330
2210221010
3310020332
1132201220
3332202103
3332022102
3132023202
2202333131
0010001010
1000100010
0100100013
2210202121
0202230110
2000020021
0020020022
2000000232
0000020213
1213232233
2121232333
2211322333
2212123332
0120033310
2333132110
2133321321
1313323221
1332332121
1333232120
1331332201
2131333212
3100001302
3100130021
0023202112
2002032112
1123001021
1133233220
1102202210
0212022102
2102221032
2222201301
2232122030
2203132320
2303132202
0233132200
2023132322
2223133022
2230133221
3223130221
2233031221
3233012231
2330231231
0010200331
0301000221
0130002021
2203333001
2023333003
3031002320
1330000122
3310001012
3311000011
2131000132
1230010132
3103202112
3300331133
0002200002
2230012030
1130213313
1131302313
1030001300
0113000321
0313001021
0200000233
0020000231
2330201110
2330021111
2330001302
2331001232
2131002323
2112003301
3331022222
3330212221
3100003113
1310003031
3131000013
3301001001
0033010100
3032200003
3302200000
1333001331
1313003311
3133003121
3211132132
3212111323
1012200000
1220001010
0212000100
3132202330
2120200333
2020203133
2203200133
2110200021
1210200023
1212000021
1102002002
0011020200
2230001220
1130202312
1133202032
1321000131
3313201120
3130131200
3320332020
3220300032
2320300031
3330201031
1333002013
2231002032
1310010221
0220202001
2022200001
0113201000
2300222333
2210000122
1020001223
3303133210
3301323320
0011002202
0121002032
2331023230
2330221303
2333221023
2331302233
1132003223
1332002123
2010001222
1020010222
3103200303
3310200333
0013202200
3032000211
2302003011
1332201013
0113202322
0311322023
1320200213
3320333113
1122001111
3222230032
2023201002
0201002112
3322022021
0221002323
3213000323
2113201232
0302211312
3131012330
3301213130
3031213133
3331211033
3310211332
1331210332
1311023312
3311012332
3110312312
3312011330
1331120330
3300133130
3310133013
0102030013
0010320013
0002030131
1000320011
1213202112
2132210132
1332023203
3102000021
3100200023
1300020023
3232100113
0103031010
1003031013
0103310013
2302023202
0232230202
2011000221
3330010222
3030012322
3032300132
3030201320
3320103020
3300210322
3300032132
3300201323
0330023132
0031213220
1110202123
1202202101
1222210013
2221020113
3210100132
1033001020
3231333022
1233330322
3133303202
0110022003
2010100220
0211000220
1210002020
0313010020
3112002313
3212003131
1012000212
1333201123
2230202310
2233202030
1310100222
1102100322
1010102322
2301211200
0231211202
0232111201
3122112002
1321122002
3212121002
2311221002
1210202232
1222100202
2210102202
2121020202
2212021012
1332103121
3031302003
0231220010
3031233320
3033233130
0302003223
2200202002
2220200022
2202002000
2020220002
3130033120
2010002100
3210201322
2111002112
2121001122
1211001232
3321001230
2300002332
2323000032
2203003003
0022030300
3230002023
0112321212
0201233112
0301233030
0023310300
0302330103
3130300200
3132100202
0312121233
0220033001
3020200330
0322000330
3230020021
0330020210
0233000201
3130222333
0132223303
2200223322
1112321333
1113221332
1330132123
1130133223
1313130223
1133031223
1321213133
2121131332
2113113232
2111313230
2112113302
2011213223
2023221211
0112220210
2012220100
0212220101
2201023000
3313031013
2231213221
3020132123
2311023001
0112031003
2003122021
2001230231
2003120230
2001322023
3102321022
0232103122
2302310122
1012031000
3320132232
3323201232
2221302232
2220221302
2223221022
2232102223
3321101301
2230221221
3330332103
3331332033
3313203331
0032201223
0301220220
0030221220
1001220010
0312321021
2012120223
3233121303
2002202021
2120020332
1132323313
1322331320
2132133320
3212313320
1232333130
2123331330
1013122211
1301222110
3212120131
3112122031
2232023032
3331222030
0000302132
0000102320
0000221132
0001012213
0001202133
2301213011
1201230311
0121302311
0102221200
2100222100
1012022210
0112022213
0122221031
1202220103
1202022100
0221022130
3131223330
1331232330
3313212330
1002221203
1132202102
1130221223
1310221221
2220001303
2123200013
2213200010
2120023010
0120202310
0123202030
0021003023
3101213303
0311213300
0302221033
3312213333
3132213331
3132312333
2010321312
3122313323
1331322333
0313112300
3111323030
3102113300
1231133002
3211331002
2113313020
1211033302
1213133023
2103133102
3011312300
0131231300
1301123300
0200301023
2001030023
0212203030
1022032030
2102320030
1220203013
1020202313
2112201302
2110221301
2130221130
3210221131
0212211313
3102221113
0221132133
2211132013
2213011203
0221312132
0221211321
1032212112
0121213221
0112322130
2101123220
0211231220
1021312220
2113122020
2111230230
1213212020
0113212210
2011132220
1201213220
2201211322
0122131220
1121232020
1112203200
1022113221
1021213222
0211132221
1210232113
0212321103
2102212031
0201221231
0221202131
0222011213
0220212133
2022102133
2021202130
2202201130
2012221033
2021102213
2020212132
2021201212
2202101213
2202021131
2120221013
2210220123
1220221011
2122210011
2221002111
2220102110
1222200121
2222010112
2123013011
2233010101
3022320202
3122201131
1322021131
1322101213
1231220131
1202201223
1220212012
1003123201
0033122101
0100221010
1000221013
0002021130
0032102222
2320212223
3220212220
2032122203
2322210222
3222021221
2321022220
1230222210
3221202222
3230231232
2330321232
2301322332
1123100023
1110300203
1213100020
3231021022
3311020202
2312322131
3122321213
1223221331
1033130303
3202112122
1121312302
2113112301
1123211301
1211231301
3112112310
3112231102
2311123130
3121231130
1213121300
2113121302
1213211302
1322131132
1213131232
1111323202
0220330000
2230300030
0223003000
0200230300
0020233020
0200332020
0003032210
2000332021
0023002300
2300230010
0023020302
0023032021
0202330021
0033022030
0202030302
2023030002
2023003001
2300302011
0230320011
3022300011
2000230301
3202030011
2030302012
3200030201
0020203301
0020303230
0020330233
0003230213
0200302301
2003300231
2002030303
0200320303
0200033230
2000302300
0203320023
0032030223
2003320022
0203030232
0200233022
0230002330
2000032302
2000233023
2003002303
0302310310
3023031010
3033100210
3303010210
2303103010
1030230300
0032313031
0032331033
3003123033
2012321102
0211232102
1212321022
1123221020
1122102302
3131300330
3310310330
3100313302
3110333032
3310103332
3130103330
1310333033
3013103303
1300313303
0303133103
0031133310
3101333021
0133331021
3011333020
0313133020
1031303302
0313331023
3031313002
0303313102
0301333101
1031330301
3131303012
3311033012
0331331002
3003313100
3001313310
3103310300
1031033300
3130313010
3031303130
0133031302
1303313023
1301303301
0131330302
1300133302
1330130332
2221021020
2211020201
2021120211
2202121000
2212120010
2212012011
2210012201
1212202022
2120202122
0112202212
0122201222
2122001202
1220202120
1220102203
2121200203
2120122012
2120201200
2120210201
0123122100
0212123100
2031121201
0321212121
3202121121
3021221120
3212112001
0321211203
1301012023
0110120323
0130101232
3110102032
3012101022
3103100020
0310031020
0100022120
1000201200
1000021201
1200010220
0223022320
0220323210
2022230320
2032022332
0232202332
2202023320
2202303210
0322202333
3230220233
2322023033
3022023203
3222302033
0320223203
2032230203
2320232030
2023202320
0322023201
2032232012
0232223012
0023322230
0202322302
2302230200
3023022200
2232320033
2320322033
2320223031
2230203223
2323002223
3010000230
1302000020
0320000120
2031000010
0330210323
3301002323
3123202323
2132023323
1320323213
1322302323
3122230323
2310223323
3111203312
3130112331
3101231301
0021020112
0100210202
0102210012
1002210011
3312120013
3302121003
3131220012
3132120011
3322010111
3320201112
2330012112
2131300211
2331002110
3321020110
3312210011
0032221030
0222103001
2202103002
0013222013
0012302201
0120220312
0102023203
0012032203
0122032033
0123220032
2001220303
2012032031
2012200313
2023200131
2022013003
0223201003
0231200203
2231200031
2220100301
2321200030
1202320032
2022030132
0220032132
0220210322
2201020322
2010032221
2320021032
2312000210
3220002100
2202100320
3220100220
3210022001
2031002201
0322100201
3021020201
2302120011
2301220012
0230012202
0232002120
2300212012
2300202120
2000212303
0230220120
2300210203
2320010220
2302210013
0231022013
0023022113
2002023113
0002321213
0002132211
1202020311
2100220311
0202203113
2030021200
0320102200
3200210200
2032102010
0203202110
0023220110
1002320201
1002232013
0102232010
0122302031
0222300131
1020322031
0213220031
1022200312
1032200231
2102002311
0120022311
1302002231
0210022312
2013200223
2201200323
3222010033
2322100033
2210020331
2200320131
2120203011
2001203232
2020201322
2202300132
2020023132
2000312232
2003021232
0200213231
2122300012
1220023012
3012200232
1302202023
0013220202
0103222012
0103220203
1032022021
0321022012
3020102202
0322010202
2031200202
3200120202
2203012002
3012020233
0102022330
1032002232
0213200222
1022003222
1000322200
1032202020
1030202230
2010302223
2013020222
0123002222
1300022232
0100222332
3100202232
3102022023
3020212013
1030220232
0213022032
0201023232
2020210323
2100232032
1022302032
0021023230
0021302233
0020213233
0220201323
0232200123
0202301233
2002310233
0220023133
0223100213
0220302130
2203010213
2020013213
2020302131
2203100210
2022031001
2223100021
0223210002
0231020202
0232012012
0230202122
0302102221
1230200212
0220231002
0222013002
0221032002
2210203012
2220013020
2230021033
0203210233
0201203233
0200312233
2001023233
2012302033
0120032223
1202030223
1022300223
0213020223
2100230223
1000232203
1200302220
1200203222
1203002223
1300220231
0102202331
2102023031
1202003220
1020320220
0210032220
2100203220
0100232200
0130222020
3102220020
3022120010
0322210010
0032202101
3202021010
3120033003
2113320023
2233013223
2333012232
2323013222
2231303222
3221033222
2331202302
2331232023
2303312203
2323310223
2323123032
2323023103
2322331033
2302123333
2023123323
2023233132
2230233102
0212323312
2031232332
3300230131
1330230011
3133200011
3320030112
3300130212
3230130022
0112020002
1102020000
2103202033
0212020313
0321020203
0331010001
3301010000
0310100303
3030101003
1310312313
3110132313
1311203313
1320133133
3113201313
1313201312
1320131322
3133201122
1330231122
1333102122
1332130122
1331203122
1133103222
1310331222
0232331200
0323123200
3203312200
2033231200
2333212020
2301332200
2133223001
1332232010
1233322001
2133022320
2130323210
1323023210
1232023321
2310233211
2231302311
3122303211
1233023211
1323032211
3233202111
2332203111
1322320321
3132220332
2130223321
3012233231
3321302231
3320221301
2132303213
2133202321
2133032212
1233302212
2312330212
3123230213
2123323013
0223323130
3133022201
3132322012
1302322301
2230332100
2231332030
0322313203
2323132033
3023132203
3223120313
2231032313
2230123313
2320132313
3320213231
2331203231
2323201313
2233021313
2233203103
1223332010
1233032210
3123320210
2313203210
3123220321
1230322321
3122320320
2323103221
3210332210
3220332102
1320332212
3223302103
0323322121
1203332221
0332213211
3201322331
0313223231
0322132331
2033212331
0232312331
2322313031
3221230312
0222313321
3213023212
3212023322
3210232321
2332103232
3232103231
2322103311
3221320311
3222013311
3220231311
3223231031
3222331030
2231230310
2213230331
3222133033
2232130313
3022132333
0213223313
3013223233
2302332120
3022323120
0232313202
3023123202
3233122021
3021332201
2301323201
3022332121
0322233121
0321233201
2032331201
3231230231
3232012301
3320321230
3232021302
3322312023
3232312022
3232130232
3321320233
3322013233
3323021233
3320312233
2033122333
0312233233
3201223333
3212032323
3231032232
3213220322
2132032322
1323202322
3122302322
1233022322
2310232322
3120323212
3032321212
2302323121
3202323122
0323232122
2103232312
0232323123
3203223123
3023322123
3032213213
3032223132
3033222131
1033232231
0133322231
1032232301
1033222303
3132223010
0133222300
0332231213
0332322132
0232321332
2013323223
2022313320
2032123330
0322312330
0221323320
3022213330
3302322133
3301322213
2302321330
2232313030
2223013300
2322133030
0231322330
2033221332
0322213332
2032321333
0213323222
2103332223
2322122031
0322212201
3022122201
0222210132
2331332112
3123133212
1233132321
1203033031
1200303313
2100033313
0200333113
0231003333
3021003330
3020310333
3302003130
3032030130
3130320013
2122321332
1222132332
1213223232
1212232303
1122323230
1123222302
2112332230
0002231210
0002212321
0022231021
0022102301
1213122022
1201123222
1012312212
1012122321
1123122021
1120122301
0131212231
1023121221
2120312121
1300011231
3201001123
1032100112
0310011233
1001012332
0001213132
0011201332
0001321133
0101210332
1301001233
3021100123
3011100231
0132110023
1300211023
3102101023
3010110233
3021001121
0132100111
0130012113
3100120113
3012001113
3102001112
3000121102
3020111012
3001101221
3201100121
0311001231
3112001031
0312110021
0031021102
0311021022
1003110202
1011032002
0112103002
0123100102
1031021023
1012100323
1031100232
0301012102
0310110231
0031201103
0032111032
0021113020
0111302003
1101302001
0311201023
0301121030
3001121032
3001210103
0012110330
0102101330
1112300013
1011023003
1102300130
0110201320
1102030132
1010201323
1010032132
0100132123
1000132120
0112300132
0110012322
1001230122
1120013022
1010130212
0013012120
0013201122
0010132122
0101203122
0010113202
0103012121
0110130211
0110021321
0110103212
1011020321
3101021021
1300121021
3011201021
0132011021
1003012122
1031201022
0103102122
0100231122
0102130122
1010012321
1012300131
1101200321
1010103211
1312010031
1201001311
2310100131
0211001313
2010101313
0201013113
1003102121
1103100212
2111030022
1211300022
1130010223
1100210323
1310102033
1000231121
1002013121
0112130001
0123010101
0121010311
0120031101
1203110031
1201310033
2013010103
0121001310
1200131031
1200101310
1200130102
1210030110
0210301100
1203010100
1200311030
1203100103
2311001003
1210010303
2100131033
0121013033
0120130103
0120110310
0123011032
1201130032
3120101002
1231010002
0011013203
0011230120
0101230121
0102310123
0101023123
0012013123
2031101012
0032110101
0302111031
0302110102
1030210113
1103010211
1210013021
1231000130
2110001300
1020013100
2100130100
1301020113
3021011013
2030101122
3201010122
3011002111
3100201110
3100021111
3000211100
3021101010
3020101120
1030201112
1032010111
0132010112
1301200112
3010120112
0310102112
0310012111
0320011121
2300101121
2301011012
3101002110
3010210110
0130021110
1013010210
1300102110
1103001210
0301021101
2100011311
1101203003
1100312003
1102301003
1102103000
1221020200
2212010200
1221200201
1220122010
1222001200
3030323213
3032302323
3303202321
3303032212
3032033212
3032320321
3033023210
3302330210
2330023300
3033320211
3023033201
0330323211
0333022321
0330233212
0323323012
3033230212
2330332022
0333032213
0332320323
1332021012
1330210202
3002302031
3000220312
0003220321
0000323212
0002302322
3000023222
0030032222
0030302220
0303020222
0300023220
3002300220
0300032221
3002003221
3003220032
0032032032
0003232002
0023230022
0023302023
0030230221
0302020312
0302320031
0030223031
0303022033
3002032033
3020032012
2302030012
0233020012
0322003012
2033200012
0010102203
0010202120
1001020202
0010220122
0002120132
0100220123
1002120013
0022010113
0101220013
0012021013
0012010201
0010122010
0022011020
0001210210
0012001200
0100120200
1012002003
1000120203
1200201033
0120210033
2011200033
2101020033
1020201031
2100020103
1200120030
2002100113
0200102113
0000211213
2000211021
0021102021
0202101021
0002121001
0012120011
0012201012
0201021023
0201100232
0020112023
2001201023
0221200320
3211211320
1321132130
1312211310
1313221101
1132312101
1131212310
1311221311
3122033213
2310332213
1203322313
2022300130
2012023030
0201230230
0202231023
0203120231
0202031231
0022301231
0020123231
0023102231
0021320231
3020120200
3212002002
1230022002
2322000102
3122200002
3203031012
0203303112
2100330312
2301003331
2000313301
2010333031
2103300313
0231330013
0023013301
0233013011
3002330101
3033021001
0331302001
0310230301
3330200102
3130230010
3312300012
3023013012
3023300121
3031300212
0203031301
0230330123
0023103302
0021333021
0013332010
0333201002
3303201003
3331200032
3301200320
3033012002
3301020321
3030103212
3030021321
3000321310
0300321312
0330103210
0331200321
0330031211
3003120311
3030320131
0032031310
0032103311
0030321311
0303102311
0301320311
0302013311
0300231311
3020313011
0030332101
0302031313
0330320133
3302030133
3020013332
3203010332
0330013213
0330302131
3033010213
2303013013
0313300231
3200313013
0321033013
2033103013
3030031213
3000231313
3030302133
3303100213
3231030023
2331003023
0233003123
2033300123
2013300312
0321330012
0323003122
1320300322
0133003232
1230300323
3103003233
1030303232
1023003312
3021300331
3003210313
3003320103
3001203313
0331320003
0312030303
0333102003
3330210030
0330231003
0332013003
3320013023
3301023003
3012300303
1323003003
3133000203
1233300003
0133020303
1300230303
1030203303
1033203023
0233103012
0203313020
2003313021
0333100212
2003130302
0031330220
0301303220
0203013303
1023303031
0021330303
0201333023
0201330301
2013033032
1020303311
2300103330
2300013333
2303001330
2030130330
3200301330
0320013330
2000133300
2013303030
2010303310
0321030331
3203100331
2030310331
0230301331
2033001333
2013003313
3200033123
0321300333
0320031332
3201003332
2300310332
3201303011
0213030311
2030303121
0323030121
0132030301
2012031313
2021033130
2010213313
2301102333
0120123313
0203123113
0203213111
0120213311
0210132311
0232311013
0233120123
0032321101
3100322110
3032201130
0312201303
3112203032
0231031203
0232031123
3200321123
0312032112
0123201312
0213201311
3102320111
3020321121
3032011210
3023012121
0230231121
0232130121
0231312011
0301231221
0301321222
0320213122
0230321122
0313122021
0311230231
0013132202
1200133220
1013302210
0123302101
1223301013
0312012301
0313012231
1300132231
0123013223
0231302123
0130213232
3102103232
3321021023
2331010233
2301012330
3321100232
3110023223
1130302223
1133020222
1213230022
1213302023
2330211022
2330112023
2300113202
2302113012
0230213123
3021230121
3102231021
0122301313
0223011323
0223130132
0220131321
2201013321
2230113032
1302230113
3010223113
3002312103
0022311303
0221130322
1123300231
1102323001
3212100322
3112003220
1132030220
1123320022
0011233202
2001231302
2030112332
3201120332
3121020323
3210102323
3100213233
3210023132
3213100212
1001322330
3110232030
0311302230
0310221300
1130322030
0313221020
0013223120
0302132100
3032121000
0312120300
3212103000
3210321000
3211320003
2110320303
3212013003
3210231003
3223010103
3220311033
3221003103
2230301103
2023031131
2020331132
2021031321
2230110310
2230031101
2231001310
2231031031
2300321120
0221033131
0013312203
0133120232
1303122023
3001312223
1001323203
1302231020
0321302122
1203130222
1030132232
1013022320
1031023232
0310312232
0311203232
0120132312
0112033212
0112320321
0113320211
1201332031
1200332101
1220331012
1220133011
2013120313
2301231013
2213300121
2201313002
2231310032
2323110031
2321310033
2211030333
2210103331
1220031331
2213013012
1223030122
2301302121
0320132121
1203031220
2130301212
2130012321
2300132122
3002131220
2130032132
2130201323
2330121020
0233201120
0230113200
0231130201
3320211020
0232113010
0201321300
2021313000
0231310200
0032112310
0032231102
3003212102
0322310121
3202311012
2003231112
2131302000
2130213000
2133210002
2131032002
2130123002
2112030302
2110233022
2113002302
3201123010
2313010212
1210203301
0110323213
0312103231
1103032213
1120332021
1120203302
1012023323
1010223321
1013023213
1120023303
1123003230
1200213310
2001323110
1200321311
1320031213
1321200323
3210013213
3210302131
2311030211
1230310211
3123100211
2103012313
1320021321
1320103212
3122010322
1231200322
2310120322
3201023121
1320203131
1203201313
0210321313
1232030131
1220313010
2210133010
0122103310
0120332100
0123320103
0121320313
0123231033
0121332030
0021331230
0103213200
1013232000
0123230100
1323201000
1320132000
1322130001
3220130101
3221013031
1323021001
1320312001
1331020201
1332012011
1330012201
2323010100
0021123301
2002131301
0211230313
2101233031
1002123331
2103312030
1123023023
1122030303
1312032033
1323200133
1223001330
2213010330
2231130033
1233020133
3120230133
2312300133
0113022323
1120330230
1212030300
1103230210
2110330231
0231102331
0132103233
0313210232
0312210302
0312123022
0102312332
0121233032
0122310312
0021213303
2300211330
2021103320
0231103202
0123023102
0121023312
2100213312
0330212132
0331022131
0331210213
3302021132
3310221013
3310102201
3031012212
3030112213
3031202132
3032101213
2303121012
3032210131
1303202113
1032203113
2303101201
2302311011
3021321011
3312002120
3312012012
3310012202
0332011212
3310220120
0332210133
0301212310
3021213010
0121230310
2123031013
2133100213
2130302130
1030321230
1302120302
1032103230
1032210303
1320213003
3012021300
1230213002
1302321023
3012310231
0312310233
3030212130
1330212013
1213002300
1210233020
1212300302
3212310002
2313120002
1213203021
1021303221
1013320212
1231302002
1321023000
0132210300
1210303230
1210323023
2123100330
0302312101
3022311010
2033121011
1030223110
3022031120
0132203110
0120321310
1302032110
3012320110
3021031200
3023120120
3020131201
0321310201
0321231010
0132312020
0102323120
1032321020
3012123020
0232310120
3231012021
3211200321
3210103210
0103123202
1033122020
3011232022
1012320322
2010331220
1033012230
1031202300
1023123030
1012210132
3233132113
2333213113
2321331313
1020000310
0213000030
1210131112
2110131110
1021311102
2113111023
2101131103
1211031113
1121310113
1111321013
1121031110
1123110111
1231011131
1211130111
1213011110
3120111130
2111013113
2113101111
1113112012
1131012102
1311201102
1120111302
1102111323
1111031202
0100203012
1003020012
1121200110
1211002110
2023100212
0323301010
2033013010
3203130010
3132323121
1332313201
3213321320
2133133210
3231133230
3232113303
3321231303
3321313230
3233113233
3311323203
3332132101
3132133201
3313231201
3211323321
0300011310
3000103100
3000013103
3003011032
3100030110
0300031103
3000031101
3001031031
3003010101
0300130101
0013010331
3001130033
0301130031
0030110311
0001310321
0300110312
3001310032
0011030332
0303110032
0031013032
0031030103
0031010310
0011033010
0030013102
0030311030
0300113030
0001013320
0001330132
0000131323
0001033133
1000031333
1000330123
1003103012
0010331012
0103300121
0103013012
0101303013
0013301013
0001313003
0031310033
0031103031
0003130130
0300310100
3031001002
3100103022
0310130022
1033100022
3000310102
1303010022
1300010302
0130103023
0301031033
1001300332
0100301332
2333231111
2313331211
0121232101
2011212310
2012312101
2122311013
2121231011
2211230121
2212310123
2121031203
2210213120
2121013201
2230230220
2323200220
3023202201
0232322010
2023232001
0223223001
2002232300
2002322303
0202232301
0203222303
0322223013
3023220203
2323202031
2230232031
0230232203
0323202203
2303222013
2330222021
2300232201
2230302221
2320302220
3230222022
2033222010
2032302202
3200232202
3220230222
3223002220
1333120120
1333110201
1332311010
3013231110
0133123110
1303312110
0331211320
0313132113
3011332113
0332131130
3132131010
3313121010
3331102100
3103132110
1033321110
1103133211
0312133110
1101323321
1013331213
1013321321
0133321113
3013132111
1210221303
1320221133
0132211233
1211302233
2121302123
2130212133
2213012121
2113210233
2112301233
2111032233
2110123233
2121120333
2212011333
1023311312
3222032031
3222200313
2222030301
0222230321
0220233213
2202203321
2200323213
2202302323
0220322323
2022320323
2023320213
2302220332
2322032032
2223200302
2223320020
2220320300
2020323211
2203320211
2023022321
0223202321
0223320212
2022303212
0222320322
0221322213
0222221320
2022221321
2022231213
2022132212
2202321212
2222302112
3202222120
0322221202
2103222220
2021321130
3232300301
2330203301
0310213230
3201021330
2011023310
0321102330
2031210330
2013023100
1203023103
1203312032
1032310232
3103221023
0310321231
3100221303
3110223031
3110322033
3101302233
0133012233
0101322333
3130102203
0233102121
2331102021
2103310221
1020331221
1032123023
0321213012
3201230123
0312301232
2301230120
2301013203
2013012312
0211302312
1032013233
1030231233
1003122332
1001232333
0012231333
1031032233
1033210233
2101332033
0213321033
2100332103
1202331033
1202313031
2012133033
1301230233
1312023032
1322300132
1320201320
3132001200
3130202120
3130212012
1310230220
3102012302
3101230232
3103122022
1032132022
0131223023
0313120230
2013132030
0203131230
0201231303
1022313033
3020112330
2011233030
2012310310
2010323103
1023230103
0213231030
2132031000
1323120003
3121230003
2323100103
2321031030
2320031100
1232103003
2020131320
2013201310
2013320101
2103132031
1023120312
0123120311
2102310311
2013021311
2011032311
2010123311
2002331113
0023123111
1021023311
0212331031
1022033103
2030131203
3220131032
0300021031
3002010031
3202113011
2031132011
0320113201
1311220222
1312012220
3112012221
0120200101
1010202001
0102020121
0100122011
1000122012
1002001202
3111312222
3111132223
2311112322
1311213221
3111321221
3132112121
3131121202
3311212120
1331221120
3312111201
2300022121
3120002211
2011210101
1102303212
1103022321
3110230221
1130203221
1221321010
1102213211
1102231213
1102322132
1103212212
1013222132
0113221213
0132122113
2031122123
0232112123
1032112231
2120321122
1202131221
2122013121
1212230112
1202231102
1223121012
1223101201
1220321120
1122203112
1212203111
1123202111
2110232111
1223102123
2210132123
1210321232
1212103232
1122013232
1120231232
1123102232
1230221132
3102211232
2102112312
0121212312
2012211312
2021132132
2021112321
2202131132
2022111323
0322211123
3022121123
3021121203
2302211120
2321112030
0322111200
0132212111
3012221112
0211221312
0122132102
0213221102
1022213102
2122131012
2121320121
2123021121
2132110211
1321021211
3212101211
1232101212
2131210212
2311022132
3210212132
3211102213
3211201212
3120112212
1231120212
2213210122
2211032122
2212013122
2210231122
1022311222
0231122122
2103112222
1302121231
0211212311
2102121311
1202121313
2012112313
2021231133
3120211213
2312110213
1211230232
1212012302
1221320123
1121320232
2111322022
1132120223
2112312023
1212310230
1212021301
2011321222
0132112232
1213221023
1202132103
2013221103
1201221310
1203221100
1322112003
3221121030
2312211003
1120221300
3112221030
2011221313
0211122313
0213122103
1021223103
2322011103
2321211031
0122123103
1213102231
1211320231
1221120331
1121230231
1212013231
1210231231
2201123131
0121123223
0212131223
1021321223
3102133113
2212323120
2213123202
2121332202
2123322120
2122332122
2132213210
1322322130
2221321303
3221232103
2321212313
3231212233
2231231223
3122122323
2311223213
3122232132
2312221322
2313221212
1232213212
1322123211
3212232131
3122212321
1321222321
2132123212
3211322212
3212322132
1231232212
3123122213
1233222130
2131322213
2321322103
2232123103
2321321221
2332122112
3221231221
3221321222
2311322211
3123212211
2233212102
3120331131
1233310131
2133103131
3213031131
1231303131
1323301131
1312301313
3210331132
1132103312
3132103120
1130332102
3112130312
3113021312
3133101201
3132311011
3103312111
3213101321
3211303132
3211013323
2311103323
1233110323
1231310321
3231131021
0331131210
2130131321
2312203320
1232032320
1323220320
1332032202
0113211132
0111113210
1011113213
1011123132
1101132132
1011321131
1101213131
1111201331
2101111310
1021113101
1302111110
1122011023
1212101023
1012121003
0112112003
0101121203
2012110102
0102111202
0211112032
1202111032
1120201113
1210201110
2120111011
1220111013
1021201101
2100121101
0101211201
0012211120
2110120111
2112001110
1212001112
1120210112
1022111030
0121211030
2012101103
1201211031
0121112031
0211012103
1021121031
1012101210
1210121020
1201120100
1001121200
1001211202
2012011100
2102101102
0121201102
1201021102
1210110232
1211120023
2111100232
2111021023
1111020203
2011012102
1211012022
1121021022
1212110022
2101101222
2112011022
0111120213
0110122132
0121101221
1021011221
1011120210
0112011210
0110212130
1101012210
1101202130
1101102213
1100212132
1101201212
0110211212
1011210212
1201110221
1211021021
1112100201
1112021010
1111022012
1110201201
1112001203
1110122013
1110210200
1010212133
1102021133
1012011213
0112101213
0112210131
1011202131
2110102113
2100211103
0212110103
2333103302
3233013302
3323310302
3013233301
1330323330
3130323331
3133023332
3313023330
3312330333
3313230332
3332133032
3123033323
3133320333
1333320332
3132033330
2310333320
1332303333
0220301212
2201300212
3332331031
3323031301
3233103301
3310333201
3301333212
3333023101
1230011001
1303300233
0133230023
2121211202
2212112120
3213233132
3213123323
1322133323
1323133213
1332312332
3132132332
3113233223
3122133322
1231323322
1323321322
3113010100
1131030100
1001231011
0013112011
1001320121
1001013201
0013121012
0013021123
0010312123
0011320123
0011231013
0001131213
0001123130
0103120120
1031012020
1011200320
3101201020
2010310100
2122303330
2123302333
3022303333
0230323333
2302033330
0203233302
3200323332
3202033333
0320332333
2303320333
0233023330
3103113230
1033131230
1031231303
1311233032
1032113302
3101321302
0313121303
1033113232
0133311232
0132311302
1303112302
0311312302
3230021112
3301021212
3320121022
3130113202
3210113322
0321133122
0202011022
2001021022
3113011033
1130031103
1131031033
1133010103
1113013010
1101313000
1013310133
1103301133
1110313013
1131310030
3113110031
1111030331
3111310033
1311013033
1110301330
1113001333
3131101011
1310101311
0311103111
0331101131
0212030221
1203020221
1023002221
2100023221
1013210002
1012013002
1010231002
2202221323
2203221213
2232221031
2123022203
2212023203
2221223023
2222012303
1031011302
1011130322
3302301002
3300123002
3303102002
3103022113
0131102020
3011021020
1301210020
1333013012
1333300121
3133310012
3130330121
3333010102
3330311032
3331003102
3330103103
3330113031
3333001103
3133130013
3103330113
3033013131
0331330131
0333310132
0330311321
0313303113
3013033113
3303031130
3033310130
0331033130
0330131320
3303101320
3303301132
3300131321
3130031331
3303103131
3310013331
3103013301
1033031301
0311033301
1331033011
1303303111
3133031011
3313013011
3131330011
3030131322
3301013322
3031033132
0331303132
3033101323
0331130323
0333130133
3031301321
3012232302
1302323232
3013232232
1032322302
1203233223
0322332123
0233213203
3233212023
2033321203
0321332203
2220233021
2223002301
2220302302
2220332023
0021301111
0021031113
1022230033
0210223033
3323022111
3232230111
0323110203
2031103203
3020113203
2302301123
2030022122
1201033221
1013213320
1321311213
1321231131
2133211131
1213213113
1221311331
2113123113
2113213111
2131211321
1233121131
2131132133
2131123132
2311211323
1231213132
2311311212
2123131122
1123123112
1233112132
1232111320
2312311132
2311121321
1231113211
1231131213
3121132131
1232113131
3211312133
2312131133
1233211133
2212213330
2121322330
1030221301
3103102231
0132201301
1301220301
1022231100
2102312100
3221223102
2322312102
1223223120
1223312203
3122231210
1232312210
2312123210
3230303233
2323303033
0223303323
0323230333
3203203330
0323320330
2033032330
3232330020
3302323000
3332320030
3322030302
3032230322
3302203322
3330232032
3320233022
3323002302
3230320302
3230302300
3230233023
3233002303
2330303230
2330323023
2303302331
2333023020
2330230302
2332030300
3322300300
3330230223
2333302023
2333230022
3333200222
3330032220
1130323103
1313320103
1313012310
1313210313
1313123033
1133120313
1131230312
1132130311
1133021311
1131032311
1130123311
3011233111
1302331111
0123311311
1312133031
1311230310
3112310313
3312311013
3310311203
3031311213
3031231131
0323131123
3012313113
3323321110
3231323110
2323311310
2233133101
2231333103
3223113310
0311321301
0132113301
1301132301
0133113231
2301311331
1031133231
0313131231
1301331231
2301133121
3120113321
3131201332
1320113320
1330113203
2130113323
0131133232
2301113332
0113321322
0113312321
0113133213
3021131331
0121331312
1302133112
0133213112
3011323112
0313123112
1031323111
1021331311
3133121012
1332310123
1321031323
1323031133
1233103133
2131303133
3213013133
2311033133
3120313133
3201313123
0133131233
1301313233
2310131323
3103131232
1013312322
1230133132
2311330132
1331230121
3131213011
0133121301
3312113010
3310113200
2331113020
3311301201
2311013320
3210131320
3211033130
2131031320
2133130132
1213330113
2131013322
1311303222
3113130222
1233101322
3121031322
3123031132
2310311322
2331131022
0323311122
1231130320
3121301320
1233130130
3123301130
2313013130
2131330130
2113013303
3312013121
3311032121
3131302121
3310231121
1011333212
0211133312
2011313312
2013313102
2011333101
1213331020
0211333100
0321131333
2031113331
1301213302
2013133103
1021313313
1023313103
2103131313
3132113012
3132301123
3130123123
3131032123
3313120123
3113310223
1103312323
3313210121
1333211011
3321310112
3312310120
3131301203
2233100102
2213031010
2123030120
2121033012
2102031312
2310301210
3120130210
1230013210
1323002130
1321030210
3120201321
2131020321
2131200320
3102301231
2310023131
2100233101
3100123231
3101320231
0133201231
1032031231
3112020311
3102023110
1020123310
0212013310
2101203310
2010332102
0232011330
0201213301
0011323201
0322011331
2031201331
3200121331
0213302102
2102330102
1201203312
1202301312
1200312312
2310031212
2303102123
2301320123
2300123123
3010321233
1230103213
1230302132
3212030132
3212300130
0211320310
1023203100
2103210310
1230321003
1203120310
1203210312
0322103123
3021023123
1203320102
3102310230
3102021301
0213102310
0210231310
2100312310
0210323102
1023021310
1022303101
2130230131
3010212301
1132032031
1132200313
3122001323
1233200132
2312003132
3011322021
1302132021
0133212021
2023303322
0323302332
3333032100
1023033033
0130033233
0033032102
0033120310
0303120313
0301230312
0303012312
0030231312
0032013312
0031032312
0033210312
0033312032
0003323132
0003312320
2002210302
2002130232
0021223022
2002312022
0103100333
0010103330
0010013333
0100031330
1001030330
0221332321
2021323321
1023233221
2202133323
2203133213
2203312321
2203321322
2033310011
0320331011
3233110111
3231031110
1023111100
2131111002
2201033132
2203101323
1220310332
2210301332
3131232331
3312231331
0332300130
3202200122
2032120012
2330311113
2021320003
2023102003
2020231003
2020321000
3133231203
1331233203
1233312320
2331331230
2331231301
2313123320
3132313200
2011202222
0120212222
1201022220
0102122201
1020212221
1202210222
1022021220
0121202220
0212210220
2102102220
2100221222
1021022222
0121100312
1220233332
1111130200
3203132201
2103333310
0231333331
0321333330
3323211300
3012333300
1323333001
0200313300
1300112022
0131120022
2222021300
2212303333
0332133321
0333332130
3033332132
3033312321
3303321321
3033213323
3303132323
3331033223
1303333230
0133332303
0301101223
3200110123
3100033232
1230003322
2302011332
2133312322
0202021303
0102032202
0013203333
0013023332
0111021211
3311102331
3110213310
3131102333
3312101333
1332011333
2031011011
3100323023
0313003230
0313030233
0310023303
0310203302
0313203022
3102330023
3103230022
0130323022
1032030302
1030332020
1033230020
1203330030
0210333030
1033002302
1030233022
0132330022
1303302022
0133032020
3013320020
1303203020
0130203300
3130020330
3010320300
1300032300
1233000320
3130003201
3100303230
3100320301
3103320021
1030323021
0133023021
0031033221
3003031221
0003132321
0003213322
2303030122
2030133012
3200330122
0303301221
0310330230
3102030300
3100233020
3102300302
1233003002
3130030202
3010302302
1300330232
0130332023
3012033023
1302003302
0133200302
3301320002
2310303001
1233030001
2001130112
2000012111
0001201211
0020021111
0020201110
0201200111
0200012110
2001200110
1301131023
0103113123
0113101323
0111033132
0110131322
1101130323
1101303132
1013011323
1013130132
1011031320
1103110320
3110031100
1010131321
1011033131
3111031030
3113100103
3201111120
0312111112
0111013321
0113130131
2031312010
0332113132
3032111321
3302131131
3301211321
3301312132
3301132133
0321311332
3311200203
3321012020
3231010230
3232011023
0323012123
2310021320
3120032130
1230203130
2310320130
1230210320
3120102320
1012202211
0212201221
1233201001
0301201100
0320111010
2301110010
2011310030
2010113030
0211013030
1021130030
0211300103
2130011003
1023001103
1020110313
0210103103
2010131032
0210113031
2103011031
2010130101
2011013031
0211030101
1023100101
2100310101
2131001001
1102031001
0113021001
1130102031
0110312001
0111203001
1110320010
1211000301
2311100001
2011003103
2010311033
2101103033
0213110033
3232033021
3320302301
1033101111
0310131111
3103011110
0301311103
1300131113
3301202131
3302011213
2330120113
3320102113
3132021013
3132010201
3130122010
3131020200
3120312000
1230123000
2310231000
2131230001
1232310001
3213012000
1312020310
1132023030
1122300301
1313022031
1301023231
0230132120
0213301220
1023130220
2103013220
1200011313
2310001133
0211310031
1021100311
0110320131
1102003131
0113100210
0112212320
1301221232
3122120132
1321202132
1320112213
3211202130
1321201210
1320212130
3122021130
2312210130
1232102130
3121012213
1230122133
3101221233
1311222033
3011122233
3122012133
2311202133
3212102133
2122101333
1221102333
2131201213
2130122131
2201102211
2220121021
3122002001
2320020101
3200212011
3200221012
2030220121
0320201201
0232021011
0230210201
2301200201
2302012010
2301020200
1230202003
2312020003
1303011111
0130113111
3101130111
3011013110
0131130110
0313101110
1301301110
3002210223
1302222230
0123222223
1222302201
1310032223
1102032323
1130232033
1313100102
3110130102
3110101310
1311003101
3110131031
3101103112
1310311031
1310103100
1310013103
1313011032
1130103102
2120013331
2203013131
2210313011
2312223133
1222231333
0233231201
1202302030
0103103011
1003130011
0203022111
3331312220
3302312212
2330223112
2222312020
2222130230
2221203230
2223102230
2220212301
2221312300
1111231010
1111320120
1113102120
1110231120
1110131203
3232232300
3232322303
3132032203
0132031232
0031312222
3003121222
3002311221
3020123122
3021032122
3203120122
0323112012
0322031122
1112302202
2122032201
2212230201
1022233311
2122333011
1202332311
0213322311
2130332211
2320332101
2321332031
2321203312
2322301312
2320312312
2323210312
2323320102
3321031111
0311030023
3103010023
1030013023
0133001023
1301300023
2123032331
1222032203
0121033220
0103132203
0033212103
0211033223
1020313223
0002032320
2002223301
0320222330
0233032331
3012022022
1312210223
2320301102
2320101310
2320110311
3231200110
2321301032
2032101332
2021130323
2023130133
3021021332
1132102221
2113221021
0213212101
2102132101
3313022203
3212222003
2031222200
2031221122
3122022212
0221102212
2332222231
2232322222
3232222232
2321202221
2232201222
2231202220
2223212021
0122210223
2213022200
1131202222
1230220001
1302220021
2321021102
2333301301
2110301023
1211003023
0323220201
3200322201
3220203221
0321331121
2013301221
0220022000
2202200003
1213301301
0002310001
0003021000
0003120002
0001032000
0001230003
0002013000
0311301112
3031102211
3221021101
3122121001
1231212001
2202301001
2200123001
2201032001
0313022110
0302321102
0022131302
0133022112
1300232112
3012302112
3020202121
0322002121
3022001201
3020122011
0321220011
2032201011
3022021012
3111210102
1303221022
0132213022
3022130122
3021302120
3021130202
1300221302
3011022302
3210132002
2031013200
1230132001
0321130200
3200200332
3120000000
3111211031
1311021103
1131121030
2223231110
0032012221
1121211111
1221111123
2121111121
2232011102
2030103333
1332333012
1303323302
3032132210
3003331102
0130333110
1310033310
1331030333
3201110013
2310110003
3310203011
1313133101
1131331310
3012332233
2003022110
0022133113
3031101133
1301103113
1001112203
0210111220
0130201111
2333211302
1313333313
3313133333
3113333312
3232131301
1023113311
1003320331
1120313301
1132113220
1311321220
3231013112
2220313303
0330033000
3303300001
3333312030
3333210310
3332301310
3331203310
3330312310
3030120323
2213203332
2130321001
0213320100
0032131221
1101100002
0110011000
0013212332
3032130001
3031203001
3030312001
1201020031
0122010031
2010021031
0211002031
1022100031
3120330002
3103212020
1023330032
3000313220
0300313222
1303133022
2222133112
3133002012
1330203012
1113312200
1223213201
3330301100
3331301030
3111322103
2030100011
1312132102
1022133032
0213213032
2101323032
3332131223
1132132100
1130121100
2211323200
3323103300
3221332032
0321323202
3203213202
2122133203
3032123211
2100300033
2100100221
1203213030
3321301113
1332113013
3013211303
1302131303
3220102031
2322001031
1112132331
0322322011
1112123330
3332123100
2301321010
2033211013
0321321013
3202131013
1000121330
3330121101
0130300113
2100302222
1021211033
0103032332
0102011333
3210211210
3121210210
2311102210
1231021210
1300200022
1300303231
3013030231
1303002301
1302303021
0130023301
3010233021
0131032230
1303102230
3010312230
1300122303
1300231230
0133021230
0130123230
0132130230
1301320230
3011202303
3012013230
3201320120
3201031202
2030311202
2032130120
2033011201
2033102120
0321032120
0322013120
0323021120
3202301120
3200123120
0131031112
1303101112
3010311112
0212232222
1022322221
3122301000
2312013000
2311032000
1233102000
2313210000
1232130000
3121320000
3200202123
3202001203
2032020123
3201202013
0320012203
2030122013
2101003102
1020031102
2100311032
0213101032
1023010102
1021031032
0210101312
2313323132
2311332323
3123321323
2313332133
1233313213
1233233131
3122331321
1231233321
2311333210
0323313333
2033133332
1021202223
2102012223
0210122223
2311002321
1232100321
2313131003
3121313003
1232323002
2313232002
0133310301
1300331301
1020112102
0211120102
2101021100
0211102100
1021210100
0323023331
2030233331
3202303331
2311201211
1232011211
3120121211
0130013020
1300301020
3010130020
2030211333
0322110333
3123001213
1231300213
0131121111
1301211113
1020133222
0211330222
1300322111
0133220111
1020210030
0210021030
2100102030
1303013300
0133130300
3013301300
0320032010
3200203010
2030320010
1303100021
0131030021
3010310021
2101200032
0212010032
1020120032
2030230013
0323020013
3202300013
2032320200
0322203200
3202032200
0130031022
1301003022
3200023011
0323002011
0212001033
1020012033
3333333310
3333331101
3333322311
3333311312
3333233221
3333223313
3333222220
3333201311
3333133102
3333121221
3333113311
3333111100
3333033033
3333031222
3333012313
3333003312
3332333220
3332332313
3332321103
3332233311
3332223223
3332222310
3332211313
3332122033
3332112312
3332031312
3332002311
3331333100
3331331311
3331311102
3331303221
3331302312
3331133312
3331131103
3331112032
3331101222
3331011221
3331001313
3330330312
3330321313
3330302222
3330213312
3330132311
3330033313
3330022312
3330011311
3330001223
3323333233
3323303112
3323033110
3322333303
3322321020
3322313110
3322223300
3322222233
3322221111
3322212112
3322211230
3322111113
3322002232
3321311021
3321222113
3321221231
3321213301
3321211110
3321133231
3321111233
3320111303
3320022231
3320010301
3320003111
3313333121
3313003123
3312223012
3312222121
3312212200
3312211122
3312000331
3311302123
3311222201
3311221123
3311133123
3311122122
3311112203
3311111121
3310033122
3310022123
3303223001
3303120000
3302332001
3302233003
3302211001
3302112000
3302022210
3302002003
3301331003
3301222322
3301133000
3300333322
3300321001
3300222212
3300132003
3300111132
3300033001
3300020211
3300011003
3300003320
3300002213
3300000002
3233332301
3233331023
3233303113
3233233303
3233223231
3232233233
3232023113
3232022020
3231310113
3231221230
3231213300
3231121113
3231110301
3231101300
3231100233
3231001231
3230333112
3230200020
3230100303
3230010300
3230001301
3223333311
3223330033
3223233220
3223033032
3223003313
3222333221
3222233310
3222222311
3222211312
3222120223
3222030220
3221311103
3221303220
3221131102
3221113100
3221111311
3221110222
3221101223
3221020032
3221011220
3220213313
3220111221
3220033312
3220030030
3220010223
3220003033
3213333003
3213330321
3213323131
3213303322
3212332000
3212223130
3212212322
3212211000
3211222323
3211221001
3211111003
3211101131
3211023002
3211020320
3211000133
3210300320
3210111133
3210030322
3210020210
3210003321
3210000003
3133331332
3133322122
3133133331
3133132202
3133113122
3132321330
3132221201
3132212202
3132122200
3132030012
3132022331
3132002122
3131221121
3131211200
3131112201
3131111123
3130200331
3130022121
3130011122
3130010011
3130002332
3113230101
3113223311
3112332311
3112322223
3112232220
3112223221
3112222312
3112202101
3112120220
3112101100
3112030223
3112000102
3111331313
3111232100
3111131101
3111111312
3111110221
3111020031
3111012101
3111011223
3111001311
3111000222
3110323100
3110222102
3110201033
3110200100
3110030033
3110022310
3110020101
3110011313
3110010220
3110001221
3103332302
3103313022
3103233300
3102332232
3102223302
3102212110
3102111111
3102002230
3101311023
3101310110
3101211112
3101121110
3101112113
3101111231
3100321232
3100300112
3100222021
3100212300
3100111301
3100020022
3100002020
3033333001
3033330323
3033033322
3032310000
3032233000
3032222001
3032212320
3032202212
3032112003
3032022213
3031333211
3031310320
3031122002
3031112323
3031020322
3030213003
3030033002
3030030320
3030002210
3030000001
3023333122
3023303203
3023133330
3022322013
3022313201
3022222122
3022220333
3022103121
3022101330
3022030013
3022002123
3021333332
3021311330
3021222202
3021133120
3021113333
3021111122
3020100013
3020020331
3020010010
3003333313
3003323221
3003113312
3002333223
3002321100
3002232221
3002223220
3002222313
3002220102
3002212032
3002202100
3002200311
3002120221
3002111033
3001331312
3001311101
3001303222
3001232101
3001133311
3001020030
3001012100
3001000223
3000333033
3000330311
3000213311
3000200101
3000100222
3000033310
3000022311
3000010221
3000002102
2333333231
2333330113
2333323303
2333223232
2333121300
2333033112
2333031303
2333010023
2333003233
2333000111
2332120303
2332112233
2331310110
2331303300
2331221233
2331211112
2331121110
2331112113
2331111231
2331101303
2331020112
2331000301
2330212300
2330111301
2330103022
2330100300
2330033232
2330030110
2330020022
2330011230
2330010303
2330003113
2323333312
2323331103
2323133100
2323113313
2322332311
2322322223
2322321101
2322223221
2322211311
2321311100
2321213220
2321131101
2321113103
2321020031
2321011223
2321001311
2320100223
2320033311
2320030033
2320011313
2320001221
2303333123
2303331332
2303313330
2303233012
2303230330
2303133331
2302232011
2302221201
2302122200
2301333333
2301221121
2301131330
2301112201
2301001120
2300333203
2300213121
2300200331
2300131200
2300111013
2300010011
2300001010
2233333313
2233331102
2233322312
2233311311
2233201312
2233113312
2233111103
2232222313
2232002312
2231133311
2231131100
2231112031
2231111313
2231000223
2230022311
2230011312
2223331021
2223323302
2223322231
2223303111
2223233301
2223223233
2223222300
2223202113
2223201231
2223033113
2223003232
2222333300
2222332233
2222322301
2222313113
2222233231
2222223303
2222222230
2222211233
2222122113
2222112232
2222111110
2222103233
2222031232
2222023111
2222022022
2222002231
2221331231
2221311022
2221222110
2221221232
2221213302
2221133232
2221122233
2221112112
2221111230
2221023231
2221001233
2220321233
2220220231
2220213232
2220201111
2220132231
2220033233
2220022232
2220011231
2220003112
2213333122
2213322123
2213233013
2213133330
2213132203
2213113123
2213111332
2212222122
2212202331
2212022330
2211333332
2211232330
2211222202
2211213010
2211133120
2211131331
2211113333
2211112200
2211111122
2211001121
2210333202
2210030203
2210011123
2210002333
2203322000
2203223002
2203111211
2202310000
2202112003
2201331000
2201221003
2201133003
2201122002
2201011130
2201001002
2200333321
2200321002
2200222211
2200213003
1033121302
1033010021
1033003231
1032333303
1032222233
1032221111
1032211230
1032122110
1032111113
1031211110
1031111233
1031101301
1030200021
1030030112
1030020020
1013333002
1013323130
1013311000
1013303323
1013223001
1013120000
1013033321
1012233003
1012223131
1012120130
1012111322
1012030133
1011111002
1011110131
1011011133
1010321001
1010011003
1010010130
1010003320
1010000002
1003333121
1003331330
1003330203
1003323013
1003313332
1003303200
1003300122
1003230332
1003222011
1003132200
1003111331
1002313202
1002211122
1002122202
1002112123
1002101333
1002030010
1002023200
1002000331
1001221123
1001131332
1001111121
1000321122
1000300202
1000200333
1000111011
1000110122
1000033122
1000020332
1000011120
1000003203
0333330321
0333323131
0333322002
0333303322
0333230210
0333202320
0333132322
0333113002
0333000323
0332332000
0332321210
0332313320
0332222003
0332220212
0332212322
0332202210
0332022211
0331232211
0331230000
0331222323
0331111003
0331020320
0331000133
0330300320
0330200211
0330030322
0330002212
0330000003
0313333232
0313330110
0313323300
0313033111
0312333302
0312222232
0312022020
0312002233
0311333022
0311232020
0311222112
0311112110
0311012021
0310200020
0310030113
0310020021
0303333311
0303332222
0303300312
0303233220
0303230102
0303223312
0302333221
0302322220
0302313032
0302122032
0302112313
0302030220
0302002310
0301222031
0301133313
0300022313
0300010223
0300003033
0300001222
0233331330
0233222011
0233121010
0233111331
0233031013
0232222121
0232220330
0232212200
0232022333
0231222201
0231111121
0231011010
0231001122
0230100010
0230020332
0230010013
0223333002
0223121133
0223120000
0223111212
0223010210
0223000322
0222332001
0222321211
0222220213
0222212323
0222211001
0222202211
0222120130
0222101210
0222000212
0221232210
0221221000
0221213130
0221131211
0221111002
0221110131
0221101130
0221011133
0220200210
0220100133
0220020211
0220001131
0220000002
0101100123
0100033121
0100020331
0100002333
0100001011
0033333312
0033331103
0033322313
0033223311
0033222222
0033201313
0033121223
0033111102
0033031220
0033012311
0032233313
0032232220
0032222312
0032122031
0032023033
0032002313
0031331313
0031311100
0031112030
0031111312
0031101220
0031011223
0031001311
0030001221
0023333231
0023331020
0023303110
0023233300
0023223232
0023033112
0023003233
0022333301
0022313112
0022223302
0022222231
0022211232
0022112233
0022111111
0022103232
0022031233
0022023110
0021311023
0021122232
0021121110
0021111231
0021012022
0021001232
0003322001
0003311002
0003303321
0003201001
0003113001
0003033323
0003003002
0002332003
0002233001
0002211003
0002202213
0002103003
0002022212
0002002001
0000321003
0000222210
0000220001
0000213002
0000132001
0000022002
0000011001
0000003322
0000002211
0000001133
0000000000
0000033003
0000110003
0000111130
0000330002
0000333320
0001001003
0001011131
0001101132
0001122003
0001133002
0001221002
0001302002
0010002332
0011012330
0011023122
0011111123
0011112201
0011133121
0011222203
0011232331
0011302121
0011331122
0011333333
0012002122
0012022331
0012112121
0012122200
0012202330
0012222123
0012223010
0013003121
0013031011
0013233012
0013311121
0013313330
0013333123
0020003113
0101111122
0101113333
0101310203
0101311330
0101331123
0102211121
0102333012
0103003120
0103010330
0103111332
0103121013
0103133330
0103223121
0103233013
0110000001
0110003323
0110010133
0110100130
0110300322
0111000131
0111101133
0111110132
0111131212
0111133003
0111213133
0111221003
0111303130
0111310320
0112000211
0112030130
0112222001
0112310000
0112313322
0112333131
0113033322
0113113000
0113121130
0113132320
0113303320
0113323133
0113330323
0113333001
0120010221
0120030032
0120300030
0121011222
0121110220
0121111313
0121131100
0122023032
0122111033
0122223220
0122313030
0122333223
0123003311
0123033030
0123111103
0123333313
0200002022
0200003111
0200011232
0200030112
0201001230
0201020110
0201211110
0201222113
0201232021
0201311021
0201331232
0202112231
0202120301
0202122110
0202200231
0202221111
0202222233
0203111023
0203322232
1033133021
1033201232
1033202110
1033330111
1033333233
1100000003
1100001130
1100003321
1100011002
1100022001
1100030322
1100111133
1100132002
1100213001
1100222213
1100333323
1101230000
1101331002
1102112001
1102211000
1102333133
1103003001
1103033320
1103113002
1103223000
1103311001
1103322002
1110002331
1110011121
1110022122
1110033123
1110103333
1110110123
1110132121
1110213122
1110321123
1111001123
1111011011
1111012333
1111023121
1111111120
1111112202
1111122123
1111133122
1111211203
1111221122
1111222200
1111232332
1111302122
1111311332
1111331121
1111333330
1112002121
1112022332
1112101332
1112103123
1112111200
1112112122
1112122203
1112202333
1112211123
1112212201
1112223013
1113003122
1113012123
1113111330
1113113121
1113132201
1113223123
1113233011
1113311122
1113322121
1113331331
1113333120
1120011233
1120033231
1121001231
1121111232
1122103231
1122211231
1122222232
1122223301
1122233233
1122332231
1122333302
1123000112
1123322233
1123323300
1123331023
1123333232
1130001222
1130020102
1130033312
1130222101
1131011220
1131101223
1131111311
1132122032
1132211312
1132222311
1132321102
1132322220
1132332312
1132333221
1133003313
1133111101
1133121220
1133132030
1133222221
1133322310
1133323223
1133331100
1133332222
1133333311
1200003030
1200030033
1200100223
1200132313
1200222102
1200323100
1200333032
1201113103
1201121033
1201311100
1202120220
1202122031
1202222312
1202223221
1202232220
1202322223
1203003310
1203113313
1203222222
1203323220
1203331103
1210003113
1210020022
1210022233
1210033232
1210300112
1211112113
1211133233
1211211112
1211213303
1211221233
1212222231
1212223302
1212322300
1212332232
1213003233
1213010023
1213033112
1213132110
1213233300
1213323303
1213332302
1220002332
1220010011
1220020330
1220022121
1220030202
1220033120
1220131200
1220300200
1220302011
1220333203
1221310202
1221331122
1222000333
1222002122
1222022331
1222023202
1222030012
1222112121
1222212202
1222220332
1222222123
1222313200
1223000203
1223010331
1223113122
1223133331
1223202200
1223230330
1223303202
1223313330
1223331332
1223333123
1310002102
1310020100
1310111223
1310200101
1310300030
1311101221
1311112031
1311113102
1311311101
1311331312
1312002312
1312120221
1312200311
1312202100
1312220102
1312232221
1312321100
1312332310
1313031221
1313033030
1313311311
1320000001
1320001132
1320010133
1320030320
1320100130
1320222211
1321101133
1321110132
1321111001
1321131212
1322000211
1322030130
1322031003
1322202212
1322222001
1322332002
1322333131
1323113000
1323322000
1323323133
1323331210
1330001011
1330010010
1330011123
1330020331
1330222332
1330321121
1331001121
1331011013
1331110011
1331111122
1331311330
1332022330
1332030013
1332101330
1332122201
1332202331
1332212203
1332220333
1332221200
1332222122
1333010330
1333111332
1333230331
1333311120
1333322123
1333333122
2000001301
2000011233
2000022230
2000030113
2000100303
2000132233
2000220233
2000222022
2000300111
2001100233
2001101300
2001110301
2001111232
2001112110
2001121113
2001131021
2001213300
2001222112
2001310113
2001333022
2002212113
2002222232
2002332231
2003000112
2003010020
2003031300
2003121303
2003202111
2003223231
2003233303
2003322233
2010010223
2010030030
2010300032
2011001312
2011020032
2011110222
2011111311
2011211032
2011232103
2011302313
2011303220
2012202102
2012222311
2012322220
2013111101
2013222221
2013233220
2013322310
2013332222
2013333311
2020000003
2020001130
2020020210
2020022001
2020132002
2021011132
2021101131
2021111003
2021122000
2021131210
2021230000
2021331002
2022022211
2022220212
2022222003
2023010211
2023222133
2023230210
2023311001
2023331212
2110002022
2110020020
2110022231
2110030112
2110132232
2110333113
2111020110
2111111233
2111122230
2111133231
2111222113
2111310112
2112002232
2112022021
2112122110
2112220022
2112222233
2113010021
2113033110
2113202110
2113233302
2113303112
2113323301
2113330111
2113332300
2113333233
2120003203
2120030200
2120100010
2120222331
2120300202
2121011010
2121012332
2121122122
2122112123
2122122202
2122202332
2122221203
2122223012
2123003123
2123113120
2123132200
2123230332
2123300122
2123303200
2123313332
2123330203
2130000002
2130002213
2130010130
2130020211
2130200210
2130333322
2131112320
2131131211
2131133000
2131221000
2132202211
2132212323
2132220213
2132222002
2133000322
2133010210
2133012001
2133111212
2133113003
2133303323
2133333002
2200000001
2200001132
2200002210
2200010133
2200022003
2200033002
2200111131
