--- Global Parameters ---
Code Length:			10
Min Codebook Edit Distance:	3

Max Run:			0
Min GC Content:			0
Max GC Content:			0

--- Generation Configuration ---
Generation Method:		Random Candidates
Number of Random Candidates:	50000

--- Results Summary ---
Number of Candidates:		50000
Number of Ones in Matrix:	1394342
Number of Code Words:		6883

--- Performance Metrics ---
Number of Threads:		32
Candidate Generation Time:	0.04	seconds
Fill Adjacency List Time:	4.99	seconds
Process Matrix Time:		4.22	seconds
Overall Execution Time:		9.26	seconds
=========================================== 
3223333000
3133202203
1133231133
0102332330
1221130200
1222220130
2122330000
2221120003
2023331030
0110303333
3113211220
1113012220
1133010033
0211111212
3203331222
3111112010
1311122000
2200023200
3231133133
3211111333
3322122211
2032311022
2223213322
1113232131
1113033330
0313112310
0012112202
0011112211
0131122211
1323303000
3331023322
1130013331
3223233103
3022333310
2211111223
3221231003
2233212302
3111222310
1321121113
3321223130
1211111000
3003332122
1232013221
2111130003
3133022112
3130011123
0332222102
3322221100
3211221000
3323003200
1111213002
2311030031
0311032001
1132001031
1122002111
0222001111
0332230130
0322030131
2110222231
2110033331
3322021033
3003012331
0200022331
1031201333
1011111313
1011100113
3323321122
3333333312
1211012323
1003333111
2332021011
1032313322
3120202000
3212202001
0222223002
1322213000
3222220000
2322222002
2222120032
1222232003
3221223200
3323010000
3321120000
0321110020
1111120020
1211020010
1222010011
3332020000
3222322320
0332223333
1302312111
2201122000
0212122201
1032130112
1301111112
3331111111
1330111101
1332011120
3320001100
3333331100
3332031110
1033031120
0111112021
2130120030
3322112200
2322121200
3322122120
3321221221
3112112223
3112322211
1131322111
1113133111
1133230111
1023330211
3000300211
0232110032
3000222300
3330203300
3200022220
2221022200
2222222010
2222022211
3222212211
3222212020
2222122203
1202221111
2222112111
2323112211
2020112221
2200122221
2000002220
2030212222
2030010323
0300000323
2201222223
1030012120
1023112201
3201201122
2202132311
2102220110
1002020111
2200220011
2202222031
2002222003
0220220001
2000220321
1110221311
2222211312
2222202322
2222221122
2222311222
2222211200
2222121321
2202221221
0122012223
0222112103
0222120020
0222201022
1022210220
0022212320
0222233220
0112233330
1001222330
0012231130
0011232330
0233331130
2233023130
2323331131
3323323133
1132032133
2323333203
3333333201
3033332012
1201232300
1221333300
3200222333
3300222212
2300222233
0300201033
0100212222
2000202202
1000222102
2020222112
3123222212
3002222202
0000222232
3200332202
1202222232
2110022002
3110000003
3111111003
3110031002
1102311002
1110021000
1013220000
1000333100
3100102212
1200020223
1220200220
2222100220
1223022231
1332022211
1010222111
0121022111
1012102200
1332122003
1333200033
3303200003
3122200002
3111200300
3310000300
3110002302
0010002300
0110302100
2133102302
3310013001
2123110002
3221100002
2222010002
3322023002
3231000023
2311000002
2021003000
2212030000
2002130000
3200223100
3220223320
2111003100
3232130001
0112002000
0212300000
0313000033
2110002033
2110220333
2100220131
2333000100
2333000322
2323300030
1033002100
1011002102
1011032322
1000021220
1001102202
1013300300
1133302033
1333332031
1133301123
3102212200
0132222203
1113222203
1113221300
0123222200
2223222300
1323222000
1333012000
0223221330
0113221233
3322222330
3232222030
1011122213
2112222000
3312221002
3011222200
3012212220
1323212233
0122213200
3313222202
3233222102
3303212232
2201222101
2201120201
0201122202
0111212202
0110122232
2202222113
1002231113
3200221112
3210222113
1023301110
2213221010
0121130202
1100222200
2010022200
1132022200
1132321100
1013232200
1010232002
1112320002
0112030202
3111132002
3211131122
1002232220
2011032000
1000022233
2110222120
1212222120
1111322120
1313220110
3332201120
3332221230
3333222220
3332222323
3333201000
3320012220
3320113221
3310212222
0310222220
3331022200
0003022220
0233222223
0233223133
0123321133
1023122223
1001322203
2001220233
3112222102
1112222331
3112220003
0122220302
3222223023
3123223013
3122223303
3122222022
1122212222
0012221222
0022222211
0122222101
1222320220
3101222232
3111022202
0311220202
1113222322
1313222221
1112220222
1332222222
0222222222
3223221222
3333203222
3211222222
0122202202
3302220222
3202223220
3222323221
3121222302
1122223032
1122222312
1221222002
1113212313
1133222013
2222223131
2223022121
2332221201
2012221213
2222321210
3220212223
1331222101
3333232001
3332223021
3331132003
2332231000
2323212222
2232322202
3320122222
3311122221
2011122231
2111132321
2111113131
2232113331
0011113333
1131112323
2320022202
0220022203
0223322233
3022323333
3122133333
2021322223
2023322232
2221212221
2132122221
1121222213
1221222131
0032222220
0002222022
0132220221
3302222020
3102011020
3112212021
0112212111
0012122112
0112322202
0112222323
1011222122
0302222111
0332220011
0102222010
0132222130
1022221230
1222021200
2201221200
1122223100
1202223000
1222121120
0122201100
0012222310
0012022020
1323221130
1222211030
1223200100
1122211201
1223212130
2223233130
2003222130
0032221100
3232233132
1022322302
1202212210
3112221130
3012223330
2211221131
0012211331
2133222100
2330122102
2010322302
1233222001
3233220003
3222323302
2020222220
2012122220
2121222110
2223122222
1222132221
2221121022
2221022322
2331122021
0031223222
0321222212
0221222113
1311022212
0322023222
1123223222
0122113222
0312032222
1232332222
3122022210
2122322220
2123332221
0020322230
3020321222
1302022220
1112022221
1220222230
1120322321
1122123323
1110223323
0110223222
0112232020
0111221020
1032232212
3332132222
3232202222
3233012222
3230322222
0231112222
3330032212
3330233211
0212202220
0232212221
0332232211
3132232213
3222320233
3122312233
3132322223
3102232221
1002222121
3110222321
3220222301
2133322023
1033322003
3220203331
0300203331
0300301131
1022203330
1122113130
1122111331
0020222331
1112233211
1122213021
1102220332
1102220013
0112201322
1122320211
1113220211
1212220001
2122200111
1121230001
1133223000
1133220301
2223220201
2323221220
2302222122
2320211221
2123220000
2233200000
3231100200
2332220300
2333001221
2323200121
3122203121
3122202223
3322211223
3323022221
3330220321
3330320312
0323020331
2233222230
2233212211
1213122210
1102322210
3210022212
1111212210
1111202100
1121122200
1112210000
2111220200
2311310201
2111322010
0103322020
2101322201
2001312202
0113122221
1101022231
3033122221
1203322221
1133322220
1133312211
2123312210
0123322211
2133222311
0033222313
0002222333
0113322333
2102322233
0133222332
0301220033
0022220330
3022221320
3022201122
0322221322
3322223122
2032222012
1002122013
2002121203
2322223321
0012220321
0202220311
0200220202
1220220203
1020221223
2102212223
2220210211
1022221311
2122223211
0222200211
0322200013
2232223232
1223323322
0322220232
3322322232
1120223011
1210020301
1212022300
1211122322
0322322213
0222002210
0112220032
0101221002
2101222300
1012223210
0002223113
0312222013
2122220230
2102022020
0211222320
2222302233
1102221212
1101222020
1111223121
2311122312
1210222023
2113222033
2221322033
1123222133
1312221113
1222200113
3222220313
3222233233
2102233233
1222223333
1213222333
1222032333
0132203233
1022202233
1020222322
1002223231
2223230333
2012213233
0122232233
0122030033
0022233333
1223333333
2233323332
0222332033
0123023221
0021222233
3032222133
3023222113
3223221133
3221220332
3313223333
3212222131
0102221231
0202231210
3200232210
1302222103
1130220233
3110302233
3103223233
0100223313
0103222321
0323222320
3323122333
1121232333
3112202333
0222202333
3022202332
3323220231
3223220321
2032203322
2020220232
3020223231
0202223201
0003223210
0222023030
2232220333
2132020330
2132202331
2131200001
3332210001
3322112021
3222210301
3302222301
2302122201
2230202220
2301223220
2321212203
0133200321
0003021311
0103022300
1230223300
0110232300
2112232202
0123221110
2123232111
2132221102
0222022301
0332022321
3212022321
3203222231
1132232231
3232132231
1322332223
0322132323
2222232230
2232232201
2232332031
2322232303
1332232203
1220232202
1111232201
1222123202
1312223102
1302231201
0313221201
0333222030
1303222230
1033122200
1221312200
1122231220
0310232201
0303232220
0203222120
0223232221
0032022122
0032020320
0030221320
2312221320
2332232320
2333232200
2222210320
2230213320
2222203021
0222103221
0312210021
0232221321
0212210210
1021220200
0002210222
0022201223
0032223023
2132223020
0011221033
0212223033
0222323323
1222201323
3212221303
3210223202
2122232031
2122302030
0312230200
0012223000
0222323200
1112230102
1122210110
0202322203
2122231321
2022323231
2122323332
2012220332
3132223231
0322233231
0322333122
1322123332
3103202331
3121222031
3020222021
1302322021
1312212202
0221223331
2222233301
2222033221
3211233303
3222123330
2222120300
3222203030
3322200203
3222000003
3032220223
3023223223
3330223223
2032023220
2123202321
2003202223
2002022221
0322212030
2232323211
2022021223
2222100001
2222000030
2322230213
2222133320
2322020320
2302203020
1300223020
1000203300
0321223022
1000033331
1032002333
1132233333
1131223330
3132122033
1220220331
1000222031
1220202313
0022122032
0221212033
0121220313
0212213223
0232123233
0232022230
0232132223
2332121232
1032122233
0221133333
0121112233
0102122332
0322122312
2222112302
2220332002
1222033203
0222210203
0220223223
2220020220
2221123223
2220323222
1221333222
2322032220
2322022233
2112022203
0112102233
2112302131
1123223310
1321223313
2221221310
2022221302
2222023102
2223231202
2220232023
0212223312
0210220231
0223122021
1112123312
1110021212
2003222312
0303122212
3230222312
3132223012
2113122212
0221322332
0222132122
0220122002
1122122132
2222322132
2212321232
1212322230
0321232200
0212312231
0002312233
0012302333
2022112232
2202213222
1022322031
3012322203
3032202200
0323200200
0312022100
3230220220
2301202200
3020122200
3031212201
1022220033
1121220010
1220202021
1223220210
1223210202
1323202201
1130212202
1312022002
1131022022
1222212102
1232232321
1232221020
1032221202
1031220002
1022213203
3122221010
3032322100
3231222300
3230212200
2231322301
3231122332
1131220100
2123022320
3223232120
1122112033
1121221103
1123112213
1121121233
2131120300
2311202020
2312202031
2332202232
2302200233
0303202233
2030222213
2232202313
2021222313
2220322310
0220223130
1220223122
1222231132
2023223100
0232233003
0202230233
1203223203
0032232032
2020223203
0301022320
2211203300
2221333003
2133322132
2033222122
0333221222
2121221222
2122120222
3032121222
3222131222
1221211222
1221221112
1022121221
1322102222
3221322202
3221120222
1322202023
1322210211
1232223031
3322210010
3222103120
1223210313
1121202003
1212122033
2120212033
0131222033
3221333102
1322002031
1230020210
1222002130
3022231202
3222003202
2022120323
3002122323
2232123323
2000212323
1233223023
1131122302
2121223023
2212322023
1221223021
1203122301
1222122311
1223213211
2211032222
2212122100
2221202120
2221200101
3201202100
3201220212
0221022120
3210221210
0212132210
1221323213
1221123303
2111220021
2313220102
3111223033
1333122022
1123122002
1123022030
1110122030
3301322213
3303302203
2231322213
2033322211
0232322111
0232302201
0223022032
1300322222
1020312220
2310222311
2330122211
0230122231
0033222201
0233232101
0230222100
2302232101
3302223211
3022223212
0212232132
3102220101
3122230011
3302232031
2330220231
2303222323
1022230201
1022233321
1222233022
1202233202
2022232022
2213223222
2021220022
2321110222
3223210022
1232100322
0122333202
2211121202
0212201202
0223201220
0222101200
0012202302
0301222130
0202223132
0301223232
2131222323
2011022321
2311223201
1011222301
0132223301
2111221302
1021220321
1211220221
0331220223
0112230223
1211222011
2333203201
2010223320
2002233110
2220233210
1200233310
1332233311
0233122302
0233302333
0233020233
2233211233
2231221211
0213212200
0231202331
2221232331
2201223321
1333122213
3233322203
3211122233
3022302220
0022102100
2022102201
2223132001
3022320210
1301232210
1312320010
0332320002
2332321322
2330223202
2330222003
2321022001
3221022011
3230120110
1230122130
1231122023
2232230002
2223223012
3221320012
3222112032
3211112022
2223033011
2322233012
3322203312
0022233112
3030223322
2031221322
2323122321
2320202231
2120332232
2121232002
2202312000
2223122030
2322302200
2312202100
2311220010
2211220213
2211230321
2311222032
0311122203
2111202213
2012202210
0202202110
2102202133
2120122233
2010122003
1013122303
0031223303
1031123203
2203112023
0223120223
3022322123
0223202132
0213122133
2111122333
2112223133
0111123133
0112220113
1122120310
1120212231
2111232133
2111232220
2112312232
2211212123
2121122103
0211022003
0221203003
0302213003
0000220003
0220102233
0221102211
0221232011
2220202133
2220120202
1223120302
3220121322
2231223003
2230222021
2212123213
2002022133
2001022213
3030022210
0112122131
1312221231
1322201210
1121202220
3122001220
2322231111
3232220111
1232220122
2121322022
3321022020
3221021220
2210222303
2210223132
1200223131
2213022232
2300221303
3302221013
3322230133
2022210333
3302210033
3321320033
3311322303
3002220030
0202020031
3222000231
3222302021
2022301121
3221232022
1302123212
3122232112
2102232210
2102201220
2010232221
2310022221
0010122223
1012123223
2011232023
2112203223
1012203202
0113212223
0213212022
0303112223
2333102223
0313102200
2313203000
0230022010
0330022201
3332012202
3302012221
0222032020
3322233020
3311223020
1312233120
3312213210
2233022020
2233220212
0033022021
2233202023
2211203023
2223002000
2221302103
0101322103
0003322301
2211023000
2121323000
2213233020
2321223300
2002122331
2202223302
2200212230
2002232330
1032233300
3012232300
1012220303
2033233330
2002210230
2312212230
1032230030
2201221032
2212122332
2302223310
0002122230
0002202231
0001212200
2212232033
3223232013
3001223301
2212203230
2213202201
0232020211
2321220120
0132122012
0130222212
3130222111
1130022131
1302202120
1222202212
1102202213
1220322133
1020122333
3022012213
3020102223
1203123330
1223203232
2123203200
2122203010
2102210011
0230221201
2302212333
0213022211
3021022333
3002022332
2331022333
3333232333
1330222333
1333222310
1302122300
1103122320
1302232000
1321022133
0311232233
2332032231
2133112231
3133312333
2103322331
0333322331
0323322303
0313223031
3312213031
2213223103
0220221103
3220221013
3202022102
1202012001
1122012002
1322032322
1000032222
3312233222
1322012020
1222022103
1222123013
1232122113
1132120103
1232102220
1210212220
2312022310
2030022312
1212210013
3233223201
3223322331
3213220031
2222130010
1003022321
0212020110
0231221102
0122122110
0122111003
2202231102
2222012031
2222201033
2223231031
2222213013
0022221031
2033122323
2223112333
2111201000
2010202000
2102022301
3122002321
1201221010
1221321023
1221200233
1221323120
1023022110
1202332211
1212002231
1203202211
1233022212
1202001211
1201202222
1221002202
1313022020
2013022031
2320220200
1231022132
1131221232
1301221233
3203221213
1232213233
3301223003
1311221322
3100122322
3110221122
1202120221
3232312022
2020213313
0020233310
2320122313
2230223123
2120210001
2120220103
1302230303
1010202331
1112201233
1212201122
1212022112
2212001222
2212002002
2212200203
1232200303
1201220003
0212012203
2212330222
1110011223
3111220012
1023223132
3102322112
1312322132
2332322130
1332322320
2333232032
2331123332
1330123331
1103223331
1133212331
0210223301
1010223001
0102232303
0110223103
0112231301
0002233101
0122023103
2122021232
2132221031
2212021031
2031221130
2031223331
2231231333
2233221113
0213232213
0323232131
2213132233
3021020232
0222020123
1122023112
0312232103
0313022323
3233123331
0232123021
0221231230
2201233230
1220233231
1330223230
1330322200
1223032200
3132233220
3133023200
3133220202
3312202010
1332203200
1322200001
1302202011
3022313223
3232032200
1010223133
0331220000
1201233333
0221110231
0231122313
3311221133
2330022300
1322232032
1130232032
0320222033
0132210033
1122302012
1222303020
1322321312
1221121332
1221302333
1222301230
3122213132
3322032132
3212021132
3212203123
3233203233
2323220303
1322323233
1122321320
2320221133
2322321003
2202210023
2332211033
2232211011
1202231021
1202203033
2212231001
2211232102
2321322210
2323323230
2321332333
2202332333
3213322300
3022332201
3202132203
3032333231
3023302231
1323302220
3102322300
3120223030
3212023020
3202033000
1212003000
3202302230
3033223300
1333123300
2313322330
3113220230
2303220030
1203322030
0003302200
2232321000
2232121033
2321321233
3232210100
3212210231
3030220100
2002200100
2000203230
0022033200
2002230031
2032231221
0311200100
2332210122
0322120122
0221211201
2302221131
2122021101
2123012301
1130122001
1130323301
2113122301
0212200101
2210332200
2310322020
2111321023
2100332220
2300232310
1100232321
2113232310
2311332223
2331232222
2303132202
0331322011
0311322231
2031202221
3210120221
3203210221
1200320321
1203220021
0311022311
0311221011
0313230111
0211223111
0213221100
0202023100
1200023120
1220231020
1030023200
0212302310
2032213200
1032213001
1332212012
1333202113
1330232122
1230021221
3130221221
0121121221
3121122321
2121123231
2221123130
2322132131
2222130231
2221310131
2221320102
2312132232
2202233011
2202323001
2332320031
1322320330
2322300231
2332201323
2233320133
2202330103
2333120123
2012201303
3312203303
1332201302
1333221102
1330221011
0233211202
2231210201
2332213302
2213002312
2213302230
2221102230
2211320312
1222313301
2322123001
0121223001
0310122321
0322123320
0022123301
0322313220
2322303320
0202230320
2122301311
1223313012
2332213111
2233132331
2030122330
3213112331
3313212301
1320012331
2312322121
3313332221
3113323220
3013322222
2011302222
2011322130
0211332130
2012332020
2010221110
3133232322
3131032222
3332123220
1031132222
1231233322
1011233302
3121203222
2231233221
2233233001
2322320301
1320233030
1020233303
1330231300
1332300100
2312210311
2332331331
1312333032
1002233332
0002213032
0223213032
2220203002
2212021302
2220212012
3220312212
1321332211
1321232021
1221023201
2220023301
2330023321
2213123001
2220132300
1310233221
1312323220
1111323200
2321012212
2302100222
1321302232
1313302331
1323023031
1223013331
2122012330
1332212330
3332230331
1112200330
1032223130
1032321303
1002332323
0232212303
3022212031
3022120201
0322120031
3322120103
2022012003
0322210331
0122211133
3022210003
0023223030
0032122300
0321202103
1321202310
1313202320
0122112300
1221012311
1022032301
0322323101
0322301203
0232321103
3232021203
2132021303
0132021010
1133020010
1122000010
1113202030
1121020223
1132120232
1213212212
0213221212
1213201210
1213023200
1230212310
2130123302
0123012332
1123312330
1232012032
2132123230
0232221012
0012211012
2321121331
3332211211
2111210313
3221120311
3121223111
3312203111
3132233111
2032232111
2032212102
2030213332
0322232110
2222301100
0222330120
0222130330
2022033330
0222133113
1222332100
1222330032
1223321310
1220032320
1223332011
2233201312
2323022112
2223020332
2213000131
3303022132
3330223131
2203022002
0030122022
0001223020
0001022031
0001332333
3320220032
3321202012
2312020222
2312023211
2303202212
3223020112
1223021132
1122320133
1322120213
3321220213
1322110012
1322111202
1123220120
0232201231
0203221031
1123202300
1223002303
2021002303
2021132323
2122302323
1223023002
2322323112
2303221112
2332231132
2233201130
2232211120
2210211020
2220201112
2222011303
0322313303
2210322112
1203220112
3212322012
2120322031
2020322121
0200322122
2002212131
0002211110
0120322132
3203221020
1203202020
1323323102
1323220312
1323020300
0221023300
1121032000
1213332000
1223331120
3112022120
2112321110
3112012300
0112213302
2112233032
3022312303
1203232121
3320322201
2021302331
2021112311
0032220112
0023212212
0222332212
0220230212
0222312121
1222303111
1112203110
2202332012
2322332011
2322312123
2023320101
2023321311
2300233200
1200332020
2100232000
2203232303
3320322323
3132320001
1223120011
1222130023
1123120201
1311120201
1321100202
1321120220
2021103220
1202112222
2202132120
2021122120
2202201123
1132200202
1322103102
3031122122
3313122112
2322310322
2222333232
2320233232
3232230323
3233232311
1023230323
1023333302
1233232332
1231232012
0231200002
1203232233
3031220320
3311320220
3223013233
3322331313
3233132213
2333322113
1322333212
1322302121
1322021122
3132211112
3132212123
1112211332
1222210332
1222101302
1302301202
2323010201
2121020201
2121302211
1211332212
1133021211
1102021233
1102210133
1010221022
1012322022
1133220032
1033022032
1203022122
1210002222
1100022021
1032002221
3200221321
3300022321
1220003023
2101022130
2310232130
3303022310
0333223110
3321302300
3321132202
3211132211
1332130120
1330230220
0133202220
0130220200
2130233201
2130232131
1032312131
0023121331
0221021311
1023232331
1020323112
1003322112
0023322312
0230223022
1012332232
1023323121
3002332331
1123302202
3213312202
3130132202
1211302203
1230132233
1121332302
1113301232
1112302302
1212023232
1211202330
2112112102
2113212112
3113212000
3313122001
3303322002
3300221001
1132021322
1023213022
1120121222
1111123102
1121123110
2133121222
2223321223
1213021331
1212213131
1213223130
1210021230
2001322310
3201223310
3301122110
3001012230
3202122111
3210212311
3200322211
0300322311
2203322110
0320322110
2200301221
2201002221
3001022222
2221021231
1102122123
1012121232
3112121332
3103221032
3303223312
0101212023
1110322101
1010202120
2101220211
2032120231
3101220220
3121230221
3231320221
1233200221
3233201021
3120332022
1133001022
1032201022
1230201222
2302312302
3302312212
3023122311
3332312331
3331122131
0323122101
3311220331
3331121033
0331122032
0211220130
2211212030
3101232030
2112120331
2313220321
2131230331
2213120231
2223110212
0330220330
0332203321
0022203120
0002322120
1003321320
3302231332
3310322131
3210022030
3212320030
3312020031
3212200020
2312220023
1302230022
1002302300
1002022310
2202201300
0000231300
2120230130
2112023001
2113023300
2103022210
2112230300
2122130120
1322201331
1322113311
2323211301
2322011321
2212011211
2223311231
1322003213
2320023223
2220032233
2120023003
2220022113
2130322103
2132201203
2320110203
2122102003
2122121113
2221213133
2221231012
2312310223
0212210002
3202212002
0232132002
0202120002
1032120302
1002210021
3031322321
0233202012
2113320201
2112333201
2112330230
2133230230
2112210220
2023213220
3001321322
1212323201
0122321201
1232120012
1202021002
1023132100
1133030100
3321321001
3322113213
3302100013
1302110003
2231200230
2221110030
3223211000
0221121000
0020221000
3023221210
3223012210
3023132220
0302120220
0032120030
3023220020
3023202030
3112200201
0113220001
3213020000
3312102203
3131221203
0320202223
1023200231
1232302311
3323302311
2323102300
3202102301
3202321301
3321231331
2322031333
3121221330
3122321331
3022310311
3222133211
3221332010
2231332000
3221332123
3213321022
1002320331
2221133201
3122020111
1123320112
1232023301
1232021131
1023302013
3231321331
3232321011
3223200111
0232330011
1020321331
1220102331
2022101331
0022331231
2022032313
2302230321
1020032210
1230320031
3322031201
3322103301
3221113321
3221313023
3003122302
3022301301
3022201313
3221202323
3233023213
3031221313
3031211331
3231211221
2231201301
1221203311
1322030112
1122100112
2231020001
3032211303
1313221003
1323210003
3322100232
3323100220
3323230223
3332302002
1032211321
2220003333
3232111200
3232123212
3223123122
3231023102
3231201212
1011231212
3221211120
3221312330
2211332320
3232121320
1320221320
1323233202
3233231220
2332320220
2323133220
0322102002
1321020002
2202011331
2202021310
0022333023
2122310023
2132200022
0022231003
0322213102
0322130100
0122320030
0022332130
2002320130
2203320230
0223320100
0023002120
1023002212
0022020303
0022200131
1202200131
3222001312
3222031300
1021200122
1222030222
3212031220
1223302022
3223130202
1221000020
2220000232
1221002121
0022102321
0032202311
0022112313
3022123113
0022022013
1022020012
0021022002
2021212001
2021230300
2001123200
1001122100
1200122103
1201022113
1022020100
1022003110
1022000202
2022300203
1022310300
0222311000
0022313030
0032210000
2121210321
2212123022
2212111322
2101230223
3122132311
1122133301
1122333003
3322133003
3320023300
3022013000
3132123321
3222012133
3220121230
3220012000
1220020000
1202002010
1212330200
1231233203
1322031000
1203002131
2321002131
3321021303
2121021013
1123020003
1023021301
1021232101
3002023201
1312202301
2223021001
1022300101
0323023010
2313021000
0010020000
0020200300
2120100300
2202120131
1203120213
1011202133
3213232133
2031202332
2032023002
2132000000
2232300003
2101202022
2131230202
2101123021
2310212300
2120112100
1020211200
1202120100
1121212012
2121012011
3222102013
3123122010
2313312200
3233120030
3202120033
2020201330
3201310030
1230312030
2311120230
1201020230
2320102210
2322002110
2322000103
2022230103
2202002100
2201200010
2211001020
2213020120
2231322120
2200030210
2221101303
2223103203
2132210323
2013221133
0032310303
1122010323
2232131303
2132123003
2122133203
2323123103
0212123103
2312123303
0121233133
1021233130
2121233100
2123321010
3120233200
3020203110
0212121300
2201123333
3201323130
3202032330
2330003330
2332300330
2232033333
0221313130
3221331301
3223131011
3322330001
3222300010
3022230110
1212230110
2211323110
2111230111
2210230330
2200230100
0200211000
2230302100
0230230300
2230233303
2103102200
0221023133
2021320110
3022331120
3020323100
1120121100
3120122123
3123121300
3122312000
3102231001
3122000100
1222000300
2121200030
2213200033
2023020033
0223320031
3212333001
0223223121
3223321111
3322021311
3022013331
3023233301
3230321102
3213203301
0212320301
0233020301
0223323311
1213032311
0023032311
0322303311
0230322001
3022002001
0003220331
2023032231
2020020331
0230321322
3023032202
3323332003
2332333223
3223332032
3123321232
3333221303
3033021321
3133321003
3221032232
3223002322
0222300232
2203003220
3121012201
1023033003
2200233331
2320213331
0320223332
3102233302
0102230212
2122030212
2112320212
2232030220
1032000210
0132200210
1020303230
1223030330
1232333030
1202333321
1212333023
1210323302
1121023320
1210323210
0221330233
0122133000
2232312330
2021321330
2013212103
0230322330
0213322321
0213332201
0211232121
1011020330
3111021300
0110203000
1002330003
0113202003
0133220023
0223231023
2323213023
2223203123
2122213123
2012233323
2121233313
3221103313
2231211023
2231233113
2201133112
2221003113
3322000313
2221030130
2121030233
2321100233
2302102213
2013020221
3211230233
3211323021
3313230201
1211323012
1112323111
1111321211
1111121331
0002323131
0122313131
0123231302
0023231120
1232231313
3222311310
1022313133
1122312311
3213231231
1322113123
3212112320
3321200320
1213230320
1021300220
2023300221
3213102220
3213022223
3211032300
2110332330
0320332331
0323333033
1323320023
0023332001
0323332020
0023332222
0223033222
0220302222
0220302311
2210102310
2223130022
2233310032
1023331232
1102333101
2332333101
1213233101
1022311210
1212331231
1221030231
2212030331
3223130331
3223330220
2203331020
2223313100
2232013000
2323203310
2201320331
2230203031
2213102003
2322011010
1320022010
1313012011
1232313200
1323032130
2123021130
1203021110
2132302210
1323332101
2233012101
2233323101
1103023130
1102020102
1203023033
2120321300
0320321321
1203231311
1133323103
1123332110
1120332131
1120333311
0112333031
3113322103
1233332102
1232330121
1232303212
1121330111
2122330331
2320301331
2211012201
2111002021
2222013310
2220313312
2022302312
2230312232
1220310232
1220312101
1223211021
1223112232
2232112123
2232111221
2123213213
0232313213
2232113210
2231313202
0221313211
2332100210
2312200012
2321032100
2221012110
2311323103
2230033223
3230330231
2303332231
2303321232
2032320122
2333232121
2021323212
2123323202
2002323202
3012023222
3310022022
2023023210
2030202310
0202323010
0221030010
0021023230
0020232103
2223032102
2223301321
2233310121
3233313122
2323012323
3132102323
3231102223
3131200233
1231321032
1031322332
2203032332
2202303312
2120233302
3320232322
2220032010
2201032030
0120332210
0123302230
3123332301
3121332231
3323332210
0232333221
1233333220
0332332301
3323233230
0323231000
0132310200
3332313323
3332213130
3222131030
3022331032
3320213100
1320212110
2320210030
2022200020
2022003211
2322003332
2022020021
2100200020
1002120020
0100202330
0103020030
1102002230
1202100310
2022130033
2132330033
2322331230
1322133230
0223133230
1223103320
2221103322
3122313330
2302110331
2132313030
2231100320
2233230120
2132331200
2113333100
2133332002
2303323302
1232033123
2303332100
0322331002
0302123102
0302202312
0102020210
0322330210
2303230210
0221310220
0233210220
2022133100
0021123100
2202113300
2213103100
2222103112
2213031210
2211331030
0230012220
2230031230
2233112320
0110212230
1202302332
1232030233
1323020233
1232133332
1203033313
1202132030
2132132020
2102032322
0213021020
2031320201
2013023202
2321132030
2032012030
2032112333
0220022312
0022002112
0322330332
0332230322
1132332332
3132323130
1232310130
1232101000
3132312320
3102120320
3102202032
1220113310
3321230100
3232313010
0213210030
2303322033
3032322013
1021322010
1022313011
1202313013
2323032033
1223012033
1231120331
3230331333
2332002003
2331102002
3322333321
3321233323
3321331223
0212332323
3123323323
2120323313
2101223113
2001223132
2031323102
2301232132
2311230333
2312330133
2033332101
2131333211
1101233102
1101230113
1032302213
1132302103
2120232213
2212312113
2213212013
2210230123
2223330123
2233331103
2233331232
2121333223
2122303133
0102200313
2121303303
2212113033
3102323103
3321133233
2331113323
0023132333
0202321333
3230332011
2323033301
3230122013
3230232003
3230233020
2230123020
2220013020
0200021320
2220113323
2220030323
2220231121
3220232111
2220303121
1230123121
2231121312
2323312032
2321120132
3233122310
3233302030
2033102000
2231113001
3223113003
0022011300
0020110003
1220211003
2222031311
2022000301
2022213101
0212313101
2220010101
2213010311
2211023311
2211302011
2203312311
3210323101
2220321131
0012303301
2123023331
2123002103
3123002233
2223000213
0223010211
2123201011
1231200013
2121300121
3123021223
3031231223
0332321223
0332323120
1132321221
1132233122
1223011010
2023210010
2022121010
2231210132
2202100102
1232000102
1032211010
1112332123
1112032022
2113223313
1213302313
2231332312
1231133231
1231123210
1231113311
1221110312
2201103231
2131223122
2031231232
2112012321
2032332302
2033121102
0132231332
0232320332
2232301332
2320323032
2322301012
2131323133
2231302131
2230020311
2230002321
2202000321
2230100332
2230310301
2221010300
1220210300
1202133003
2233030310
2133331330
2231003211
1203211033
1101221031
2213011033
2131012033
1321231213
3203233332
3213023330
2212013130
2212300130
2213301300
2233003300
3223303330
3223330313
3223100310
1223000031
1220033312
3223300133
2200010312
3220200130
3122030230
2211001331
2232100133
2312201332
0022301332
3322101333
3222111233
1022111113
0223001310
0232301320
2200303320
2211313330
1211123030
1020111233
2201112233
1202111230
1321112230
3211323232
3201023231
3211233220
3113233223
1220133220
3220303323
3203132323
3220331320
3102231320
0233002203
2220011210
1122013210
1112033220
1111332230
1112133030
1111303103
2223001022
2221011121
2221301122
2223310302
2220301032
1322311221
2132312121
1123312121
3212331121
1322331033
1221331133
1332313021
1333323321
1331302221
1333132220
1330012222
1311330221
1023303331
1123300001
0122003301
2120002201
1123102231
1111203301
2112211023
2112010233
0221020213
1132030211
3203312332
0203332230
3202333223
3210323223
0221303223
1231203220
1203213320
1132132300
1312132303
1123203031
3113020331
3323000301
3330002331
3133300031
3200002231
1320001222
3232300032
3320000322
1120202101
3120201301
3321020330
3332132330
3322130320
1023110320
3023112323
0223112322
2221111232
3221301232
0221103202
2221033302
2231130102
2211333101
1211330003
2311233121
1233320013
1233000003
1233102032
3213202332
3023232132
1230302320
1230230132
2302030032
1231020120
1221112010
1221210103
1211110233
1211231023
0220213010
0220321033
1220121213
0220321202
0220213302
2221031023
2210103233
2210121330
0211233310
2230021323
1230323333
1233121333
1230121003
1211021033
1211303033
0201302133
0211030023
3032023323
2012003321
2002323321
2303233120
3003223120
2003223201
2203003001
2230130023
2231330021
1223013123
3322301123
3223131123
1231331230
1302313120
2300203001
3220213001
2302120021
2203130221
2103030220
2203200222
3220020023
3220211231
3330022033
3330202030
2300202032
3202020312
3220030302
3020202303
3030223033
3320203202
3212012023
3320132112
1310122113
2131022121
2231032323
1221030303
3231020333
2330312321
2230301233
2200201203
3200021202
2200002303
2200332321
3220132321
3230313321
3220300221
2220310021
2013332321
3233331321
0221333321
3221000321
0023333131
3233030131
3203330031
3332331020
3333321030
0032321230
2331021020
2231001123
2332031023
3313321321
3331332233
3131022233
3110022132
3111312203
3011333203
3312323231
1210320222
1213321123
3202321023
3202310333
0202312313
3213211023
3202332113
3120231123
3120202113
3132000223
3232001020
3203200323
3202001223
1202011023
1200203323
1212010230
1220102120
1210203100
1101203200
1230201030
1102210320
1130212130
1021212120
1212110020
1213312023
0230212023
0230321213
1112102020
1311210320
1312100000
2302102320
2312112000
2322111103
3221111113
3121210112
3321232113
0330232113
1110232110
1100221130
3002211330
1023211330
2202311320
2003231320
3211321213
1212101021
0131122320
1102313300
1100322330
1100002331
1123000230
1112300220
3112303200
3132201300
3122303211
2123303111
3122330323
1112330333
3122000332
1123303213
3122333113
2112313210
2012312101
0332312100
3321213002
0221313002
1121012303
1130022303
1130223113
1230210113
1121213113
1102123033
1021123031
1102212101
1112112001
1232112100
3233132100
3233333111
3211123100
1132311230
3011323123
3012321021
3123212103
1120321003
1120301233
1123001033
1123033133
1220013130
2220033100
2203321003
2030021000
2103231100
2113211030
0112312030
2113112203
2131112202
2211113302
1112331130
1120321210
1012021211
3101221312
1130121133
2203121133
3201121223
3201331203
2231131200
2331132120
2201121110
2203123010
2203210310
2203203132
2213013102
2113213301
2002203002
1022033102
2021033222
2011023022
2110200221
2331020211
2333302011
3333320211
3230202131
3223021313
2011123330
2211133313
3211130013
3021003221
3022033121
1123030121
2123230021
3123333120
1210333130
3022021112
3020221111
0202121113
0222111130
0120221012
3123021002
3123210333
3012320131
2002320312
3123103221
0133213221
0123213003
1123230033
2323313001
2223313033
2233333013
2133023033
1132023013
1032021123
2113033113
1132333012
2233303223
1232300223
1233202122
1231212021
1331212311
1330213321
1212300321
1121230132
1121320332
2332112311
1203300233
1102320203
1103203023
1103233220
1032332010
1313233210
3313232100
3332311203
0332300213
2332001233
2312000200
2012110203
0312320203
3332320123
3330212011
3230210010
3333032023
3233303100
2323310310
2123000310
2021002210
2111000230
2110231230
1231033100
1331032020
1033233020
1033211032
1033221213
1332321013
1233210131
1313232123
1012320123
0132320313
1033211100
1013211020
1013221112
2012332112
2023211102
2021213112
2221131213
2202103121
2120210223
1120100203
1123100222
1120012023
1122100021
2022331213
2022133021
2220123011
3320123210
3203123211
3321033211
0322033310
0122331103
3123311033
3022302033
3020212133
2020231033
2123331303
3123301203
3012331013
3012232012
2101203033
2130230013
2220200013
1302300333
1300332333
3300332111
3123003303
3223003021
3223001030
3023011022
3220001201
0123203333
0003123333
2120300333
3212003033
3122100133
3102121133
3201211233
3312111033
3330212233
3132131233
3133033233
3320231233
3322312130
3312032030
3320302020
2332030302
3300021210
1320021203
1313323203
1113320100
1130320000
1133320131
3133221101
1302120032
3021223032
0123323032
0023230002
0023213300
0033233302
3022122102
1023320032
0212133302
3313213320
3312210120
3131220132
1021213301
0021202301
2023121230
2021310230
0211213231
3021213211
3321210311
3311212211
3021313001
2211321321
2210133221
2102033021
1202003021
2202012121
2210202122
1210120123
2213120322
2200230322
1200323022
1130321022
1103200322
1212130313
1322013033
1321211033
1220300312
2223300110
1223310321
1323310231
2213330111
2120212122
2232302122
2003233222
2032130222
2232131022
2132011122
2231013122
1232113122
2132130332
3032230302
1213330331
3012203021
2031332220
2130202112
2301002112
3202203022
3103233022
2310320322
2310123222
0210132222
0201312223
2233113222
1131123222
1002303022
2002123122
2332310211
2102302002
1202323123
2132320302
3102012122
1333123232
1333230231
1333203331
1321013010
2321033021
2311303022
2333003023
2332013022
2323003002
2231300012
2211310002
2321133002
2331303302
2013203302
1213213303
1231103333
0223010303
1012313303
3220131002
3221010033
2111020033
1321303203
1321113212
1211133002
1032133002
1231312002
1223131300
1231121122
1233121100
1211211301
1221131101
2331121101
2031121220
2203111030
1333312110
1211113220
3121111311
0121111332
1121133332
1312123133
1012120101
2100122010
1103122011
3002212010
3302302110
1121023131
1120213332
3120123332
2120021322
2200103202
2002112020
2121001330
1220301300
1230103200
1123300320
1120313323
3112000030
1020023302
0023002302
1123001302
0121000300
0321100001
1000211302
1212100032
1211120132
2211100232
1112100231
3112102031
3133210231
1332100201
0232131201
0232031122
2333100231
2330200223
2131200120
2313200232
2311210022
2013210023
2112100303
1113120033
1113320323
1103221313
1200201013
2102101033
1313020032
1320200212
1310200030
1200200232
1022003032
1020200003
1100200103
1000023032
1302012303
2120200322
3100200222
1113323332
2111333232
1113003233
2112333322
2333332322
2000333322
2020231222
2200313122
0020032322
0021032221
0020123221
1103123221
1103312323
2032012201
1012312211
0101202201
0130120222
0200202301
0203002321
0211302301
2110302321
0013023321
0301232331
0303221332
3031203232
3201103332
0231220232
0230102322
2301023323
1103023323
1020230213
1220330223
2203312203
2020312213
2003332210
2002031200
2030312200
2130312022
1022031212
3002203112
0120230023
1320330020
1330320110
2321331020
1100230201
1130000301
1332000320
1120003330
3320002310
0322000233
0023003233
1131102331
1031202030
1033232033
1331233033
1321333013
2022303013
1102303223
1133002223
1021032023
1022132020
1120132330
0130232333
1301323300
1302333203
1013233032
3312333103
1130203020
0311302002
2013202333
2203301333
2012102313
2012300320
2133203323
2133100333
3213000303
1233030323
0223030321
1230013323
2303333323
1303333310
1213000223
2211300303
1021300303
1013023023
1012312320
0212012322
1030022023
1230002033
3230200202
3233302212
3233020322
3333023120
3332000122
3322100111
3311023233
0311023023
1301102223
1311002220
0301122301
1012132310
1001213000
1022131031
1022103313
1102003311
1132023121
3122131131
3231002122
3131000212
1100323312
1022311023
1123132023
0123002323
0120103323
1320303322
1312230232
0312203032
1312103022
1312031221
1312013223
2023201323
0213202323
0232003322
1213200302
2233300202
0333302202
2121300202
0121323203
2101023203
1221301002
1323031022
0301200203
0132002023
1002002023
0002032000
0032302000
1011302000
1203032023
0120023020
1312103331
1102103322
2110211322
3302033220
0023210233
1320103300
3220133303
3012033302
1021103101
3123123101
1123121031
2121131001
2100210330
0121230330
0121213312
1302302003
3231302003
3032102003
3032020113
1032112021
1303211231
1333210223
1303210321
1033320222
1003020203
1103022103
1131002113
1132100013
1113200113
1013203103
2111200103
2032032103
0321032213
1003211222
1203210123
2120320122
1003021212
1001123232
1313213030
1013212231
0201321230
1200321232
3120312302
0123232123
0123230222
0112320021
3113022021
1113321021
1311020021
1313102211
3020132232
3011322033
3111321032
0013233233
0023202022
0201123213
0120212323
0202211323
0100221322
0221231322
0020230321
1001230320
1321130322
0021132203
0331133203
0321121202
0031322131
0013312331
0333200212
0221200112
1111200212
1111210223
3311202232
1331212132
1131312133
1130322232
2321120011
2121000012
2302000001
1101000201
1102030031
1332300011
1332303332
1332002132
1332110102
1230302112
3130233332
3210213333
1210112333
2001102333
1302213232
1210211330
1200012332
1230311332
0230121032
2321001003
0232100023
0023211013
0022210113
2301323211
2303212011
1013232021
1013230013
1323130013
1231130032
3231213032
3201021332
2201110332
2201010211
3010102210
2201112310
2020121320
0101213220
0201221301
2022011120
2201100213
2201110220
0312002330
1312301300
1333330200
1331103000
3013213332
0312231010
0210023323
0220011321
0122011121
1022010121
1210131210
2211311210
1211300210
1021100000
1231300300
1231230301
1213033021
1231301020
2201303021
1230032301
2203120303
1223133032
1233132021
2331020122
2331212210
1201303000
3213032001
3213033100
2110320013
1103210213
1100213223
1210233213
1330323213
1030203223
1230203111
0200320023
0020323003
0320123203
1020132003
2201232013
1200112013
1320312033
1301323033
0130133233
1321013323
0321110333
0321112201
0320212021
2201330032
2213303331
0002323223
0201233222
0300233322
0203123321
0102113323
1301332022
3013330231
3212330211
2200302022
2000322023
0003212302
1003202132
1000320230
0003321222
0002132320
0113123331
0113312302
1113310233
0213331033
0212131233
1212001333
3123310230
2120311230
0212033120
2102003120
2102013230
2120113220
3323130030
3332130023
3332330111
2323113330
1123101200
2001232301
2301233312
3321032312
3323303212
3011022312
2023233312
2120333112
2120133030
2121030320
2110133320
1111333022
1112313222
3120120021
2330120320
0231320320
2320103020
2002201111
2230333022
2210033322
3210233122
3100233120
3111122101
1310002000
1332003001
1330202001
1030202302
1303302322
3033202320
1033202210
1131200310
1123003101
1322013101
1033201131
1333023210
1033103321
2023113301
2120311321
1121211323
1113231323
1133201320
1112011320
1110202132
1112112322
1213121320
2131012320
1101113321
1312130321
1311133333
1312121121
3312121213
1131012332
1310022332
1312020333
1302001033
3022011323
1023010332
1020020132
1102001132
1120013222
0121023212
0121202122
3121102022
3121002102
0021122322
0021021222
0321320322
3213233002
0201233001
0100213300
2111330301
0211130001
2113303030
3323133012
3323033102
0321333312
3213323112
3021332322
0031102212
0001102220
0111230122
0312112301
3112311301
2131231101
0312331201
0212331100
0201230332
0210233332
2011210330
1011211230
0102323311
0102033331
0120233121
1311130102
0311132100
2311332302
3331322102
0321312302
3001322111
3013221302
3032213121
1030213122
3133231002
2121201131
1231201132
2123102112
2123231122
2223331112
0122033111
2320102122
2320321212
2320200132
1320000032
1330002230
1310102330
1331002300
1331000213
3331030223
1323100323
0323103331
1123103003
1201030021
1230031023
1120303002
1103030332
1103230300
1120033010
1130033213
1120031230
3130002211
0302002201
0202032131
0110233231
0131023223
1013120220
1033120132
0131002221
3131203021
1001233021
3310203321
2301213021
1031210121
1331010221
1303020211
1233101201
1213301221
2210300201
3213300021
3121030002
0321030302
1321003302
1301102332
2101120002
1200300030
2131301222
2103313222
0103323122
2111310222
2123010322
2111021221
1111001222
1031003212
2110332122
2113321131
2131211311
0131221131
2132111301
1213211132
3132111002
1302111010
2302110100
3022110123
3221010122
2133233212
2132033210
2131032301
2231013230
0231002232
3333002232
3323330022
3330323022
3330312300
2330321301
3333301220
2312301210
3312302320
1331200222
1331001122
1331203123
1311210133
1121011133
1331110303
1131000333
3313000222
3131110222
3321101222
3331111223
3313002210
3131230022
1312300113
1111300131
1131303231
1101333233
0123130323
0101233321
3012132321
3001033321
3333013321
3012313230
3012021230
2011101230
2211101133
0212102123
0011210123
2011210202
0021120212
0022300123
0012200003
0211100223
0211100302
0311201302
0212200332
0021200232
3112313002
1311321002
0323210012
2323311013
0211213322
0311013222
0312313233
0321013233
3321313210
1033231310
1033332320
0333320323
1131320303
0033232321
0333213232
0033203200
1033203002
2331310300
2331030000
2102030010
1033300010
2230330010
2030230320
3123030010
3333033010
0123032101
2303300300
1003300321
1103330223
2203102330
2303112230
3203110230
3223110120
2113310010
1111330010
0200120210
3302001021
0200020101
3320220101
2320120121
1310220131
1310120232
1110312002
1103201001
1303002330
3303023301
1203001320
1303033321
1303320332
3333200332
1033200330
3333100321
3321103031
3113211303
0211211103
0210231120
2110331020
0100231220
0121133220
0120302203
0213323120
1113123120
1211303320
0311323320
1011023120
1231102312
3211130320
3311130203
2031133322
2021032332
2011133233
2331333230
2131333020
0113213020
3132103020
3132213310
3133233313
3303233300
3331303200
0331313223
2231310323
2132331323
0211310033
1321131303
3121113133
0212110133
0112121013
3011212003
2013332003
3131313221
2011313221
1031313220
0031322210
0331302230
0031302320
2303130320
2333100020
2330000202
0030323202
1113113210
1313303110
1213123113
3121120113
2121101210
1133301210
0333321210
0332021200
0303023203
1331031210
2321103121
0132031220
0231032210
3103122100
0031032030
0130323230
0212031021
2120131221
0321200221
0331103221
3311033320
0231103300
1300200221
3300002213
0100002200
2313003213
2302003203
0232032013
3231002313
3123032313
1310303233
3313032203
2333032303
3120032223
1333031233
1332310233
0333231033
3333312223
2331312020
2033312010
0133321031
1313331223
1323333123
1012131213
1032010203
1030310223
1130313233
1120313031
3323012113
0323312111
3123312112
3303231211
3330331210
3032331212
3002321213
2300321220
3103312201
3112032201
0230200213
0230333212
2310333202
3303312021
3323110023
2320331201
0233312021
0203321121
2203020111
2200212111
2002122110
2233003121
2332023131
2333123030
0233112030
0133312032
2333021310
0322003130
0231230313
0231132321
3331112321
0232130131
3333121231
0333121203
0330201203
2330301200
0202012033
0220013033
0020312023
0223011031
0323002021
0322001001
1121001001
0322000022
0303202002
1102000022
0201201333
0322121133
0302232023
0023030023
0032003223
0012000323
0211000333
0212000213
2210000313
1110000213
2120001021
0302003023
0031202023
0031212122
0033121232
0332112320
0332311231
0332312013
2103112121
0213110221
0123010021
0201202021
3330102021
3331202121
0213211310
0200211332
2320000211
0032200333
0312100333
0002000331
1012230331
3102100331
3121303332
3213133322
3230133222
3110333222
1123311222
1212311220
1212013022
1013013222
3213033212
1221113022
1121110221
1021110331
2311102331
0200311220
3200312320
3200321030
1111110202
2111013020
3312331322
3313320232
3331130232
0323130232
0321002322
3032300222
3010302221
3012002202
0320010202
3002331221
3123303102
3133300322
3312330300
3313320003
3312300023
2123000023
2233000011
3231200311
3232203110
3203320010
3112133023
1313113323
1311321333
1031321133
1301322131
3130123023
2113133022
2113110321
2113000212
1313030202
1333230302
0312303202
0213032030
0023013202
3310230020
0003032022
0003200220
0013202221
2312302013
2212100013
2133020213
3311330002
3111330033
3231330303
3213133203
3310233203
3113033003
1101303302
1111031020
1101033300
1120330303
0012032033
0012121333
0312121020
3121310120
1300231003
0300231202
0300223002
0310032302
2312031102
3121231102
3321311322
3122311122
1122131122
1220111112
3123201022
2132010202
3323231112
3332101022
3332133112
3333213012
0312323113
0321320113
3332111332
3232011232
3312011222
3333112212
3231112120
3323111201
3211110201
3323112122
3312312102
1311312122
3121131212
3211312101
1311112023
1311312233
1211112031
1111112132
2111121320
2311012330
2310012233
2320012132
3200302132
3211301200
1323211212
3221102112
2122110211
1112110213
1132131212
1102133120
0021331220
0221331110
1013111212
3112131202
1133210312
1033212011
1030121112
1112311033
1212301013
1212031310
2123111313
0132110231
2011211021
2010321001
1201032201
1231031321
1233303021
1203303201
3200033211
3203233110
3330303311
2320303213
1320002113
1300220313
1330333111
2101032211
1200032213
3330230313
3302333130
3302023010
2330002313
1300321133
1100233133
1010321233
1013323231
2013321323
2033323233
2031032233
1011000233
1003232313
3112133100
3120001323
1331003311
0133023311
0132123111
0121331311
2013323111
0133123323
2133323310
3133320300
0133220310
3033220311
3133320012
1313322012
0333022013
0333012031
1300002012
1303332212
2033302330
2133033320
3103033221
2130303221
0120303231
1030331220
1303313230
3300333221
2300103221
0200203221
2302013301
3122011211
3202201311
3122011302
3210333310
2201033310
2301133330
3021133300
3021330000
2011110000
0233001001
3230000000
0233103231
0233313230
0233133301
0133332300
0133333210
0233130210
0331332310
2321131310
3321113120
3320211302
0320211333
0230001333
0312211203
0113332120
0113333221
0133332133
0133122122
1331330320
1303330030
1311131320
1331231120
0333212300
1131211300
3212003310
3211030210
3212101331
0232113312
0313210332
0213120330
3212103132
3013211321
0320133321
3130333021
3120033231
3112003232
3132010331
0232013330
0020033021
2313032021
2313031323
0313033211
2323131021
2302311023
2102321121
2102312110
2002311201
2320101033
0130003321
3110032020
0100032323
2302032123
2300020213
3302020023
0320032133
0320231032
0122011032
0122101232
3120101330
0322131013
0103203202
3133032120
3012303212
0123231211
3133203211
3210200211
2210211213
2021201213
0302203213
0301233211
0303302211
0303302023
3033302021
0333020020
3030230221
0300322003
1310332003
0312033203
1011032203
3121031203
1020033201
0020333232
0003322032
0013321030
2023033323
0103123232
1310023013
2200033121
1200032100
1200030202
1110032103
1201003303
1120103312
1130132123
1103121122
1210121102
1100111232
3103211122
1100231022
0032111223
0120310222
0331323132
2311330120
2111301310
1113130230
3113132330
0113313330
1101213130
2103132130
1003132330
3001323210
3112101211
0331023031
0121103213
0111100313
0210110322
3201332131
1033013320
1033012302
0033321302
0021303302
0002332102
0132132101
0231112101
3231120103
0130233010
0312132121
0032130321
1233010122
1333010232
1033302312
1033330332
0030230332
1010333033
1310113033
3312113330
0311130330
3130303320
2130000220
3033000220
1132103310
0311133232
3311133021
3311230212
3131123032
3111100032
1111302032
3321113303
3230330322
3203303023
0203203030
1333300112
1332330132
0333002311
0321220131
2032100121
2031102123
3033102233
3031320233
3013121233
1013321013
1203331013
0023121003
3121000131
2300312133
3030332223
1020332123
0202130123
0002131023
0201321013
1102330122
2103330322
2021300023
1020000323
3210332033
1010003203
3030322030
3010332010
2000302030
2112300122
1121011212
3023310021
3333102201
3233310233
0333102033
0223100033
1020100133
1220001133
1021031131
1021311332
0102312132
0223110101
0303110033
0113110333
0133120230
0103220100
0100221203
3122033012
3132002012
1213331312
1200331322
1320331122
3112030122
0132030022
0130032021
0310332021
3301233202
3311012302
0133102021
1021331022
0113231022
0102111022
3113310320
3103133320
0133333322
1133133223
0213330223
0013220213
0001230213
3201230111
0012320013
0002320201
0213103021
0233330000
2003231213
0210330202
0113330232
3113330312
3110333303
3131333333
1131331322
1133333202
2331331122
0131021321
0131211322
3131231310
0130022032
0132021132
3113231132
3113313212
2113011202
3111233112
0230211122
0332021022
0132013232
1132300312
3102300132
1010022012
1113032112
0112032332
0131003332
0220031332
0113132102
3013123212
0102321102
0113302212
0113002022
0121020022
0112100212
0303120022
3012200322
0220103122
0112103102
0112111112
0212310122
0102310322
0122103012
0102330221
0102300020
0302301120
3201300220
3210000022
0210020021
3212010302
3013012201
0200012201
3203020123
3030212330
1003021333
0113021330
0103231331
2002030333
1030213231
1030032313
1010003310
1012301311
1013032010
1001200331
3020021330
3033021130
3033312130
3131112330
3103212130
3003202110
3030322112
3102202310
0310202313
3101203303
3110120233
0013212120
2133313131
1333133122
0303103222
3012133122
3331321121
3033302303
1203301130
1230113031
3030201220
3130203122
3132032102
3201002032
0202300013
0220030201
0023001221
0003231221
0311231321
3132301321
0112111321
0112100320
0131000020
2012131320
2102313203
0210231003
0210002023
0100021221
2300313201
2301330202
2130013200
3302132002
2130130203
2100110221
2133110220
1100100220
1002013020
1132101120
1132011103
1312011210
1311021200
3010211202
2131102310
2101123310
2100023320
2300023332
0101023330
1021013330
3010033330
3100000330
1100021332
1210003132
1113003002
1312000312
1320201121
1110231121
1133211121
0100330320
0110320110
1010230310
1311230311
3110200312
3100230002
3102010002
3110230100
3010230003
2110301002
0110230311
1110300311
3002021022
3032030021
3303203032
3313233013
3131020013
3313200213
1310203113
2302023113
1321000011
1021023311
3131323311
3033323313
3103213311
1103213201
1020300021
0321102013
0201102303
0102130203
1010210323
0101132223
1201013223
2201001322
0100322213
0102112211
0202130211
0202102132
0211331211
1021132231
0120133211
1101332031
0102132021
0100132331
2100123331
2001203121
0100033312
2010002212
2110203212
1110233312
1013033312
1111032313
1030233011
2030233121
2102331031
1012033001
3102003001
2120130101
2130020100
0330020102
2020303201
3020302102
0120203132
0130202013
0002201013
2330220113
0220120113
1233100113
0121000113
0123000032
0133020002
0132200132
2013120032
0313112003
2023321002
0023021012
0003023102
0203020012
2103002132
3100032232
3100323333
3003230330
3120031132
3100323201
3300122031
3003232002
0300020232
0002330232
3002330022
3002323012
1101323010
3033123022
3021130022
3103312310
0132012310
1310321310
0210121010
2101211110
0230103010
1330303010
1033030221
1330020123
1300312100
2133012110
1133013112
2013012210
2013201212
2312103212
2201211212
2301211332
2301011221
2311201222
1310133212
2333130212
0333332112
0133331111
0333331021
0213331122
2333011212
2212301112
2022101212
2123301132
0021231132
0013113322
3232311113
3132201133
3112301120
1123111123
2113312123
0112301111
3132303033
3023330033
3102133032
3201133030
0201132033
2011330323
0021130320
3002133330
3002331300
3111030232
0111331222
0111121122
3011112332
3313123302
3233311302
1233311000
1333113020
1333311322
1333311201
1213313001
3231111322
3133011322
3333030320
3333012330
3123013320
3203010320
0230310020
2303002022
3303310222
1300210202
0230000222
0330113222
0330112213
1330111022
3333011002
1203010201
0221101321
0322010120
3302310320
3023103000
3300021032
3102113000
1311331301
1313333011
1310330210
3130330200
1031333323
0311333213
0001133221
0302113021
0321133023
0000032231
3021102302
3020210102
0113333313
1133313010
1133131030
1331313130
2112313333
2313211333
0012311133
2120131333
2103213133
0323213133
0223013112
0123131130
1020131120
0123100330
0120000331
0120001122
0120000210
0230002002
0223000102
0203201102
0130200231
1020002311
1013000311
1201302013
1101102021
3130110201
3030020201
3000023223
0000232122
1310310021
1103113022
1101100012
1301300002
1113300012
1103030013
3113303001
1103330002
1100033001
1102001300
0213303002
3213030032
2213030302
2013230322
2012130302
0202303102
0203003332
0200032012
0220303012
0201002312
2200033002
2010003002
0102033002
0120303300
0233000320
3130020320
3130033310
3133002310
3130021312
3013002000
3300321331
3301320321
1133031331
3110231331
3312023101
3113333131
2310333313
2313312313
3100303131
3013333113
3300232102
3031202102
3010203102
1301020303
0120002030
0300302010
0201020302
0320020310
0111023302
0111202312
0121312031
3111013322
1130130322
1011300322
0113000200
1113131302
1111013033
1311030013
1110330023
1310030322
2111000322
2101003232
1101003031
1110210302
1110033202
1200330012
0130011202
2130321120
1302303112
2302030211
1231213112
2330030221
1330000111
2130021231
0130121301
0332121211
0323011101
0322111210
0323112130
0321311212
0122311213
0113111213
0211311120
0231301221
2023013021
2020030310
2013111221
2030230212
0313311221
1013110021
0211330012
0231130020
0101130031
0101303221
2103300211
2030320021
1101302311
1110132021
1110303201
1110012211
2110310211
0110332013
3110132213
2111330213
3102120213
0103122313
1310112231
3101102131
0110002311
0110212012
0131100322
0112003121
1101200121
1201301121
0201300323
1201100130
0230000130
0000102130
0013102330
0220100131
0021201121
0321013121
0220113111
0100122111
1001232112
1301201312
1303200012
0120130122
3110130022
0110033022
3011000332
0110301221
0010300222
0033310221
0021030122
1011320232
0011110230
2030110232
0111102120
0111320123
0213323013
2102133013
2132013313
2332111213
2203111211
2331301211
3313113211
3131132313
1313103230
2132003112
1333003012
2131113233
2100133232
0100103230
0100100332
2100213002
2101030022
2101231322
2301130012
2300113322
2311021332
2131131302
2112131132
2130003133
0100023033
0133002131
0130212121
0030231211
0020321211
0021121011
3023020011
3103200112
0120320011
1332031312
3320312121
0312030311
0312320312
0312313310
0021113310
0032101330
1333101332
1303102031
0023101300
0131133330
0131303130
2333303132
2333013332
2333021132
2232011133
2103201113
1032111132
1231111130
1311021131
1313231031
1331011330
0321021130
0310312320
0300022030
0230101230
0130112200
1133111203
1310101203
0000232013
1230113213
2310113210
2311013203
1010112203
2000132233
0031112000
0321012000
0311200023
0331212001
0331210032
0331200133
0111201133
3111201223
3101201321
3111003311
3131001320
0310201320
0310101232
0313001220
0010203220
0310202121
0310302133
1111101123
1131130023
0313113202
0312101003
0332023003
0312133033
0012330322
0032331123
1032333113
2132330110
2033210300
0123112011
2023130303
2033330023
1213310110
1213020102
1113201102
2113021032
2113101330
2113131231
2113003332
2012031332
2103011332
0211301332
3320313320
3310312333
2313131332
2320111312
2101113122
3201113222
3001132212
0011130222
1011301223
0013112233
0033032232
1031030230
1031011233
0013021223
0233031223
1031031202
3112013112
1112001012
1310201012
1131121010
3331123310
1232131110
1233003110
2032013110
2330030130
1202311103
0120231001
1023101021
0120011231
0300212231
0011021231
3131320030
3331300120
3131302123
3303002123
0313330013
0312130213
2331203213
2101320020
1201131020
2001130210
0011312022
0203133022
3201333022
3013303223
3201330312
3301332330
2101331230
3031103323
3013030020
0012310020
0023133011
0023311122
0131321200
2011331200
2131312100
2121111102
3111103203
1111103130
1311110210
1121101032
0111322112
3111213230
3111011233
1111112300
3131111231
1311013300
1100133200
1130331201
1131131221
1132113101
1111131203
0111132030
0111320311
2111110120
2110113312
2310110020
0330110021
3301020001
2231011332
0113130211
1120331021
3121301023
1102121200
1021112002
1001231200
0303000120
0303220123
1100303021
3111211212
3110123121
3111100121
3113001221
3113211011
1111110011
1131310311
1131310020
1201010000
1101130100
1103111000
1120211213
0132121123
2131212113
0101221123
3020121023
3110121113
0120121030
2031201103
2001321123
0113001123
3112031103
3112231313
3112022313
3113120313
0112023213
3110023230
3310303330
3111133210
0101121210
0203121201
0201021212
0001220121
0101120130
0201200120
0210112020
0200112330
0020112210
3101002300
0112031131
3131231033
3132310213
3301202033
3301003230
3300003201
3001303222
1203130322
0003120320
1213103212
1201312322
1201110323
2101120323
3301302312
0012101120
0021111200
2001111330
0131330201
0013133023
1131013001
2130013021
2020012022
2020013232
2010200022
0002000212
0000010233
0330123001
2133123011
2330123012
0330121013
0330132311
2330000010
0210000010
0033000000
0100001020
3101330331
3031330330
0013303230
0001330030
0201330210
3021330213
3220130213
3220330110
3023301012
0013300201
0013300023
0031332202
0101332002
0010333002
3131331000
3313331001
2303231001
2301033101
1301203101
3013231010
0113120112
3001231103
0231010022
1201210022
3202303011
1203323011
3020331011
2020021011
3203031301
3210032331
3321001231
1021003123
0130030000
0133033201
0121313123
0223301123
3233011201
1330132201
0301321221
3011210213
3011212112
3001212022
3101302020
3131102000
3103021201
3003323001
3033033001
3030133302
1201123001
1320133011
1320130231
2320112002
2330211002
2130211133
2130111000
2131111022
2011101322
2012010032
2011112012
0011113121
1013112032
1011110122
2330211230
3331311230
2102112012
2102213312
3201212312
2101312312
2010131021
2010120212
0120102102
0113101202
2101301331
3213013031
3210130232
3101130230
3010230230
2000130330
1011130332
3011133312
1010313020
3210110210
3210301321
0010232312
0010221132
0011211300
3011301302
2301302130
1200130331
1230130103
1201310133
3130213013
3130132130
1201033111
1110331313
0303321001
0330332000
0330333220
0210333121
0331303001
0131300013
2130303003
2303033012
1301330123
2213133123
2131033312
0211133131
0313303121
0313320122
0033300122
0301330011
0301320212
0301200310
0212003011
0121130110
2310132012
2301302001
2301330131
2333031031
2310330001
3101121202
3130121232
3230100012
3200200031
0200230030
0203330302
0320133102
0200303232
3210121031
0201210031
2012300011
2013220011
0312300031
0031230033
1303123003
0331300321
2003023011
2003203010
2303102010
2031021012
3310220112
3310021302
3303021003
1031030012
2023120112
1123110111
2031201020
2331101030
3013121020
3033210210
3031321300
3021121002
3321210123
3301130122
1311010030
1131101230
0313110120
3332001303
3333303333
0333003030
0111003030
0131211030
0133211103
3302211103
3233201103
3033200123
3331301323
3311001322
1313100133
0313120011
0323100010
1120101010
0333310010
2313100310
2331330311
2032033031
1031333031
1011331011
1210231011
2111121011
2131100211
2112103111
2111103010
2110023010
2030033020
0311003210
3131130010
3311002103
1311000101
1113210101
1112131101
1121301100
1113011301
1112010201
0210102012
1021310201
1110013101
1310212103
3131021031
3130103001
3101233011
2312133011
3131012210
3120210210
3102010310
3202013210
1321100110
1323001112
1130113300
2110011333
1100103333
2200100033
1010013332
1010020313
1230110330
3132110030
3133000130
2103030131
3332110131
2330110333
0333011333
0130112133
0123102133
0121310010
0021312110
0021330103
2330211313
0330210303
0302130301
0003131030
0110210003
0131003003
0231011003
1031021003
1031000031
2031030321
1010032131
1100203211
2002133211
3100212112
0001212113
3010121130
1300012210
1101112110
1311112111
3321102101
1031112210
1130112312
3230102311
1323011311
1313010213
1313001310
0321301021
1331301131
1302331131
1130211031
1323111131
3232301131
1320101132
3233100132
3203102113
1113010132
1110001321
1210011311
3230023032
2110013032
1310033031
2310230312
2313331212
2210031032
2200210032
2203010022
1220011022
1220100022
2230111012
2200110113
2133010012
2133110132
2132310103
0131110203
0031000202
3003130021
1203130001
2001300232
0013010220
2001230002
2000230023
2000203103
2001020032
0001020023
3021310032
1331310031
1130310032
3130320133
2311111031
1003102022
2020103302
0011033020
0111033200
0111013313
0111313301
0111131312
1131231112
3011123303
3011120202
1012110330
1002210312
1012113102
0121101020
1210010120
0121001312
0021012312
0130210112
0123310102
0131300102
0130302301
0313200301
0320100303
0013300332
0013020132
2023300313
0020100213
0323300002
0020300132
0032000032
0020000020
0320330112
3120301112
1332311112
0033201112
0102011212
0133012102
1303032102
1313010100
0313301100
0202030112
2020130113
2231030013
2231112013
2021113013
1012113013
1301210010
3001230010
2011130011
2021110121
0211101013
0111331003
0021110102
0022010010
1020310030
0001120000
2000323000
2000102300
2031100302
2232000312
0311003301
3110103331
3310100231
0310100013
2203010100
3310100002
3310131230
3320131301
1021131311
3120313010
3330131320
2310003021
2310003303
2310001312
3100013030
1200013003
1300113330
0200021003
0220001000
0300000000
0200132000
0203112002
2020313002
0003112100
0123113100
3120013002
3230013202
3121033030
2303301021
2013301020
3023310100
0313310101
3223311103
3203311120
3230101203
2313300103
2313002101
3011220111
1331120121
1103012012
2100020012
2100001032
0211120321
0111203323
0021203313
0011120031
0011332031
0011202032
0011203122
0021230312
0111303012
0021102031
0020010031
3200100321
3201110021
0020121313
0000122310
0000323320
2030333001
2032333311
2332103313
2303103333
0123133112
3131332112
3130303012
3100333213
3120113203
1120110313
1100121303
2000123303
2010123031
3110323031
3113313023
3102110023
3210313120
0200133120
0200121131
0210023131
3010023311
0100120123
3320021131
0120010133
2200323033
3200123003
2201333213
0203333203
0003203323
0233213323
0200332303
0033312323
0031321323
0033213033
1023110033
2100310233
3101010223
3010202023
3310001020
3310221023
3310211030
3301211023
3101003023
3103002003
3000022001
2000010021
3020032101
2330032001
3000032311
0000221021
2000022111
2000221012
1002331012
2002111112
0002130012
0003210011
3013313011
2101333012
1210131301
1110111201
0003330121
2302331112
2210331113
3310131013
2112031013
3202030013
3020001013
1021001030
3021211030
3021200103
3201300103
3301310233
3013132031
3010120301
1320110301
0112013010
2113001010
2011223013
3113301013
3133230103
2103320103
1101310003
0010123210
0010132200
0010013201
1030130300
0030300200
1030300232
1312001232
3120110032
3120330013
3320310003
3203101022
0320310100
3202301000
3013311000
3012111201
2012111002
2312011001
2110010301
0033110200
1333110211
2130010003
2331210003
2313110013
2333111003
2103131002
2323131100
0131311002
0110111002
0301201000
2312010303
2302001313
2312311030
3321131130
0021101130
0103303000
3103331010
0103330311
2033203311
0033230131
0330330121
0330030012
0332033032
0330310212
0033013022
0331012023
3330012103
3100021023
3130010230
3330010020
1300010022
3330031003
3030012322
0330012130
0330031020
0010030203
0303211020
0301213330
0032133232
0001212321
3030120230
0000130220
0330130030
1330121030
3302210302
3002100002
3012000012
3112110312
3220000011
3301103002
3301010032
3301211200
1030100030
1030102110
0300330231
0300333030
0200033330
2100333300
0313033300
0311333000
2311313033
3313103033
0031333301
0032030201
0022012101
0020023101
0320000121
0032001021
3032003301
0320003313
0013123101
0013122010
1023123010
2100312301
2310312031
2210313231
0210300331
2310311232
2310033230
2303031330
0301331300
0303213200
0303033230
0030312332
1000312310
1003030310
1300030311
3000200310
1300020130
3303120130
3313310130
2313121130
2303211130
0030320113
0311211210
3331211010
3312100130
3312112110
3311030121
3311132123
3110133133
3301121230
0103211210
0103001230
3302001200
1010031200
3020030120
0103302303
0323001303
0133101233
0103100023
0203030213
0103000312
2130033102
0210133112
2001100021
3113103323
3312300332
3323101032
2001000223
2010100333
2301000033
3010021033
0130310330
0130031103
0331033123
0311331123
0321111123
1033111323
0310123123
0213130113
0113130300
0213131000
2210313000
0210010200
3200010232
3202010103
1320030100
1320311012
1210310102
1230131312
1201310310
1100310210
1301301330
1032001013
1303203130
1303013002
3032100313
3021032130
0021003132
0012103131
0131033131
0010310231
1013031231
3021303131
0331301112
0133301312
1013303132
0133103212
1331332113
0003331112
0333000132
2033200132
2133103130
2331031133
3311301033
2331133131
3111331101
3113131021
3311011021
3331030011
2011231331
3312301011
3313031012
3101331122
2310033111
2131031213
2100012213
2131131123
2110101213
1313031132
0310011032
3200333112
2003313211
1010330112
3010330121
3021021121
3210210101
3102101312
2301210101
2301103023
0301102022
0301312030
0331013200
0331203102
3330201112
2331201110
0330200311
2300101022
0101010202
0320211111
0310213101
0013213311
3012033110
3301200211
3311003131
3012101310
3001210332
0301311022
1311111222
3311211122
3310112132
0301121322
0302113230
0301112232
3200112302
3311111012
3212113012
3331312032
3031111202
1300211220
3321011102
2311101120
2011011220
3011311320
3311021120
3121021110
3301021112
2311231112
3321331111
3311333132
0311300132
0311103112
2313113122
2013213121
2013313032
2033301032
0103301032
3013010232
0303132032
0010132032
0101132132
2101031102
0001033212
2033033213
0331131012
0331101333
3133101331
2013033033
2013030130
3303121323
3302111321
3332103123
3230103033
3031102032
2003110202
0201311102
0201313332
2013133331
1003331331
1000121330
1030111310
1031013013
0011013031
0011312303
0302131130
2011311301
0011130303
0031110131
0331110013
0333111011
0311310110
0231300110
0213001132
0110000112
0310003012
0231021110
2031031100
2103113110
2023303120
2020313130
0033302110
0333103320
0333101102
1233131132
0231101131
0210112131
0211012113
3211110112
0213110012
0000110022
0020101002
0231001302
0011100012
0103310012
1030310001
0031203012
0032033312
0230331311
0203031312
0203311322
0030011312
0030021303
0011233113
2031113212
2303112112
3032112012
0003112013
3131101012
3333310102
0230333031
0220031013
0320011213
3200001313
0120331323
0020330330
0020120130
0032011033
0033110332
0020301310
3032303103
0220313103
0210013110
3120031311
0310013133
0231031330
3231131031
3310310301
3331031101
3302103310
3303010333
3310113313
0300133213
0031012213
0000022123
0030120333
0010103332
0111311131
0031311330
0332311302
0233013302
0330131332
3013031322
3003031220
3030313000
0030013210
3302303121
3303300331
3002310121
3302231121
0330021121
0230003112
0230300103
3203003102
0300221120
0300122132
2302121123
2300321013
3102310231
2310203131
2012011313
2013113313
2021311323
3021311133
0333010111
2201311113
1231311011
2121311111
2013311330
3231013301
0303333332
0310331333
2010301033
0203130132
0303110102
0300333101
3330033301
1330033002
1330030033
1333033103
2330003101
0310003100
0313103103
3002110303
3020110330
3021110011
0001120332
3000020333
0100310201
1302011332
0320110132
0130030132
0110010232
0311010012
0013012002
1013310002
0033201003
3033310003
0333313003
0031313032
3032310112
3233111112
3031310302
3130331032
3101313232
3200131332
3302131231
0310031231
0100331233
0110021133
3300230131
3130030113
3020033213
3000333023
1003231023
1003101220
0103333023
2000033313
1010033113
1011003111
0031003310
0031032112
1030303211
0033101121
0203101331
1310011121
3310032110
2110002110
2100003011
0103000001
0130010221
0130103022
1301000232
0301033132
2021033133
2002033132
3001233131
3011203130
2301320313
1302121313
1302313331
1303133101
2301113133
3132011130
3130310303
3230031100
1230012102
1221011100
3210110003
3212011110
3120111013
3133113303
1300133132
1030132132
0030002132
3003032213
3100130132
3310010332
3302303232
3023033332
3300301223
3130311222
3301112220
3200111122
3100321012
0000330133
1200030133
0230033133
0330310133
0313101312
3023130312
2302313132
3303130332
3330313232
0330003231
3332013231
2003003231
2010000231
2000001211
0210001212
2230001110
2200000122
2003030122
1033130123
3100330123
3110020123
3102301233
3130001233
3110201033
3020310233
2210010133
1100301323
2103101322
0003101132
2101010132
3210011323
3111311123
3013301133
0321031103
1302131103
3201011303
2201031131
3200311133
3201010131
2100102123
2000303223
2011303133
1003033123
3103131303
2002101323
2003121021
2001021331
2021011031
2002313031
0033100311
0033303213
0023003111
0031023113
0032113103
3031032123
3030231122
3010102122
0300100122
1030100221
1002100031
3120100120
0013003313
0010203013
0201033013
1201003012
3301003011
0011031333
0010313223
2010013120
3310003123
2030003122
2033001202
2020000102
2023001100
2300012320
3011031003
3010030031
3030000312
3020103212
1010103112
1000003013
1000000001
2002000013
3010101012
3000303312
3001033102
3001030300
3300100030
0000331022
0000121122
2003303332
2300330033
0001303033
3001313020
0003313220
3003312033
3002331133
2003333133
2032302133
2003313023
2020031303
2000030301
2320301103
3230301123
2100331003
0110131033
0101031313
3010031212
0023131212
0032121312
0023101113
0302310131
0102030101
0100201311
0002013213
0010213112
3013210012
0332101031
2033111133
0031111303
0031301203
2003001133
2032001131
0301011331
1301001321
1130101021
2130101323
3301031323
2101101203
0111101101
2130110111
2110132111
2011121112
3211213011
2010213010
1213013111
3110203011
3110100010
3313000011
3330010311
1330310013
0133010313
0133030123
1330011303
1300031223
1000130323
1001013231
2301012313
2301010120
1301001010
1301101133
0301201113
0310210113
0231211111
0001231111
2100231111
1320023111
1330013113
1302011113
0230011113
0220131133
3020133033
0132311110
0133132110
0131111113
0133311013
3133131013
3333123113
3331103013
3011123011
3011330311
3311313311
3211010313
3231001130
3231103111
1311033110
2311013011
2321010113
2313011131
1211031112
2311011123
2110111121
0110211123
2110211100
2211111111
3211003120
2210001121
3210001103
3201000310
3001001312
3031100112
2303001302
0231010133
0201011130
0201001011
0131103011
0020110311
0302010011
0100010013
0012010301
2131132011
0001301212
2010312311
1010113311
2330131113
0101311303
0201111313
0201113200
0120111120
2120031110
2200111003
2300112303
2200211301
2301313303
1101131333
0201131002
0201213110
0001133032
0331213120
0033131320
0033013100
0033333030
0031333120
0201303310
0001203100
0301002100
0303123310
0333133013
0233131313
0233011311
1023013313
1033123312
1003111332
1030113333
3031131333
3032133203
3031313213
3031301231
3031023131
3303103231
0310123300
0210113303
0101133010
1103113103
1003130102
3103100103
1003121103
1003312101
1203111101
2210311101
2200331130
3203311001
2033010031
2303110001
2103103101
3101100001
1301100020
3311101000
2033300001
2031000101
1303101100
1303311102
1100331102
1000331303
1003031302
0003033303
0030003033
3003003030
0300311330
0000013130
0003010003
2003100003
2000310103
0030312103
0213031303
0103031003
0230310313
0303231103
3031331113
3031311023
0213311113
0210310011
0200300001
0210301203
1303011203
3300300022
3310301102
3030001022
1030301322
3033030102
3030300002
0030300031
3130300023
0030301012
2000100012
0300013221
3330013122
3000131123
3010231113
3310131121
3313131110
3330130101
3002011231
3033111211
3330100133
3333101213
3303330113
3003311132
2001301102
2001300120
0001001120
0011320100
3031301010
3003030111
3102110111
0010331110
1011311110
2111131110
1311311103
2321211100
1101313112
0101310113
0113031110
3113310111
3133112101
3130113311
3133110110
2310311120
1001320113
2100300112
3100310130
3010300110
0010210130
1011210100
2012001030
1012001101
1012000120
0013000110
3011000100
1010301130
0030113020
0103031132
3030301132
0303013312
0300213212
3003013212
0030133201
1303301313
3033213113
3213313133
3203131131
2032313123
3202113131
2031103132
3011013132
0011031012
0011111010
0010011003
0010031102
3012011102
0010100102
1210102101
2013110101
1013101010
0013201011
0013111301
0230311131
2030311121
2030231010
2030123113
2013031101
2330133033
3030332131
3301121311
3301303113
3300303003
3011003213
2011001013
0110012031
3010012021
3001102013
3003100200
3003110122
3002100120
3001201201
3011201031
3200203213
3201003133
3000000123
3000202121
3000302301
2003101301
3000103031
0000303111
0003103001
0033031301
0130313113
0301132113
3001121132
2001112132
0000031321
1003103033
1003113011
1003120311
2300100311
0300102101
1200100011
1100111011
1300131031
2300231030
2330113100
2300133103
3300331000
3000033200
3000313202
3000123102
3000210200
3030112102
3030112313
3010302313
3003021113
3100211313
3001121010
3300213303
3003313322
0003313313
0010323313
3300201322
3130010102
1300101301
1301103211
1330101211
1000103120
1001032121
1010101222
3011101023
3300110103
3301030103
2310102103
2010012102
2010111332
3101112103
3001010113
3100100313
1003311113
1300301011
2000301110
2033010113
2013302113
0011302111
0011200211
0011002201
3311300111
3213002111
3120302011
2311001111
3011011111
3212010121
2012010111
2101000111
1010210011
3100310011
3020101311
2033101310
2003131312
3030010121
3103001213
0030110123
0030001123
0031010110
0310111100
0110011310
0030133323
3310011200
1003113200
0003113131
3013113130
3031130301
3301133301
3100133101
2100301101
3010113320
3000001320
3100111300
2100201122
2001012322
2200011222
0000013322
0020013113
2010011321
2001213213
3201213103
3001113203
3021111101
3023111310
3110311110
3020011110
3100201110
3100003112
3300311101
3202031111
3001132133
3300123133
3000233333
3303033133
0303233313
0301030333
3003030323
3002203233
3002002313
3002000203
0003200103
3000301103
1300201102
1000002103
0000001112
1101101102
1200101032
3300013110
3000013301
3000031010
3003213101
2032131011
3000111030
3030111001
3200011021
0102011001
0101012101
0101110121
0301131121
0300111012
0310311311
1210321111
3001113110
0300311123
0300121233
0321011011
0303210110
1300130110
2300320111
0300010112
0330110310
3320111031
3320112010
0300101310
0001011013
0001013123
3302101101
3132001111
3033012111
3020112111
1000132111
0000321100
0200301302
1000231101
1000311000
1001213111
1001101213
0103011120
0103013031
1201011122
1031011022
1001011101
1100011200
2003011111
2030113131
1000112301
2001133001
2001031011
2010032011
2000202011
2030112011
0030120011
0310120101
2030310012
2000011203
0000010300
1000010102
1000310322
3000320302
2303013121
1003001003
1001131003
1001321001
0001111031
0000211230
2000211132
1100031113
1100010111
0001300101
0001110201
1000110131
1002130130
1000031130
1002021030
1000113113
2001131223
2103011223
1020111321
1001311221
0000311011
0000220110
1001210203
2103210303
2001211303
2001200313
3032201101
0303121111
3101301313
0310101111
3213011300
3213101102
3013201100
3300320100
3300133010
2033133010
3023133110
2112310031
1101121111
1201102111
3303111312
3100112033
2303300223
