--- Global Parameters ---
Code Length:			10
Min Codebook Edit Distance:	5

Max Run:			0
Min GC Content:			0
Max GC Content:			0

--- Generation Configuration ---
Generation Method:		Random Candidates
Number of Random Candidates:	50000

--- Results Summary ---
Number of Candidates:		50000
Number of Ones in Matrix:	104245628
Number of Code Words:		190

--- Performance Metrics ---
Number of Threads:		32
Candidate Generation Time:	0.04	seconds
Fill Adjacency List Time:	62.71	seconds
Process Matrix Time:		328.24	seconds
Overall Execution Time:		391.01	seconds
=========================================== 
3333333331
1111333330
0003333322
0000003331
0000331111
0133333113
0033223333
0033330001
3330000001
3333300223
0333322211
0333111110
0303000111
3011111111
0000111000
3330331100
1233333020
1233031111
3110033311
1100011113
1100003000
1133030333
1113320111
1133301200
3103330010
1303313011
1331320000
3313302110
2111000011
0313323300
2200333310
1003113330
1033312313
1333203312
3322233111
1012333101
1110131010
3131113000
1111111302
1133110021
3311133322
1331011331
1101131121
0311313112
3103311122
2103103311
2131301112
2113033002
1110303212
1311000102
1112300020
3333010132
0033003102
0013000030
0331130032
0011113033
0100330303
3131120311
2311331031
2211131100
3101301301
0111323021
0111203303
0113211133
1210331133
1013231332
3030131333
3101112133
3331102303
1113122003
1301233033
3231233313
3321110013
1321102111
0112110012
0311110220
3010310002
0313033223
3303032003
3021330103
3302101112
3011003120
3310020330
2321103330
3223313303
3323103021
0332003320
1210003323
2110113203
0213313231
0110101231
1120213331
1212111031
0031101213
1122301313
1320311032
1130102032
1131002223
2110322333
3123132332
2010100133
2310023113
3130220133
0230030013
2233001033
3100021031
3130012302
3312013210
2332200113
3312231023
3301200022
0301023010
3200101023
2200110011
3122011100
2222111113
2013301320
3202030332
1223300322
1222000003
0220001300
0220133233
3200123130
0023332130
0212320033
2213213013
0201211311
0202102333
0002001123
2003121103
2203312030
2032310100
2131230230
2230100200
1102120100
2202003101
1020010210
0021203011
3002300211
2023020131
2000020302
2302121331
0022130320
0221312001
3030211201
2130122110
2001322311
0020223100
3233322002
2022233302
2222123000
1032221130
2232210032
0003221021
1032030221
2122330201
2033202210
2332011202
0323230122
0120311220
2232332121
2023112321
3230113212
2011222000
2012021012
0300212230
1322032020
3323221200
3122322030
3132231212
3221210120
1322223323
1132222201
3012220321
2002220233
1001323220
1221021230
0121212213
0231203232
1211222312
0101220202
0233022123
2011213222
2221020022
1222201221
0222022202
2320003222
2010022221
3021122122
1102021222
