--- Global Parameters ---
Code Length:			10
Min Codebook Edit Distance:	5

Max Run:			0
Min GC Content:			0
Max GC Content:			0

--- Generation Configuration ---
Generation Method:		Differential Varshamov-Tenengolts Code
Differential VT Code syndrome:	0

--- Results Summary ---
Number of Candidates:		26216
Number of Ones in Matrix:	30763908
Number of Code Words:		165

--- Performance Metrics ---
Number of Threads:		32
Candidate Generation Time:	0.04	seconds
Fill Adjacency List Time:	14.58	seconds
Process Matrix Time:		86.16	seconds
Overall Execution Time:		100.80	seconds
=========================================== 
1111111221
3223333333
2222223302
2222212223
2011222222
3222220133
2220000222
3000000333
1110000001
2300000111
3222000300
0220003311
2221110111
2211111300
3111110013
1111003333
1322000233
3321000012
3322022222
3322201111
3222111202
3211100220
3130011111
1311002211
1130222221
2020022211
0330002220
0011000110
3011121111
3121222210
1122322111
3220230211
1123010211
2122200120
1112002122
1112223013
2112311113
0122011100
2212021101
0222102210
1121102202
1122212032
1223123222
1022100101
1201220000
1002021110
1331101110
1110231120
1322232100
2110102010
1213120011
2213122120
2331122200
1010121200
1110122332
1202101311
1100012313
1011113103
1232112013
3122102333
2311110232
2211230023
2223010033
2123120203
0212010002
0212123333
0220201203
1311231233
1002122233
0012101223
2200101123
1012020321
0131112322
2031100122
2002112121
0322113112
1000102022
0002002202
3022203022
2300123221
3010032223
0211033222
0202322122
0033122212
0000312011
0001132113
0201122031
2022113230
2120131231
2201331112
2101103130
3211232312
3102121132
0012311332
1201130332
3301221103
3301101322
0311201301
0203011131
0302112300
0320130223
2302013333
2210302303
0230022133
0022033213
2032223123
3231001132
1030003113
1130130133
1213021330
2323011310
2223032321
3200132320
3300120030
3312001020
2332002103
2301300003
0313022010
2233022002
2233201322
3113212300
3012130303
0312230320
3232032230
3002322000
3012331210
3203201010
1300230012
1120033200
0100301300
2000233020
1103031102
1303131220
3003113023
0023230312
0002233101
0302030031
0132103011
0132231022
0113132311
1102333232
3121133101
3001033002
2112333001
0131332003
1321333310
0030333323
2031333100
2330033312
0233131030
1033101003
2003301021
1233033023
0332332211
1332203132
3103231331
1133312123
3133003120
0333301102
3301332131
3323020331
2033212030
0333100231
2333313011
3333233000
