--- Global Parameters ---
Code Length:			10
Min Codebook Edit Distance:	5

Max Run:			0
Min GC Content:			0
Max GC Content:			0

--- Generation Configuration ---
Generation Method:		Varshamov-Tenengolts Code
VT Code parameter a:		0
VT Code parameter b:		0

--- Results Summary ---
Number of Candidates:		26164
Number of Ones in Matrix:	29914552
Number of Code Words:		164

--- Performance Metrics ---
Number of Threads:		32
Candidate Generation Time:	0.02	seconds
Fill Adjacency List Time:	14.48	seconds
Process Matrix Time:		85.25	seconds
Overall Execution Time:		99.76	seconds
=========================================== 
1111110020
2033222222
3222122222
3310222223
3333332220
3320000000
0000020020
0000033101
3003000011
3133000222
1210000022
3111000033
0113300000
1100100100
3333300333
0022200002
1001100032
3311100322
0011100113
0331000203
0000101222
3001110200
2003300220
3000220212
3031003002
3310001112
0303000132
1002002223
1000330203
3000021303
2103000303
2000110323
0033330130
0020103033
1003133333
0001322233
3033012233
0210022333
3301102213
0032122200
3032320003
2030210000
2211002220
2320001233
2202000110
0201100301
2201003332
2300202322
0330200310
3300201201
3003203100
1000212330
3303223332
3311033330
3230103220
3202203022
1010203010
2331022300
1330103001
1333203230
3220320233
2222220332
2023322330
2233333203
2223300013
2221203000
2200132002
1220322000
2230300321
2220021021
0200232210
2132003320
3202033313
0322303300
2332002211
0222223201
2122202230
1322200213
2022221100
0302221033
3112200120
0033201021
0133210033
0012220131
3011202331
3322112330
3321202102
0130032021
0010312001
0110102012
0102302202
1121022201
1031302020
2100231030
1111223100
2101212003
3112232303
1100032113
1102221210
1101203323
1102001331
1230102133
0020212113
2322312203
1311012232
1221013303
1223201032
1110301320
0121023322
0311232022
0212330320
0232232132
0021132120
1212202312
0212011230
2202112231
0111121221
1111133212
1002231322
2011332323
1123330232
0122333213
1021303231
1312123331
1132212022
1021210122
1112211133
2032123133
2112312332
1232323310
1332303122
1231211320
2113011223
3132322130
3003332312
3200312122
2330313023
3110211021
3201323321
3331132031
1331322113
3121313132
3312331000
3111130101
2311330210
2313210103
2001131103
3021011013
2110320111
0121302111
0221331031
0231313012
2310213211
3232210111
0301121310
0131011100
2012111112
3223111133
1320310110
1200311301
1313313302
0103311322
1033011111
3323311211
