--- Global Parameters ---
Code Length:			10
Min Codebook Edit Distance:	5

Max Run:			0
Min GC Content:			0
Max GC Content:			0

--- Generation Configuration ---
Generation Method:		Random Candidates
Number of Random Candidates:	20000

--- Results Summary ---
Number of Candidates:		20000
Number of Ones in Matrix:	16699012
Number of Code Words:		169

--- Performance Metrics ---
Number of Threads:		32
Candidate Generation Time:	0.02	seconds
Fill Adjacency List Time:	7.76	seconds
Process Matrix Time:		49.92	seconds
Overall Execution Time:		57.74	seconds
=========================================== 
0222233333
2222222231
0000033330
0022222322
3222221110
1002222000
0002202211
0003322220
0000000223
3001000000
0000102100
0220022202
2222000002
3130222222
3322322200
3022210220
0112212200
2111022220
3112223320
1130002200
1222321222
2221220320
3212120000
1122223012
3302230002
3200233220
2032020200
1112033222
1110100002
1311122202
1113322300
1102022233
1100221102
2202202103
2000220130
1000203032
0102220031
1222002323
1010022321
1233222023
1230000033
0303020003
0110320020
1020120023
0001122032
0012223103
0102110222
0032132223
0202121230
2012212033
3303222333
2302312223
2302203322
3201122213
3320022123
3322003330
3330000302
3303001222
3011200122
0311002322
2301222121
1132201221
0112003033
2132221133
2221112333
1231022330
1111112030
1322011000
1310011223
1321000210
1003002310
1221123100
1211302003
0121202110
1312210212
1123032120
1023211203
1130210323
1121101320
2110001332
1001011322
1112101113
0021001303
2020003120
1000312133
1121322131
0111321232
1012323332
0322302133
0220101123
3002003113
1220031312
2200310003
2110233023
1211130322
2211003010
1022030101
3220230031
2203012032
2233003223
2210221011
2112012311
3120001111
1100130121
3020102331
2300030211
2320323033
2020211321
3013032203
3202101012
2232111122
3302111133
3231210233
3211211302
2310211100
2011113300
2101213210
2031210002
0223213000
0201110110
1213111001
2211131131
2323001031
3112031001
3000113001
3311013003
2300113313
0302133020
0321213221
3113311220
1303111210
3310112112
2301301013
2313130220
2031031021
3210331213
3103203231
1312103301
3131123031
0331000131
0033110201
0013201131
0313300100
3330232130
3323120301
3333102211
2033212111
2023231010
2213320212
0032320012
0301312311
0101033112
0123311012
0211333201
0331233032
2133103130
2233321301
0033303311
0233031132
2033332322
1333330001
3003333102
1203333013
2122333111
1332332112
2313033312
3333313113
1331311333
1133033331
