--- Global Parameters ---
Code Length:			10
Min Codebook Edit Distance:	5

Max Run:			0
Min GC Content:			0
Max GC Content:			0

--- Generation Configuration ---
Generation Method:		Linear Code
Min Candidate Hamming Distance:	3

--- Results Summary ---
Number of Candidates:		16384
Number of Ones in Matrix:	11108010
Number of Code Words:		166

--- Performance Metrics ---
Number of Threads:		32
Candidate Generation Time:	0.02	seconds
Fill Adjacency List Time:	4.95	seconds
Process Matrix Time:		29.72	seconds
Overall Execution Time:		34.70	seconds
=========================================== 
0000000000
3322222233
3333332223
3333000030
3333111100
2222111110
1111111120
0000111130
1111000010
2222000020
1111222200
2211110011
3311112203
3300110001
0221100003
0332200001
3300002213
0000222210
0022221113
2202222001
3220002100
3212211000
3332210220
3221110222
0311120020
0111331000
3011121111
0001221002
2011201100
0011002202
0333322002
2130022000
2233002222
1330003200
1233333000
2113100022
3100020022
3002322222
3110302220
1200010220
2323112220
2100122223
1222212202
1002211122
0311222112
3312322010
2331002110
3313012122
3001113102
2331110302
3131011012
3213030002
0300012032
2200001132
2010111221
3010013020
3020311200
3102100110
3301011133
1331100123
3232001111
3200201201
0232111201
3022102012
0302102221
0003010212
3003230100
0322301120
0033031220
3310231121
0310221300
2322231102
2120202122
0230321122
0230010013
0033110031
2330031023
0323121011
3330220311
1300030111
2311023001
2010000311
1010202001
1313200221
2030203010
0210102030
3013202113
2020330001
0330302131
2220322111
0120031101
0022322300
1220230010
3222123101
2323202031
0103220203
0023302023
2003002303
2223301300
0220300321
3020200330
1022003222
3323033110
3132023202
0212200312
1023022032
2033213202
2022312213
0201332110
1233222130
3200033123
2201131212
2211332201
1133320101
3332331031
3122332003
2102321103
2233312033
3223223312
2222233231
3221013031
2213333122
1211223022
2122130121
2102333220
3123330322
2220133302
3213313210
2131223211
1132131222
0123012310
1233011321
1122011023
1223100332
3210210323
2321303223
0321311332
2133103131
3033101323
2300332330
1303133022
3101132300
3030333321
0231113330
1003123201
1002333011
0012323121
0031331313
0131303301
1000013331
0020213233
1020103103
0100310333
0012033330
1102012130
1011301322
1311333103
1120333112
2111013113
3132213331
1131230312
0301323033
1330233333
0113112133
1212031233
2111320233
