--- Global Parameters ---
Code Length:			10
Min Codebook Edit Distance:	5

Max Run:			0
Min GC Content:			0
Max GC Content:			0

--- Generation Configuration ---
Generation Method:		Random Candidates
Number of Random Candidates:	10000

--- Results Summary ---
Number of Candidates:		10000
Number of Ones in Matrix:	4179652
Number of Code Words:		157

--- Performance Metrics ---
Number of Threads:		32
Candidate Generation Time:	0.02	seconds
Fill Adjacency List Time:	1.76	seconds
Process Matrix Time:		9.59	seconds
Overall Execution Time:		11.39	seconds
=========================================== 
0000000000
2222200011
1122221111
3122222223
1333222221
0022223333
3322220300
3311122220
1111110223
1111222133
1012222320
0110022222
3300022233
2220322220
2202221330
2102222002
3003222212
2212233322
2211220221
0112220031
0212212233
2011122332
2222123023
3222112212
2122111220
0022321222
1121201222
2002102223
2223102231
3231322232
2231232200
1221213231
3221120333
1222002133
2212000232
1132022332
3212022311
3112002020
3322302322
1132210202
1020002212
1113000322
0111000211
1131112000
1112133200
2122030000
3201022000
3331220023
2312220113
2220201102
2032200122
2132122110
1212302012
1222333030
3202230210
3322233121
3223212001
0121021200
1021200100
0202110022
1002230003
0233300222
0230220320
3300201200
3230000021
0320203223
1322010321
0010200332
3020020013
0220033302
2200003331
2200012013
0030012203
0300221121
1302001120
0210001123
0330000313
1130100230
1110023313
1103120033
1201302323
1323320203
1312303233
0103202300
1323003300
2213012330
3100030330
3200123032
1310211232
2330102032
3333010000
2302330032
2311023202
2133220301
2101103003
3223030103
3013100203
1211103120
1101102112
3021323320
3001033023
1001212021
2110013021
1120332121
1301333222
2113132122
2230131221
3310130012
2102303211
1030233201
0000332211
1002023131
1232103311
1000011333
3100011102
3321311202
0320331000
3333303201
0313322102
1013201210
0113330010
0031320201
0011211000
0023100310
0021122111
0022011011
0221300131
3010032131
2211131113
1200213110
2010310101
3302110101
2311321033
0211330303
0301233310
0012103113
0102321103
2332013310
3111111331
3123113030
3203111120
3113323111
0322113132
3130213333
3103231322
1003313002
0131101323
1331313303
0332333331
0123313213
0331212130
2033310333
2130332313
0033031301
1203031132
0333101111
2333311021
