--- Global Parameters ---
Code Length:			12
Min Codebook Edit Distance:	4

Max Run:			0
Min GC Content:			0
Max GC Content:			0

--- Generation Configuration ---
Generation Method:		Random Candidates
Number of Random Candidates:	10000

--- Results Summary ---
Number of Candidates:		10000
Number of Ones in Matrix:	73028
Number of Code Words:		3424

--- Performance Metrics ---
Number of Threads:		8
Candidate Generation Time:	0.01	seconds
Fill Adjacency List Time:	1.57	seconds
Process Matrix Time:		0.19	seconds
Overall Execution Time:		1.79	seconds
=========================================== 
333221011103
300000111000
311300033200
111111231111
013321211200
030300212300
012231132333
200000002012
000000003211
020000320020
101130003113
312230100300
113230222002
102103230113
230122122130
210003033032
000200312120
111321133112
110221133310
203010003320
321033102112
100011003321
310011333001
223111203333
210221120200
022132210222
103002213011
310022112322
121111113320
330311321333
322222222302
133313233333
320130003232
033130100130
210100000010
102122220112
002302110221
002231331212
201301331233
022203221002
031233000231
223331230202
231021111330
133210302320
201031313002
100013133320
033302000003
333212130012
123330001033
113023000033
100011131213
031121011000
113011132223
023103011222
111113302010
133100000002
322032103313
300130300002
333303323032
200103123103
322203311300
131130133220
111133012103
101000023013
113330211001
222023210000
311101100320
013332102023
102220311030
100020000023
111330223233
021311113303
111110132311
301120202220
300000122021
133111011230
003123212322
011230200221
023002330330
221302333330
331000332210
313211211000
333213200001
332332120133
032112222302
122123122121
220101013302
130000112232
230333113220
222002202332
110003111013
131130022200
311130020310
332022110120
211121001323
321200011133
333333100310
330320320300
331130023111
231123233010
002200021000
111102332111
011003322111
133002100022
020001330321
022203013100
322232313021
301023122032
212223211333
133322322103
133312221230
310202220300
222311223021
222031111132
131132233310
131202102210
133220230222
100033300233
013322232202
011223110023
030120113122
122203122133
023333301322
230330321332
102223202020
011330001312
233211011211
002212313330
010222330030
020022213033
203222333332
303310300031
110230002100
020230312200
013322020013
322333321113
122300302222
221202301133
111300310030
000132111022
111322021101
330223031120
221002312221
201033312220
321133302210
313332200001
212200300101
313300100212
201200011231
110001131330
001021300210
220011010312
220122210313
230133211031
323232110112
123000230220
223102113223
333332023020
023031133223
331032013310
112030012302
321023333020
333001221320
302311133333
330202202033
223202300210
323022111122
303220110101
133122210102
312012101100
130221201130
002112212331
200001221033
223211220033
213220210312
011222002013
331022001013
231332030032
222203113202
123322010021
311131211310
332123211312
113312110112
301013111113
320111332211
203320111102
323131003211
322122103201
022122020320
013200203020
112022223120
023123230310
023122322300
131322203331
033331000233
111331311100
131122110022
320321120303
321103122300
020113111230
233033300021
111212230100
032013033103
002020331103
210333230031
201333333021
012121130012
011222113303
122303203323
332211103301
323121010332
333011021032
022110033331
001322210000
121332012333
122000211130
220000130132
011132320033
323321000101
120230000111
120020010131
013020101121
012002032221
031111020001
101032221011
112011300222
311211010103
312110303212
031022212320
101033313212
022233330231
311133330211
022233120222
022213012223
102021002123
113102100121
111200210002
112022003310
122300013213
222132103232
112000322203
110302320223
112010030201
112101023320
000033332121
331303000333
221203100323
202333102221
021333212221
211330120131
211331223121
020313132221
011100121323
312133223001
012012212222
012231201123
222013113032
222011200223
322113300022
132113210012
030103331310
021111333210
021001310132
010002200330
113033031303
133323202002
120223102222
131201132100
322333222120
110021323101
023333231002
312230223321
133111212132
200230323013
220101120232
230002112023
300200331222
100100312222
212302213220
002222103310
223021210231
010022233211
222222000030
002010000300
020010333311
020311311302
031312320300
131331120323
200022112012
233321221103
333122221131
232233212012
222311320132
132211002120
022302103200
102000311323
310230313320
202003121211
211211100120
232013223222
101111220131
233113231030
311100333233
101113203111
330222210001
332110300013
302310330102
333133321300
333313313210
320211221322
221302032211
030233311300
030000023222
010001232121
113211330213
010211332233
013321100022
032200000323
230200001222
231120000322
331120002203
033223030133
333230331333
313110102111
132313022113
233301200113
233002100211
313212222003
333212333020
330203333202
001102000231
301021332002
011002012022
102200231013
031313323011
012031130311
023211121122
213211322223
210101322221
211220000033
022210132113
232222111300
020111133012
110023121212
001112001321
232321111313
123132313110
010313223311
312021302231
332201332232
001130103120
221001131213
220100021313
333322232231
333122003221
303110233121
323302222300
233102200320
130122000330
320223001333
231112300230
033323222321
133311320331
203210203301
000010202301
332311223131
331211132231
230301211111
300221011310
330213322330
332103303311
123001110130
233300110230
133310011300
233311312310
223321312303
213113110210
013131102011
133311331220
133211130020
132201111030
223221112130
302321131110
313032131110
201321310130
011113101020
310113010221
311213331022
331333102130
131033110330
021121111022
010201111002
220112311332
021113112222
122133110122
221331111021
020131131222
101331212302
103312111002
101331020032
310031111031
130230111022
300033111301
111130230012
311333303312
311333100222
332133100323
331311302223
133130320223
133120012223
130103102233
320313320223
123121310230
102320102302
102300012031
132300111101
121210011201
121131121123
121213212101
111210101301
101201002300
101000122200
120201003230
111232010322
121120110220
121220000310
120222123300
111122011302
023121012202
022021122202
222022123333
222002213211
232101221011
232201200211
031102203011
311222232101
131012223010
113102213030
132222230111
030222200311
012300200310
322222001321
213301020303
222300030102
221230002021
112330003021
132202000112
022120002112
212000332011
203020033311
213322333011
212022010211
211201100311
211300303301
210201000333
110102000031
210100103123
312212010011
223012220211
013022110031
310223130231
302232112221
001203133131
310223001102
122200131102
312330013210
113201101032
113303131322
313302111022
003023111212
200303101013
223302001010
110223100111
132232102031
133132100113
311330320013
013123202331
222311000022
222020200022
112031133002
112003303300
223000300312
231200300110
331112000011
111122000211
311322101230
011331031330
021101033133
133301032131
331100130112
331100111211
330303112211
133110021321
123331232321
131311100112
211100301113
210133003101
231110210021
231033210020
333123221020
003310122320
021200300011
321311300011
322210000010
302131010101
222331020121
021010210001
201021000111
300210100131
211212031001
221212203132
212223012002
222230221003
032213102000
332211010000
133231101003
330001132003
033221112300
202211133000
202221113103
312321112201
321121211301
301001212301
001030323331
102002233331
202011121331
213113210131
212301331101
311231231100
111221011003
102110113020
110211112220
112211133222
011211232222
111111303203
011210302022
211223103322
213323333322
213332323222
213331333200
321323131300
221313112002
211311132022
011311131323
110111323010
122013113200
322313011202
232131310112
322013100312
320331003302
220123100211
023122300221
322033100001
220101200020
023330002301
123100013001
133010020001
131303022003
100012022033
103002322230
230130102003
220030120023
220031020233
311200311023
323023102002
300200102300
303012001011
302000211111
321210022320
222100023022
310100010002
311101113003
211311103103
203111322103
201103322102
221103333212
211103003002
111130300001
111031010001
311320102012
211231202111
212232302011
222330321012
301132001111
031202031111
013312002111
003011022221
033133013111
103300303112
033003201102
000023012102
330031013230
210230030300
202100310002
203300300200
201330002000
210311102300
210112113300
021011313030
300301232330
103030122221
103003112023
133033211201
211113133102
221013120322
221301330222
211013011302
212001011002
211030121200
213002012220
213031001200
220010312001
221202012001
221003220001
131202200001
230310200003
101222233010
100202130000
012012110003
023120110303
223303211001
033301110001
333102212000
301033112000
132010212030
132111110120
100131012123
131130211020
113112111010
213031111010
223331111200
223323011311
221300011100
231100112010
331100221030
232112022333
032120221313
321200203301
331311020330
331222020231
031322030221
302220001001
030210000101
130300001012
123300020113
332300030110
330320100011
333220102000
302033201000
330323120212
330330002033
302002000203
330221000200
323220003230
321212111020
321202300020
232202331230
300020102311
212322300021
311203000123
120212230001
110012233301
223312320031
203222210031
222222110021
222112102001
222121011330
102030013330
000300120220
200200010330
200031103030
012001010030
300330011030
300310002130
300320032320
303020232332
101311123033
233131113133
322301013103
311102030103
331100001023
203313000003
031333000103
001331100031
201233110021
210233311002
033330330011
133013331021
033321333012
133213131132
212303311233
022300300231
012200000031
301000103231
130300003221
223033032221
303033033112
332332321121
311000003021
123002000321
121100000122
010000001130
121100220300
322000132300
120010130200
122003122201
112303100231
122100022231
221102022312
221123201122
222322201222
322312121220
220221201332
223222310132
220023220333
201223222333
222000222323
012201022233
212010121222
010003112233
021003211023
132230222323
313100022230
323200002211
323011022331
321301021300
123311221100
313311120100
103112020000
303010222131
300013323231
300033210220
300232332333
310021123333
011022102333
123022200333
123122112233
112312322313
010123032113
002101331113
002120332033
122331030213
023233003011
233203003031
100000031031
031320223001
033001001031
002021101031
002022102003
302032212300
000022322002
200022321100
202222330131
222220233111
002220023311
020221200221
002212000313
012021210201
220223110100
100022122222
101021232220
100011213220
000122222312
012312222032
120022001203
200212022232
200210003202
122222022210
203112003030
101112103303
100121032203
102012022220
100123220320
100233020000
100223120303
100033312300
123033232300
132332313022
332330331232
210323213022
230123111222
001323113220
013030110220
311230112200
113213021220
311121302100
311213202121
311211123211
001220103211
010022011201
210323111120
210332012021
121132111111
122012111101
123220111311
102322311310
021012231130
103302011213
103320211023
113310220220
103302210130
303032200100
010120301101
021100133101
021330033310
023332033331
202113000130
312100011030
310111311003
311121133032
331112231132
211011133031
033331132312
003310323022
033300120022
100332032003
130032131000
110321110000
110311013030
100301010020
200312101210
303301121020
011201121010
011021123110
013002112313
011102212211
310220020020
332201001320
303232211320
313232231332
113333211333
111133213313
133333011132
112233001212
133333020121
133331220210
333332222222
333022302322
313322203320
313310013202
200310301320
230231331323
320031130112
203110011122
200310031121
220313011221
022021211232
032033211223
203100133231
200101111313
200121110231
200330310231
201333103110
231133031100
001330331020
221313310203
232133331033
232113320331
221113323301
221033303323
330123022033
201112030201
221323302012
231100002100
220110232100
222210121020
220211011100
232101121100
232331211332
301100002121
003102111331
003303111111
002302231313
032103131133
330220231131
330201023130
003020100310
331300013130
231303313230
232300213203
330320211203
123200221213
132100231231
023212221133
323333020133
313330112013
333310202123
130302210203
333123102101
023210001202
033230022130
020323022232
222333122132
220333322311
103130222011
301013002201
301012100121
310101011121
103101111322
111010103221
311001310021
301122131023
323112210023
303122110221
331223202213
131022222130
321112220032
321112203212
321012013211
201311010011
301101003001
003110130003
010012033003
030001203032
131003100033
300012221302
313022331202
331222331310
331232233212
111202203211
331102212121
220002222131
220002023103
212300022333
223202030302
330022000312
320023130032
331123110302
302110311011
212310111031
212012212311
021201202233
233212022311
330102223112
310332123112
203122231232
320122221222
320312102222
002102223103
022220232100
022032232102
103331001211
101212012112
200012123212
220032022011
220010122311
100301012212
230001123311
330310111131
213030112132
230320131211
223000011211
222100101311
321130010211
321132312332
321100220111
211001230011
010032230013
030033320013
001232321012
111001213111
131300310111
313123211111
131233311313
232333121111
233233311103
332333311002
323233220200
122233021023
112230021231
132333222131
223233331330
330033331303
330332332013
130331311123
103013111130
132113103110
133021111303
133331213233
313133223323
123132111300
123321003013
131313232212
132321121321
132301203210
131221002321
011222031231
102210331131
012103230031
112210301211
101122202301
201122300022
101020302021
101032110012
312020110032
231120211003
213200231313
220023131023
202002113121
122021110022
221200210013
132220121003
330120032100
311203212000
320321230023
300230300230
320203030022
202303010322
022220313012
020330310010
013332211310
201300221111
001203201112
302201220111
302202023310
302011223110
133011232113
321021322310
302203022112
332200221202
032200122112
323200122022
322300220132
322003021310
220003030211
232000330301
233001210301
330212133201
330022133230
333112132030
333221030031
323230100031
121220122031
212201300032
121200310203
222303101020
203230200132
201002220122
001030130022
030031000012
000013000222
000001330202
320200130212
320013223112
223121223111
320003302322
020032223022
223032003112
003332201112
223030201133
223133212233
233332232333
233333322330
233032101330
313333002120
203322221122
211333211122
231002322303
003323211132
221003230313
230333312112
130203331112
230200321113
130210111113
113310113103
113000111122
113330130002
232330000302
220132000302
232310021030
332110021133
313322002133
110310002020
010313002033
012313030013
011313310111
010231313110
322233310111
222132112121
222233102331
032211012331
022110020101
221200101221
232220101201
231221010212
221221001013
223113103101
223013021100
101211001002
110310023002
100310021010
101002230200
101230233003
113222130033
113111130231
123133130211
122133331213
222213311113
220133331102
023003133102
001333113302
001300111202
031000211212
031020101312
000033331330
310033023130
110333231301
011333223300
221131323330
201111233023
231113112333
231131121301
211112232322
211100130120
221112222230
220312222301
203302202301
002002022013
000002311130
200221202301
223202222201
321220312221
220110222221
230010202111
210031012301
212100102300
211003030200
111323030300
011131130230
211132130212
101112100232
101111322232
211223312112
111321231020
131321023103
011012311232
111231103300
111213213030
111100000200
031200031220
231200322021
233232323031
111013120000
231030030203
310300333132
211220132320
233122313302
212220303231
222203031220
222123031031
213322010320
232312201311
232030301321
132030230210
130302212110
131323021130
231323003301
111223013301
113323133121
220221303300
200121303001
301123003310
123031211120
132021211122
130003120122
232203121123
132113101322
332011010122
332102313012
333320231002
313320030003
303321301003
300330101001
300001301013
320101301001
300112321001
013032321201
032132321002
203133322000
300101223013
200311123203
302133330013
301103311033
331203211013
133201112213
232021020131
323330301131
323332103033
333003031313
323023030333
222303300333
023333330033
333333333103
331312333213
333010033113
130100131213
303233333323
020323200003
022322210203
232212220103
033212331103
022022301101
322022323010
332222323001
133222320010
132202210010
122213310010
302122121010
003322323000
333223232110
322203302010
002003130201
021200330122
321000231120
012323323003
012131233103
011322331113
101322131103
221322231323
323132222331
321011133133
331011233003
330011103002
131100330222
332321330003
333312123300
333023123302
313301211330
312010313020
112313330232
112113331121
201211331320
201222333200
113113332331
133131323000
033131120203
333100101103
032311010210
033302231021
233332210213
232332323013
033310131023
003312210231
023331110232
203221010113
103220301011
032202010231
003232011103
032102111201
002232311120
032012202101
003233213233
100023133233
200023313302
201231033301
302001333300
010033333020
020033033203
322030233233
303003102313
322310311231
222310312330
332320313013
323211023013
321213032333
311013323332
121103233332
131020333213
111120330113
110022331220
213012311213
213011130121
210021313220
210223333210
222230333200
112223000320
122333013222
220033332200
200332022200
003322032213
120333303213
120133203303
213232022213
031330213103
000330211113
221302113013
221102130111
221320210110
223320121113
022133021130
022232211311
202123222111
023232231300
011200321300
212003321120
210001321132
223021121102
123320111120
223003331133
233003132113
033003122210
231001222100
230003123000
203032300002
003323300001
300032300020
103330203002
001123000020
101220030000
130113202000
010312132200
332021000020
232022000003
223030303001
133000333011
132300323031
312100023131
212300331032
112320333302
323213333002
032330233300
020303333001
030200131001
120302303021
310001303022
312000203122
321202102122
312031032120
330010302122
030011312132
020012210213
220012012132
030020300132
010023302122
010333302113
031022333111
210212133111
220211233311
212321113212
212211222132
221223212223
231302121220
232202322202
231212131222
131211222220
110132212220
121103221323
210321223102
132122330220
132102233203
112113330303
112333220002
213112230011
213031122202
033313322302
330301022302
103330122303
303330222210
330112222203
302031020220
200333030302
330021223221
233001313222
223101332332
123101123201
322101222221
023221222301
020221320230
002133220231
002103021221
000100112201
132011013201
221133122231
001213200000
212233200000
212123000032
212233033333
011323333331
021133331333
322013331333
212110030003
223111303002
033111303310
200331333110
212031333123
223011003021
031311003101
232120130300
212132103000
202122002023
201212302221
231223020200
203123303010
220313200200
220311230320
220111123000
303011112100
032221113110
231211230012
232012231102
110012211113
111003203133
111030111033
110111110313
302111102310
011112023302
111033021202
011232221202
211331101002
131232021201
112220222221
312233122223
323322322023
320020222230
310333212200
013223212100
122123021200
112112321203
011011223033
031213222031
211120012202
213300122121
133303221122
231311233102
333231121102
332001131102
300231110102
032331120102
330213120102
233220120103
300213112232
330211230121
230331021313
330132202132
303300202320
013032102300
001232002301
021330301300
020120203001
023012223321
022220231221
111223021323
113112201333
113022012001
212112312200
211123313231
212132011331
131133003331
321321003331
301330020331
013032000131
212323222000
112032231030
101203230330
201113100331
233121100312
333101010012
320101002010
220121000103
001200003012
010110020120
101100300233
203003000233
332030022231
332130232203
210313100123
212021300013
103321200213
102321332023
213121300030
133212013303
233230133023
223210013221
223211213322
221320112323
213203113333
201303011330
022111002323
221011100201
323101112020
223111112201
323131101022
321012320120
320103203033
320102212310
201100223230
201032022222
321003031203
323000001233
302321002330
323121023310
032111002030
331020032031
320211122203
323300033303
020000030302
021200032003
031200010103
031222003200
031012001300
211111301000
312311100223
001030012203
001320103103
101123100003
021030132031
012330113331
232131212000
121322311332
002133233333
002332331003
200332213103
303322233101
033312323131
030331222012
301332233110
301313222200
121233220110
000133003110
121022221200
203222222020
121320322022
321030032301
201230013030
231200113300
331202112311
331002310213
312120033000
313030030100
323030031202
121230022101
212120220012
001210122001
122102022002
120132221003
020102011213
102102222033
122122202133
001310222033
113202232103
021000322330
022001332233
022201033203
301300322333
210110002232
222110032122
300211222133
222113221103
321113100102
302111322000
231113132120
123112322220
232110002220
202133002122
222131302202
030211313230
023013132203
230001322233
032200133130
010021323032
011012323001
021332132000
020312331120
122310221122
233201321200
221311220000
203110122002
211301220201
231312201023
331323111023
221311032120
211012203120
213111201130
223111131111
122311011113
231011101131
230010110031
000121100112
000222210012
021322111112
322132211302
332011223302
102123100312
021302110310
333010211001
221230111112
213030302120
231323033122
232323103320
323011033200
333211131200
003011333002
011301330001
320032113330
232121102330
202222102332
232112112132
311002122130
313102322113
333302022112
332310020312
113120200223
011220123223
222212112010
310012110130
312111311130
032011031130
222020021032
212021122022
222021113011
101200223223
130000223211
100032102101
221221202210
221123022120
221122223100
200122323111
001323221213
002311221113
103132221212
023111222123
000111202222
330201121222
310111101220
111003201220
101001311220
200133311221
201130101132
213202011303
210211110133
230211131233
033111212221
030102122213
203203221233
130303031133
131303302132
031303002312
213132002222
323132200220
313332011220
131230101120
112300102112
120001210232
120030020103
022030032123
320130012223
200201012223
230030212221
230223221321
030003211121
030033301101
033133333301
230311333331
033213213321
033332133320
030310132332
030012103312
130221113332
303011313301
320221103312
330333133010
331130333012
313111310312
030331110013
233102321313
231003231131
030030201333
032031212013
023000023133
033033021330
133330023333
133231223313
223000133323
033001330303
000300313333
020231232303
001232232023
020031232231
200021331203
010002223113
203323132332
233232102321
322332310220
120202211013
333021201222
031023223122
210122222122
210212210101
202010220101
203001012010
233021030010
110201030010
101020133030
110200133203
110023103103
013210130332
101322003033
110220032030
113312002332
111120031320
111230032321
110232013311
113200001021
101310301001
100320000110
232030100100
212330000220
110300030233
303023302331
210230000123
210220221123
210110213122
220311021023
220331100130
222332220033
222331313233
122232132003
102213323000
000213223003
133222303003
133233311020
332323302100
133221310321
332233201021
323221023202
330230120120
331023022210
332223002201
332322000222
212022033122
222232131322
132030000030
301001001030
311231110121
030112011131
211112113121
330030112133
013301120033
133113131003
331111111103
332023313231
332302311322
213312000230
231332002303
233310010223
203331010122
100333000212
103133200022
303133020122
133230200020
123303020320
123102010200
223000120300
223020012312
031033300112
130302003310
210202312332
110203222301
112233232320
110200232211
110020232021
012203233220
031221323310
030001313211
033020113111
033032311312
033010003201
233000021203
133012000133
133113000231
310203232322
131132111223
201103031223
211120302223
323103032011
323301020022
223320100322
312333030021
310331330322
131030230322
102320030321
302020021313
301120211122
103313133222
322020131232
322322021132
022313202333
222323203133
210331233133
222133233223
220102330223
222021032223
013003130223
011031010223
031032103201
012103100002
020011022302
002011132302
022033102302
222001102321
020300131203
201000030023
222301122210
012100230223
223232003223
231330132222
231320230231
331330200023
331133000000
321332000110
232332101102
322303200210
320023300201
332002230131
332032132122
132002033012
310323000130
300123103020
322130301030
222212001203
202222020001
312111001032
032212111012
032311113011
322101113111
322112132311
221123110233
201123311123
231122111210
231321112112
011033111211
010331130201
010302312011
001021211121
030211113121
312111123012
031311211123
033001113123
233102011123
203102301122
300020301120
203020301213
221211021212
231111032032
121231012223
100233222023
123332020232
112303122013
110321122023
321022122233
232022322230
222200232230
210311202233
110132322303
210112231233
300122210233
300112213030
301131330302
311113203301
130011203233
113213230133
120130200133
122130320003
021130300102
113123020302
101312030210
121110112102
211231020013
212231023300
110122220013
113112223320
212303130213
021231313103
021020313113
023201311113
123033100030
130332021030
110330133020
110030320330
113030232133
111103021310
131210322331
131110301112
333220301022
311103103113
213333320032
311313200031
111322200122
113200210123
313013300133
312000320130
120333132033
120323122302
220233212302
202333111312
202222110112
202020310212
200001313021
200301202031
211030020221
011030020333
320332131021
323013101201
330130312331
222200313331
330200303001
330123330001
301223302101
311223320202
312313230000
312013232330
022102211110
021010221311
022120213030
222120313211
331203113201
203103110232
222001113220
022000111312
002203113210
021133113110
321132113133
311301113110
021313310330
202132113302
102121113301
102212110001
010121113021
013301013011
001330132311
003101322301
002221323013
003301321133
010100130211
110222113023
002123120001
202123120333
003122023333
002223122010
023112120302
002300212311
023000110121
023102001023
132102301000
132022311200
013202010023
230013112321
202122311130
000212212113
221231211300
320103121130
322313131130
333131130120
113133012021
223313213010
033131311101
233312313001
322231210010
022233201210
022231100200
012310103203
012230211032
312102211133
321213321111
221302212133
130322031002
303201310330
110220131100
112203131232
331113200133
213012000122
322032001022
302102202012
031101213310
102110023210
032003100322
022001130222
122011332321
013013211021
130013221020
130023212322
132020210331
102313221221
010310121021
331031201111
311032031101
110302221112
112023121101
202223321103
102302021133
322231301013
202023103013
020202203213
201203203200
210323032100
010313303320
203220302030
122312032030
002312233030
002100320311
200233232000
210320103213
221300103130
201322003100
302223230303
323200212303
322210220203
322022012013
322013212011
012022120213
321210102133
311201012213
112123212210
112212323301
102122233121
210213323222
012111213300
021001023213
132000100313
322012001133
233201303133
132103001103
321310002031
021330220101
312233323022
312230333031
301000013123
303303203123
310032011323
122320213202
123012232221
133021322223
122222331320
213022233230
101223013210
011223130310
213231330312
202222323233
210223023033
210233201233
031121211233
111201311233
110200111131
101310021131
313200321132
332003202232
333233320232
031333202202
033112220220
023011202220
233112202003
233102032232
133310213122
101312213222
311222213021
331302213313
313002100132
013101302133
013003101133
030021301113
311332213131
311212223222
031030312131
212201021131
312230211213
313122012313
310110012312
301301002132
301302023122
220302200122
210300300322
110300330310
313312233031
131212231302
323022313100
331021220133
200130201220
020130203223
022110210133
221311100332
022231111033
122111122033
110011122032
120111020132
120000021212
022223131110
302210113231
123020330300
133123033030
211313321310
211213130333
211313032213
311310030222
110210220111
111210002213
102113000223
121211320133
121021133003
202213100103
231321010020
113213110320
113320030120
022131303100
012013011010
333010011312
303202113312
201221311011
111210230023
111201220020
120011000210
220020112020
020220201120
002222213220
023222213022
233221013220
203231231200
023101013032
121232020033
001232110030
001323322030
102011100100
131213200210
120012320023
112100202103
120203201211
121001320121
131003321102
121000333202
301000023302
330210121030
012023221033
030203321131
302103232132
303323221312
100320220312
003303022331
033002203313
303200023331
023231120331
023332121323
323321112123
310121022123
210202102203
121001212030
120010311210
323121031123
301320323212
022223200300
002202120200
103203210200
032033012202
132003110211
210200310221
202203210223
201120021102
200321020010
000321320302
003213320310
023231320010
302313132101
303330311021
013203101211
011230131121
011221331311
100331322102
301331322001
002012201200
103202212032
002022310032
302233200133
303233301110
012333212010
002331111001
022333110101
032303303101
312333121031
312322311101
310232011001
313203310321
311313311301
102332102130
002313102230
200231021322
002100211322
212100001332
313231212202
011011222201
211021200221
301201213202
212312032202
212232332222
210031132221
102330221302
310333222332
120300222332
310310232030
310301131133
021001130103
331001222031
131303123320
113103012330
113300122310
210000222300
211300322231
201331012231
202310123120
202001220130
320210112012
032021300202
020123032022
032123120220
012301023130
112311331330
112321113333
130312003203
330012320322
130123233302
330210032123
001312110113
000321102202
201032211023
211010221103
213010032110
213012231003
303102331003
320302220003
212000221030
212200120330
202330132330
213013013033
000321022313
021212023131
312033203131
220033203132
000130310132
300003131132
310200101122
121001012322
202303330311
123033301111
123202321231
323122321210
023113322101
021023332101
332113332021
332213131311
323313130331
323313301021
323310203321
023213303121
202331130032
223101300323
221101102103
301112021200
313020012200
120113012200
120323232010
120323331031
113032103210
110021013313
000210130123
000223010021
000122000121
002333203021
213001133312
311001033212
010010033122
213010123113
122011023112
012113102313
233113033123
011311300331
111131101331
111331330313
211231233323
211233310323
213233313131
223301132311
210332112110
203301130320
303331300201
220232121311
221032321211
232023232211
033232032322
320220131301
320222131113
320230013110
202330211130
020301131010
020123310013
101133113011
001131033011
001112022310
001120221332
110011021133
010211021313
100111223330
300011233202
202202221331
120230222231
002201001032
000202123102
203122032110
223221033110
323222223110
323220202112
323200031010
223200311130
222113111310
212123131210
212302310110
321221012110
012301101103
111023131230
311203313132
023121323132
212012013130
321211200130
122022010332
012102233302
022220133332
310220302332
130030023320
332200230320
133203233320
133111233322
133112133211
333321211011
103311230111
120330121111
203110331110
233130332010
233010330230
023010113230
030011011223
002020113223
032010102303
013111022203
013110003303
320113003100
323130023200
022013122020
322013302121
222213121231
020233121032
001033301202
021323120032
022332120230
023210222030
223131202131
020130121201
220130231131
221123321313
121120203313
210222301313
222223030213
022223313323
021002223132
211102303031
113103230201
233132302300
232030302002
121132331001
221131231311
221021231302
221120313022
021010132120
110102331010
110122311122
110133113120
120131231012
002130230011
001333201010
121333123012
130133302312
213233120201
222033131120
020033120120
120023320012
110301233231
302030110323
002201330010
212231330020
213302123002
022313000030
233130001011
331330302101
013130312001
033110322003
033023022303
203032332203
230303332210
103013322113
012121012013
011211312001
201321130211
302033213211
033112310013
033013123001
313302332000
112332333000
212311332000
222311033303
221330031003
013100010130
211320031230
011202312230
131320231121
131123301121
002022013331
002010231031
102023231132
112223203122
012133221122
012033031121
020330030212
012232023021
021300213121
111232331223
101323320122
100202322123
130232202123
100010230120
030010231022
301011003102
300310221222
310230202222
313020212022
030121220022
301302230323
031122222010
002223201011
132230010123
000122320133
203132330133
200132021231
330332001211
010101021211
001302202110
012122232110
220132322133
022010030210
012011020212
323232322130
010020201012
112201200102
102001010303
020001023001
320000113101
120002011021
323020201301
321003120131
020120022321
020022021311
000002221210
020131021310
001002331021
020320221010
132310223000
131303300201
130230320001
122310332201
103103320212
123210333211
103232331311
133022232311
133320321111
132320302121
132222131210
310120303122
313021203311
102302120032
010323023112
112312031221
321201221110
113211322111
103220323121
101233232111
103323232201
030123322021
030032331011
320300021011
320302012121
232022201123
300322031123
300022013122
200023000313
200032001132
202031102012
302012012312
302210202213
312211121323
333011121313
123012133310
333023121133
322023311123
330231111210
000231123011
000232312031
201013233001
003021331211
333013332112
033011030102
320310030103
323033312030
032303231000
002313233201
010031310003
101213131203
101313122020
101231210132
121333031010
122303213111
213302013101
112303033101
133010301013
131302321013
231033301013
123010003103
122101003023
232110100123
032113302122
032032030222
322031203322
003100232222
023100132000
120131120022
111131212032
331233122022
321113122021
320000313222
121011023303
102101031333
122131313030
122030213000
121032203311
121330210311
113323011030
021332230312
012132330132
010323330102
013323110311
021332121011
213231213211
123211022232
013130223232
011110323132
130121002023
130121212010
131212120032
133130120031
010131001013
120221121210
122020110110
120221301111
123221201102
123201200121
110312020011
103121010211
103101131110
101210201033
101110233331
213100233330
211102123332
211201230122
321120220223
322120111223
301232021223
321300130023
321120133321
232020132321
220013330021
223203330201
221200323320
020020323300
320120322302
310120120102
310302210102
310323201032
322002321103
110202030132
220232330310
200232321330
220030030220
122023002300
002003002210
103033001310
100132332110
000313332310
321103013322
011030113232
121003122312
120331202212
012330222222
112033132222
312331322312
030222232222
303223222231
323123122312
323012213012
303221122220
003331221202
000333201231
003132310202
100302321002
313312322230
301202010320
301321203013
303222002122
333211002021
330221132022
333020022321
003000012332
003020033232
003113332303
031032323313
203213133313
320133133313
323113101313
213313301323
320113312233
303123121203
103112330203
011020230303
303233023003
031233112203
032331332120
103330331130
102233030230
100212302300
101330323323
302330332301
000233303232
021233001323
011303332302
021223311122
103221331112
100320013012
120331001331
103210010310
103230013131
103230032012
303230131302
003230020322
002302301232
000102130232
002020202323
210020202333
000033012333
030113013313
231230121313
311120202311
332220032311
312222031010
332232011230
002010102132
012130112122
010102212123
012213003222
032233003132
200222103122
020232300120
203031033222
301132033132
013101111221
313001101210
310113122230
311332322110
310032333210
313112133223
213202133320
210300210331
310110000331
210120230311
201203033113
202023033000
221002233010
201303132011
131223123011
313222103011
233221233013
102323012013
130323312313
100322212213
003222332123
002221302132
301222301113
110222300203
230221203203
003012032020
033012022232
330000223323
333012203330
033122103030
231222003032
230232023022
033022102202
331122112232
331131332222
111321321232
030222001022
002232013201
102220013222
133020031322
103220021320
013022200210
121021200010
102101200021
102312120123
102011220003
121010021021
103010321201
103003032130
001002030030
323220323301
230021310303
130001302031
113002301311
131201312310
101100303101
132003221012
201101101201
212010213201
231013313303
120100313303
231233331231
230123303321
201001310333
020201130033
330220310033
001032031233
310013231200
113013333230
300203312013
320320332033
232020310133
202320301333
003003013103
232203013003
203000131012
033100031032
232100203333
033230232033
201023023223
200112333213
200103310323
200000102323
202313222323
202013132023
312013000003
312003003030
120020203110
203212023120
210121323130
200123233230
131030303303
311012202023
110321022330
013232322332
121221322302
122123220303
211210320303
012123212132
013012323212
013320213032
023320313130
203330021013
203313012110
203103213112
231203323012
313201333010
113121033012
223110233012
121210033113
101120022311
101020012333
102020302233
130022231233
132310002233
100122033212
123230230113
123122001132
121112021133
211120201021
102012011132
132210113323
311122320321
111023330322
110033220321
210303120321
200102023322
202133023321
022330233131
130203023313
030223020012
001033020012
000330020021
001310033213
021110030022
020000100223
030233210030
030132303210
030022303222
031131330100
032201333022
120132303002
321223203022
302112303032
322312030012
202011203002
220121303112
202203231312
020012030131
202000323321
202123312301
002231310301
312231322033
112332132032
112331112300
011222132212
202031303210
202313020301
123213021301
232110201022
202333003200
001133133200
001333322322
003130323312
002102333122
010112213312
110112320312
010112300130
310111232332
000212200332
102132323023
003030233303
003031020033
030323120023
030132012033
002322012133
032301012123
030231312020
302210120302
030121023323
330121333232
313101323023
313133231003
303130001000
302300201002
023301001002
323000200000
303000210023
332012032023
313310121223
301303101220
310130302323
101013313023
103031303033
303033130332
003031301230
030333230120
132333302301
010233030331
023033010331
020330101232
120301333322
120110330123
030202330123
333232312121
333223311213
312122321313
211112221331
201122020331
001011202003
001132022002
000132100303
000120101203
001121021201
031121300122
331113003232
200312303232
101030132232
010302102322
101103021032
102032201232
210000220121
210103301012
210111310110
112130131130
112330321310
101030301110
122120133133
130003013212
300133010232
310313331113
320231013222
311021032221
221021012232
213101112230
320131102230
320323103233
320323212331
322301023232
210201023232
222010030332
212033223213
202301232113
200231220112
101211013232
200121003233
120211333132
022123303232
322133132032
231221031331
012012131332
031200130331
031231133332
131101133330
030232131312
030122310120
111012300330
102101330312
120121330301
100321333311
100031030311
100221030320
100312033302
230210333030
010030103023
130333323321
133133321131
230223310312
232120330031
230212332133
200100332133
200102102033
230210012233
120103012323
312113020213
211130001210
201113200213
311112221213
110102202130
010032020210
131023012023
310032202002
310030033201
302230030202
321233030003
111030031211
011233120303
111331232101
133331100101
321133313003
021232310201
301132323101
321323033201
311002313201
320010231211
320312332321
022302233232
302130311332
302232123333
332203213133
112021230233
230032230133
233121301301
200032230021
200003323122
000013221012
000130223121
020101332112
100303213221
110323010121
113230123120
113201312023
112300101200
112323111213
103323330313
112321020203
113121102003
213331211223
130311322312
232211332112
112213332110
110213032013
230210320321
200101203210
213301201202
212330230122
113332330123
213303031102
013112301231
313112333300
312112031323
121312120131
121120202121
122120330212
122011230011
120100300311
320100302213
101101302013
111102023212
111201122321
113213013231
123200113231
113221132132
003223032112
023213023212
013230321023
010320001223
011200332323
230122033023
110110332320
010103303201
012100313200
303210311220
103111311021
031111031023
001011030323
300010303323
020010020313
300110120203
200110320033
231103221332
320110131332
323310323132
322201232102
323231331103
233123231101
233330230100
230220023120
121302202320
233320013100
233231021110
033030001110
030030111112
232030033133
230030103211
213223203101
023222033103
232131031303
233120203130
231012020213
331002102001
031001020310
231103023210
213110320211
031003121020
230320232130
200233123231
201202132313
032313223230
231221322123
031113233323
011133233121
303201332303
323122132303
303321123233
300331202223
003310211203
133102130233
331201010023
031201320323
000211102023
000313112103
001312311030
000103110312
003231103123
013031323103
102031323303
223203323100
200200223303
320203233303
100301330103
002331002103
331220131021
103101033021
031010233211
311010210033
311332122033
311332201302
032132203312
022112303313
022130333112
120131033111
122102310331
212321123131
121221123113
301220112312
302200333213
122120323110
123223231303
032231321313
031013130121
031333131212
333301301212
120322313120
203233131223
313320313123
213120213203
011312120202
011302030332
001113201032
011030203100
011011103320
011111233130
021103103021
011313103232
013123332320
012213033300
112131323201
122130332323
131103232223
330033222123
030332022223
212313323231
210313131311
210013332003
101012332000
201002302032
201000313010
003200312033
033000311330
003200211230
201302330120
213221300122
302132100122
003203310012
003303021012
023321300112
303320030210
033201022122
030301302100
300322203021
002232220321
032212330211
031211321211
001132112131
000131321120
001113121011
301311312010
000212022011
230220220030
023002012203
020300223202
320210322101
012103122110
021313121102
023312212110
230222112102
233202212112
033100232111
033000230132
001303121303
101301123301
120311123331
113010203331
211310212320
123130212312
101130321021
100113021222
100311332130
023331132130
102030103312
103210300333
301203003332
202021333012
121222330012
020302033022
020312003123
000111203103
001121201023
112130120233
103123031022
110113331202
010123302210
002303302020
020202103332
113121331200
133220313200
132300132120
132302313330
132233123332
122210233302
013221221333
133212210332
132012200231
130231221031
302321232203
301011232123
202012300123
021212130313
003121313033
003032133132
002011312323
203201032322
231103212231
232110221201
321102012102
332103012302
321033200230
001303220023
001322233322
031212230230
002212203233
302012233323
021122232233
012122332223
102121333222
000312223220
132100130030
100130303332
110122101032
110212001123
311112002303
110132001322
212013313212
012213211230
312213303130
012221030123
122210201310
132231120110
122131320210
321333232310
321321332212
201333020230
122312003312
122322303333
201222300330
211322320333
311232300333
212120232020
312022023223
310322003303
113022003222
320222012303
131002012101
133322013133
312222301212
312222122111
312323212113
302323213010
113231221010
312023231002
303231203111
300213203230
230023032112
320002003212
321002100311
000210032230
000100103230
000310003331
000011011311
000011231300
303121031330
321312301232
002213123022
200313120312
202111201101
002111003220
002131002021
033311021121
033321220130
031121231321
313223031223
203211212011
103021212101
003030221101
100100322001
021300321001
003133011301
022301011201
122110313101
322210312122
322231133120
002112031212
311123011330
030310331213
322210233220
023130311321
213223031130
132130333131
311310303120
310311221203
303312201300
010331221320
103013023131
100101301131
100211300121
301210132111
301201322012
123013202112
130330012321
121033022321
331201330131
310200331111
210023133011
100123310131
032133103031
232032133031
210232131031
100032301321
100102131321
101032133322
301321033223
213321033233
323320033222
133320032230
333323023230
332323012220
332311233222
332121233123
132332123223
023223123013
032322310333
100332110333
003111110233
003120121012
230310310333
330310103322
313331102332
333320101332
233131201002
203102121001
110212120231
103122123230
122313120001
022311100311
212211010301
110011201031
112112203031
120201010311
321201030313
332231033313
332001103333
230013133131
330331103331
330122113331
100211123112
210201113112
310202110111
330130133021
103110212333
310010132333
203020112003
201020223131
310332133231
311233230301
320121312320
120112131231
120123231321
020113323322
300113233022
302332230213
023032230121
120021223311
323112323323
023223131321
003023001021
013223230021
332232303232
331032323002
312202233032
313103031332
032231302222
323212313311
321223020311
232230031211
232102203110
200223220211
002222302211
100322330233
130032032231
310012002121
310030322121
130132002213
200331330023
230321130030
230311310022
102331213321
103103113213
013311320123
000312133321
330331212131
310033121233
301331121333
023310121131
233103320033
232323220021
333230100223
333203200323
031003033322
231301033332
211000233322
222030023312
123212311323
123213100011
313013120011
300211200310
311213022011
122332203231
331110320101
031103201210
311103230010
211023210310
211033130010
211032220130
211202020110
000332220330
030003232030
331132213200
101132013203
232031031122
233313331122
213033222230
031100222233
320033211212
033232202111
031301133202
332030231100
330002012222
002310031133
