--- Global Parameters ---
Code Length:			11
Min Codebook Edit Distance:	5

Max Run:			0
Min GC Content:			0
Max GC Content:			0

--- Generation Configuration ---
Generation Method:		Differential Varshamov-Tenengolts Code
Differential VT Code syndrome:	0

--- Results Summary ---
Number of Candidates:		95326
Number of Ones in Matrix:	168343044
Number of Code Words:		441

--- Performance Metrics ---
Number of Threads:		32
Candidate Generation Time:	0.08	seconds
Fill Adjacency List Time:	124.10	seconds
Process Matrix Time:		545.34	seconds
Overall Execution Time:		669.53	seconds
=========================================== 
11111113330
21111112222
31111110111
01113333333
22223333332
33303333331
22222223133
22222202200
23223222222
10012222222
12222200122
22200000222
22000003333
11110000022
10000000003
22300222223
33300000012
32220000111
31100000331
00100002221
11200022220
11123222200
11233332222
12120200000
01212222211
13330222211
33311322222
33320002223
33333300123
33333122233
00220000233
02222122223
00323322221
30220222210
00222223021
33222200231
33222233000
02220003300
33333202001
12220033223
32222333211
33222122111
32321222201
11222212331
33322212033
31222322232
22023322233
13322122202
03332202230
03333212322
03123222333
31011222233
31122123333
03012222000
21130222232
33030222122
33332233132
13322333233
23333230333
10030022233
00333002333
13330003232
23100332222
03300033220
30013322200
23313332211
30133333221
13132323222
02111333222
13301200222
00323333300
32303332203
23333033022
00330333212
00000231222
00000302300
00201233333
00222133232
20322232332
02320332333
30033232323
00002202123
30120223322
11002322333
33022332123
13230322323
31332022022
02330222002
30222102022
33322110122
30231203222
32211002221
21022201222
10322002231
33232023321
33233231202
32033030222
33211333320
33331033203
33111103223
33211112200
23221132233
32223123200
13212312221
22333231221
33101222321
31330032230
23322203120
22323222110
03322002112
02322201323
30322231121
02223012211
32202311222
20032002322
22330002121
32000123221
03232300322
00302300220
33221000302
30200033302
31320033122
33020032331
30030003021
33230030020
30210002000
32230220033
13022002303
00221032200
33003201233
30022201330
33001023332
32002322020
31002212302
30300322111
20003022331
32310022133
00032322112
33013023023
33223013313
13202303330
23121303333
23230213332
11300333303
10130200333
30213012233
12202022302
01010002332
01201302223
00112023223
00002032032
00011332213
00021112333
00021000122
30011033230
00020033103
00230320330
01230023203
01120322122
00302123302
03120333023
03022130221
00332230003
10333203023
00003120033
13000130233
30032130332
00230100002
21000230323
33000230100
30002230011
32301233300
33312300311
03312323210
30313333113
00033301321
11030333231
10001333122
20022333131
23002313321
13110333311
23220333110
23310003301
31023333002
01022331332
03001330330
23232332301
22302303212
01222030002
01223332103
23023300003
33120320002
20330332000
03202331200
33201332012
02201013322
00000113012
31200032113
30020331112
01022232013
10202330212
31232300213
03030002013
32332003013
31112320322
01003301202
10012300302
30312310232
10123330331
22022230030
32102300032
22212330023
12222103003
01122230320
01130330032
00131313332
02102023330
22213023320
32112230200
32202030310
32112332313
02203230301
22212231212
22122032321
21222003031
11120032033
21320002002
20202030133
31231323312
13122231302
20120022300
01321132322
13010031322
22310333102
10122321323
23120010322
20122310221
33022010001
23010322021
03103030312
02212010220
33103010221
30102031231
03032011222
03110000210
23001020220
20310000132
20011002033
23002120303
03012301033
20001322002
12201320221
23231200021
00122020311
00201023211
10200003110
30000101210
20302012213
20201313220
20003001020
11002033020
20133012220
00303131230
20112303310
21012320230
20101330303
20012013201
30213030121
30301120231
12001210333
13020311333
10212013312
21201203311
21103123322
01000120310
01033123331
01102132303
01101200003
10310123230
11100230211
10103013300
03303021301
01302020121
13030210002
30132310300
13013332130
33010001130
33112021300
11213030230
21332233010
03333113030
31133020030
33303123110
11113022311
03233020111
23102320111
11323023001
13332133001
00332103121
23033010310
21113230012
31212123001
23121030211
22130030001
22001333011
10101300011
11000201012
11200123132
31001132311
03021001311
02320001031
12002021211
01132201312
00113020100
10103120202
00311102202
30111003102
30101321212
10101123313
13011122320
31301220112
02301212212
13011133012
30011130003
00112130112
10231220311
12333122300
23213010202
23133001201
02133031300
23130031313
12233001233
12333010021
10323013133
33201131303
12033130313
12113230133
11133102323
13102101232
12131002312
23131222013
12032331320
11112331021
13121120023
31101130020
31132101220
31133011322
10331112022
13323120131
10032212010
12021032010
11232031201
11331000120
12311332031
11032122121
22032120022
10021102001
12112120213
31033031011
23203121231
22031132330
02331120332
03311100133
31331101331
20333112311
03130221031
11333121032
32333021120
01232130130
33121331030
23301130102
33131211333
31113131213
13031321011
33131101012
13213123103
32132121311
01311322003
01301310201
02121310033
13201010013
01111201230
22113102301
22311120000
22203021013
20311113031
22233101312
22232011331
02231331010
02001031023
00031121000
21230311223
31001311033
31020021003
21331031033
32230311001
20322121003
21231221303
22123321000
22210121203
21121133123
22101101323
10101011223
21121010000
11103011031
11101221133
23321001103
11302310113
13320031111
21232313111
21322321112
23013221132
30120211011
22022101011
22121021131
01222011133
30321321100
31021121122
11221322110
03221113102
31122311101
01312301100
11221131000
12011221002
12300221100
31230111310
02110123110
00120011120
03231211120
12311121121
21211101102
10332011100
11121011112
20031031101
23020111101
22102311130
00001211111
32021211103
02123111113
32013311110
02310011112
