--- Global Parameters ---
Code Length:			11
Min Codebook Edit Distance:	5

Max Run:			0
Min GC Content:			0
Max GC Content:			0

--- Generation Configuration ---
Generation Method:		Varshamov-Tenengolts Code
VT Code parameter a:		0
VT Code parameter b:		0

--- Results Summary ---
Number of Candidates:		95326
Number of Ones in Matrix:	163534016
Number of Code Words:		451

--- Performance Metrics ---
Number of Threads:		32
Candidate Generation Time:	0.06	seconds
Fill Adjacency List Time:	119.42	seconds
Process Matrix Time:		507.47	seconds
Overall Execution Time:		626.99	seconds
=========================================== 
00000003333
00022222222
00000011222
00011111111
01111111333
22222222233
11111122222
20000000020
11100001000
00001002100
11002222200
11000002211
30000022230
33000000101
00000310103
03032000000
00002020031
02200000310
33300012000
00300002012
22000012203
22200222000
03322222000
22121000000
10020003200
00200022321
22000023322
13300003222
23000222212
22132022222
33203322222
22010322220
22220003221
00003200223
32200010022
02100102222
00011032221
12230002020
01021000022
00012210200
00003321201
02002032210
00102222111
30002030202
31000023003
12202223222
33112222202
00022013211
02222002101
12222320200
22222021120
02212222012
32322220022
10032200022
00130222020
00110003120
00110010001
30010100003
10020300011
20110200222
02220110000
22222100023
30221200002
33220020202
30222102220
33021022223
02330020002
00220220013
30020220120
31102220001
31110020220
11120022021
10300110002
00201112001
02002121022
00210202302
10001020323
00202233000
33202300003
11220030003
11222003212
00222110121
12221110222
20222020303
00023110032
00002132332
30222223332
30011112232
20111111220
32111112000
30002121300
03002223301
30222321001
20011222330
20002110213
12200112210
10000111130
10020312223
00023021130
20200010111
20010010332
22020030102
21020221002
01220011032
00202103112
11200111023
10300221223
12012222323
20110022103
02300022133
01200033223
02211112123
32001222013
03200100123
32200220333
11220222130
01122020332
01121220223
11110002132
00112100133
12101200023
13100220030
02110300032
21130200003
11112023203
12110032200
11122110030
11111010110
11102102013
01010030300
11020110101
11000321031
12010200110
03010023210
10221100113
10031110010
11231220000
13120100220
01103212002
21010101200
03012100212
31100122110
32010032023
13202102100
01020102330
01001122311
01110223231
01013202201
11012120310
02320201200
00321212203
00031230003
01021121103
10121112102
10121232220
10321302000
01222123201
32122222310
02101223100
12112121001
02200123011
02311021020
03120021300
01203221010
01113320100
32021100201
10012101231
10113200031
00010133031
03121100031
03020132203
00310101213
32120200213
03232112222
11122321102
01112030121
01012103323
02122031023
32002102321
32030010210
32210221021
03003010320
00300113310
20320202320
10203103020
30100113021
20013020211
22110110211
01310200311
23201200011
21112110322
22312102210
20032103100
12003101202
22031220202
22211123002
22211032030
20021133202
20210303001
20101330002
11101133001
22221113110
23022121210
12301111011
12221221111
12210311100
21201113221
21000113112
11203202122
21120013213
20120220331
21100030333
21211220113
21213212020
21221302223
21123200230
11113221121
20311122121
21131222101
21111321310
10111031301
32101100130
30221110330
01130110113
20220121132
32101121212
02120131101
32222131202
22110211330
22010121313
20123101110
21321001101
03020311110
00110231112
13100211111
31121211112
22021311121
02123211211
01222131130
23102201122
32200031113
10130101122
20320311022
21301112032
13020201232
22031101132
13021011133
10013231100
12130221103
22023201103
12230010133
10220233102
01020231313
02213201320
02223023213
32230023100
23121231100
30122032322
03131110200
31311110023
00033223102
10131220132
10131123211
10023230212
10210213321
10230113203
01211133013
22021230323
02013132112
22023212312
22323102122
22303201012
32113101022
31231100122
11331112120
30133010100
10330012101
30210302113
22310032111
32122103011
12123010321
13322101012
33132000112
31320212011
33013021012
33110010313
33310102201
03132200221
32102301220
33111031210
33221311220
31120133200
30232201111
30230120221
31310213222
30311130112
32001133111
30300013132
30003032311
13231201120
20332220110
22233220121
13221212231
11321211323
01321130320
23001031321
21100233121
33302100310
33113200300
32311230001
33031300021
31021301311
13031102230
13223131000
11023213300
12321001330
12222130331
00223030231
12010302331
12030231211
10301223031
20200133230
21001233310
22210313312
32130322211
33100232231
03210312031
13230020311
32100330301
31030203301
13312032010
23220331211
03221330101
33213311111
33201121331
23223211301
33320030321
33121132301
33011123303
33301123022
23321221013
03331120111
23321103311
33312131021
23030110303
23310031003
31033121020
20033100331
02113102303
02333100013
11313103003
23230300030
01233130021
00133310311
20330230021
21330010231
03320322311
32131012331
23113121033
11123132231
12112233311
11200333012
13103300113
23101202333
03300333001
00230330122
22231330013
11223310313
31212230033
33221302332
33311222133
03202211333
20132211233
03132221312
30123221303
33223232112
31322032103
30113132213
33202233213
33003231023
03231311132
03230103332
22131131303
33213330020
33233032001
03111133322
13113232022
33110323332
31103331122
21031312322
32212333221
33002333322
33032331101
21312331112
30312233120
31133231201
11331230222
10213331222
12110331323
12201333320
02023333301
10011333332
13101331232
12312333002
12332330111
10332311123
13003132133
10303333121
20311330223
22202333133
22322333310
21113333331
23103333200
30130333103
10130330230
11330033110
32033213003
20232332232
13132332213
01032332303
30131300333
13212303333
20032323333
33322333033
02312233233
01330233032
00233221331
23230231323
32233031322
21033032132
22133232033
22333321100
20333132201
22333003202
23133103323
13330130033
11333320301
23333310213
33333211122
30333020312
31333200131
03333021221
03333133212
00333032330
33330021333
21330131330
31331311233
33331133130
30331231332
31332232230
12333221232
