--- Global Parameters ---
Code Length:			11
Min Codebook Edit Distance:	5

Max Run:			0
Min GC Content:			0
Max GC Content:			0

--- Generation Configuration ---
Generation Method:		Random Candidates
Number of Random Candidates:	5000

--- Results Summary ---
Number of Candidates:		5000
Number of Ones in Matrix:	431052
Number of Code Words:		304

--- Performance Metrics ---
Number of Threads:		32
Candidate Generation Time:	0.01	seconds
Fill Adjacency List Time:	0.26	seconds
Process Matrix Time:		0.93	seconds
Overall Execution Time:		1.21	seconds
=========================================== 
23333322221
33332111111
20000111022
10000112333
33311133113
31111132221
01111100330
20111133332
13322222233
22232222100
02211111002
31131111012
21110111131
11221111233
13311311333
03333303333
00011330033
00011111331
30211110111
23200111110
23221112121
22220011000
22211331300
31211111320
13111121030
30110113300
11112233230
11112000011
13131113001
11121333002
01110300201
01220000002
20222200033
22022021233
01133333210
10111311121
10213211133
10122133113
11311233311
21211103110
21033113330
21021113023
21001011001
21111201023
21133110221
31113331031
00110131313
02111213233
11113201332
11311002233
21131212130
21120223000
11121012320
11113302120
11333211223
32133311113
23303311122
11100121112
11120311103
11130031022
12301112223
00112201111
33113003111
21302231111
11000031311
12110203301
12132211000
32112001333
21113000303
22131122313
01313321111
03111322301
01123230013
01122212333
32201131133
32312211103
23111211200
21312212201
21222120223
10121232211
33212221311
22212120331
32222321131
02223023333
22222333123
22013213111
12200113312
22102223303
12110222122
32223223011
20222020111
22203120113
20021121112
33120112112
23112100213
33212122222
23310213133
31223302133
12313130313
02102330333
21100302331
00313232233
31233121211
22002331221
02023311311
20013323312
23012233331
23113232112
22223002112
32301333011
02203333112
00232333313
13233223313
33103322233
10213332322
12113033223
01120233322
10131213322
22332132122
21331312312
22033003313
02332223330
00322331332
20032221313
02222201322
12232013131
21320122133
00323111033
30331131321
02131230131
11023132131
22333231130
33300331331
22300021131
31301101313
31333220131
11331221010
11232022323
23232310333
12322210321
13102110322
32221001310
13211232303
11300322203
23100333213
20310331101
02201123301
33202333101
12202203013
02312220011
12021100031
22023222032
22011202212
22120121322
12212310032
01202213132
32111320012
32122002121
32211020323
20213022223
02202022221
02122332102
00223322031
02213200203
22123302023
22320323201
21322021102
02311001122
13213031212
22001300103
23213101022
33231331023
33132331300
32223313203
30230013333
22200002203
20122202320
32012102102
32001012131
21003211210
12231332210
32231233000
20112310000
00232113000
21232103202
11230110300
12031101100
22303112030
33223110210
33122100020
13013011023
12203301302
22313000021
13223010001
03303112201
03233230211
01320110211
00201311203
12302333200
02333120002
12031031323
11030133212
30311221032
03211012332
03120310223
01011223102
01031310200
11020231200
00122121210
02212031230
03321320113
03321031100
31133002310
12133000200
10233002211
00233000323
33021213100
23321223021
31132220302
03331232220
01021220323
31232013210
11203022102
11022321023
13022123320
03203223002
33302232130
01200232120
13010323222
23120022232
33323123032
13312302022
33131303222
03023330122
00323102212
31303233332
23312003312
10022032312
00311203210
20000233230
02303302321
10032332000
12020122000
10220102120
12032000022
03101300002
13220030233
10331200300
30220212200
30222011012
20301231222
30023220222
31003021223
20323010123
30133020021
01310021020
13302021123
33302022011
13033203201
03330231013
33333020300
02013021300
20303133021
23103102300
32021330230
33311030030
23020130220
32032323220
32330103320
23320300132
10302111010
01333001001
23333012110
33130000033
30132031132
33001102321
33030212002
30303101120
03021202001
00001033121
32300030123
30203032301
01030300312
10003320123
10020303003
00202003302
31200210030
30010100230
10100023013
10010302111
10200200311
02010000010
30000201001
23002320030
30001320302
02003303000
33200300021
00100221103
03003121232
00333213202
00020012030
00030002222
02000230201
00002232022
