--- Global Parameters ---
Code Length:			11
Min Codebook Edit Distance:	5

Max Run:			0
Min GC Content:			0
Max GC Content:			0

--- Generation Configuration ---
Generation Method:		Random Candidates
Number of Random Candidates:	50000

--- Results Summary ---
Number of Candidates:		50000
Number of Ones in Matrix:	42862868
Number of Code Words:		438

--- Performance Metrics ---
Number of Threads:		32
Candidate Generation Time:	0.04	seconds
Fill Adjacency List Time:	33.02	seconds
Process Matrix Time:		128.53	seconds
Overall Execution Time:		161.61	seconds
=========================================== 
11111111000
22222222222
11113333331
30000022222
33000000001
00000001100
00000100022
00003333311
00001111221
10000002331
20000033303
03300000333
33300033322
00011100333
13333000222
13333330003
33333333230
33331322222
11100000013
20120000000
11000011220
11110003222
22300002223
22000003012
20011000021
10013300000
11100333000
00002233000
00111330001
30111133330
01113332220
00033300221
11003300333
10001133322
00333332010
10003032200
20033332232
22333000030
11130001330
30030000132
00303002002
01000032032
00333200332
00331103222
20030022033
01130022000
00011022203
03333022023
03310001022
31332000002
01033003020
10300330223
13002030022
03101300222
33300320020
33003331002
03330330321
00330133003
03313323322
23233333022
03003130332
21303330032
11333331221
00320333122
00020303233
00213330330
33013033333
22203033332
02000331320
01103003301
00100312333
00312233333
02303332303
00032222323
03110033230
00031012330
03000322013
00030213202
02200323222
12330233222
20130002322
01130331202
23303023000
00220013323
03000213321
00100203210
12100020332
31030002303
31100100302
33001103300
33311010000
03131030300
03032320000
33031200033
23000102030
33330203301
30303103331
23313300233
20002200203
20000231021
20300300311
03023000123
32020003321
22003320001
03220002300
02301020003
30302003212
30303223022
02302030220
12030010300
22203300220
00201203303
00212200002
21330003210
22330032331
01020313300
31133233300
10132333320
30023323003
30220300303
32003322330
00320232230
01322033030
33022330320
30222233322
33102000310
10232003200
20032030100
20022303312
10223133333
12200303310
02230223330
22321033300
00021033110
21332133322
03233133310
20001323231
33100223033
00102201033
00303311031
02023302032
00211001030
20200321030
20210303202
32010133302
30132023302
30010303011
13201003033
22010001230
10002312302
10012220330
02013010331
12032002232
32033032312
33233300311
10331323030
30333001103
32013333110
23030333111
23013322020
20333021220
03013031010
22023331200
22323333133
20123320333
02232332023
32323030323
22322200333
02133232233
20303201323
21132030033
33230023313
32002020133
32222032330
32202133033
32220203002
22100130023
02123013000
22013130320
02110330313
12311303332
02302003131
23200131333
23213003130
03210000111
23110030103
32110002010
02011232300
22333232100
21213302300
22231133230
22100222200
02011300102
23221130000
20222332301
30313032130
01233102230
32211002233
23022322233
21102302002
21110310020
33123030202
30100131200
30130332221
32310320232
01301233232
31113023032
33201232332
30213313313
13113313002
31223330100
31013312033
12113302023
10131100023
12130300212
12223310033
11330313233
11233310302
10333110200
11123200022
21220200031
22101001001
12003212003
21223032203
32333220013
33223102003
31223322322
20332313001
23320013202
33333121302
03233011002
03133223001
33321233203
10033201310
13203223331
21330222022
32130210001
31210032001
13230200102
13233222200
33020122200
30021202320
03120220302
01002220012
31232220020
33212230230
12312330010
11012230001
00222301220
01122230323
22022031023
31200201320
23020120021
20302122332
21212023333
23012233013
03302222031
03322130133
13332320132
13300210312
33301030113
30302210010
33330312011
13001120010
13321123002
11211220033
11320023021
31022132002
01222223100
03101023102
13103122032
33312223102
33121200100
10112030312
33311002321
00312312022
32313313201
33111333211
30231133021
31012322301
31300212331
10321020331
13022020201
12103233201
10112222202
11010332103
01011323313
13313201001
13301332131
11231302031
11032202100
11223201303
11102212030
11303231130
11301321022
13121032220
11011310230
11021330122
00121321032
01320210203
21311132003
30011232212
30131223223
33110113203
13112022323
11132122233
31103231223
31133202131
11302222123
20312322103
32011101003
20111122022
10012113223
31000131013
11331012010
13322231310
33002211100
30322221130
33120331312
01202333113
03231222133
23112213330
01312110330
31112301130
31121222210
01112020120
21102203221
32101210323
32312112303
12222322313
22211223203
23232120223
32321022201
21021221003
10032322211
01110222311
00030202111
03321322110
02120322021
00221002212
02012021222
03223210313
12212120322
03222233211
02122123231
10221122221
12111122331
20111201332
10311212301
20013012123
20200122213
30122001231
01212012213
01012001311
20121220011
11002101021
12220021223
11321200113
21021002132
12221001100
02213210100
12200101202
11020111333
03211113023
31211120310
31230112222
33132131232
31220311032
22111110302
22132210232
23113223212
22231320012
21201022312
21200331122
22120332110
13223131222
33021311223
13102201212
32332012122
02323123120
10201323112
11123022112
01232201132
10230301133
22230031212
23031110201
10320101012
22322133011
22032100121
12202130211
32013100211
32000221211
11013122121
12331102313
12131013221
11232103311
21033211231
21322302111
12133321311
22103012211
13031001131
32203301113
22000311131
10211130131
22121010133
32221220131
02300110113
10220112130
31102132111
31110021113
23112001121
02220201121
20120211301
02211133112
30301111133
13311112212
23321213121
12233121103
30202121102
30212310101
30113121120
20231101120
10323211122
22223111132
33023011311
23310113110
21130113132
20133111012
01133111303
02102111310
01122111122
20031211113
01221101011
03102311201
00113113111
22112311011
31312111211
13210311121
