--- Global Parameters ---
Code Length:			11
Min Codebook Edit Distance:	5

Max Run:			0
Min GC Content:			0
Max GC Content:			0

--- Generation Configuration ---
Generation Method:		Linear Code
Min Candidate Hamming Distance:	4

--- Results Summary ---
Number of Candidates:		4096
Number of Ones in Matrix:	295944
Number of Code Words:		284

--- Performance Metrics ---
Number of Threads:		32
Candidate Generation Time:	0.01	seconds
Fill Adjacency List Time:	0.18	seconds
Process Matrix Time:		0.63	seconds
Overall Execution Time:		0.84	seconds
=========================================== 
00000000000
32222222221
21111111113
13333333332
33300033330
03311133333
13111111300
32111111232
11100011110
01122211111
21222222100
33221110111
00111111021
30011100003
00021113233
11011100131
11302111331
02112112333
12221110023
10003111000
02001113110
10331112112
02211011312
31110110311
11111031002
11022110200
11112112012
33311211010
31311133120
10110110223
33000112220
02220111221
21301112230
22110110030
00000101121
30011001122
33311013222
03312111202
23001113022
22321101001
21122101222
01111201220
03231122221
03102112121
03101130010
31203101111
30121102211
33212100220
03201011100
30220111032
00201122310
32122101103
12222132112
22212121322
11232113123
11320121112
31112000113
10212121131
10323110131
23022110013
23232113330
22300113313
12010101012
21002011211
23222001111
03333103110
03321000012
33330100011
13313011121
32212012213
23101022111
20330001211
22310001132
32230123111
31322123211
22111220131
21130200112
21011222212
22131102322
23131212123
22230212212
22200022220
22103121201
20131123101
21332102101
02133001100
12002002110
32000000213
32010211321
30001311131
01032131110
00331223211
02303221111
22022200212
20201030211
12011231113
00333131221
22113231212
22112202000
22322022011
02212231011
21223112001
33233211221
13020021221
11012023121
31120221202
32330012022
32122000022
12231002202
11130122231
32221200310
03112000300
21011020020
13213120012
11310210001
31330222121
11113222113
31111321331
13112133231
01123121010
21131332221
13331322011
12310323211
31210031201
33202012001
33122013130
12230031010
21123033111
01110333113
11230003321
11200130000
11100213322
12100221013
11212231330
11021033210
10110213130
10220003133
13121220213
11222001302
11222302011
10022200001
12202210301
12120103200
21202100313
12111003333
30321013313
20210010303
03130131002
01000112033
21010013232
11320020033
11133100300
11303320311
01313301001
31203000030
32332003301
31331211333
21333131313
31322022330
32333131032
32131031213
31231122032
32310132003
31122331000
02133100021
02201301301
00221002331
01222132233
10122032221
23020101330
22222311310
22323011203
23312300010
20121031320
32102223310
21000202300
13210300311
00113203011
30311322200
20111300233
20301202031
21321230023
12302123000
13303200013
21130301033
23033130101
23111332102
22113033020
21131233300
11123311232
12313301320
31233230002
00302332001
32333333200
30101220002
11332220222
10202231122
20213331121
01133330122
33211320123
03320132321
03100002323
11011302303
13132310103
10322123323
10330121300
13003123331
13002213230
13100333020
31303232210
32032221102
21302233012
23322233331
33322102032
03121313322
23200233100
03300311013
32001033001
31001203102
20031012032
12333023133
10303030110
30013010201
30012023013
30023123120
33303312112
30130320131
01023010123
30133100232
33010202233
00003022131
02010032123
01020230220
12003130223
00233000312
33033300323
31210233033
32213322312
22203303002
21032320302
10130030202
02323103302
00130103333
02132032312
13213322220
13032023202
31202033222
30302010322
21000303221
23002030032
03303030231
00310330022
00221301022
03010322322
02111332030
00331021023
13003321103
30033332012
20333320033
12013220230
20313002220
20123323310
01003332330
00203133033
01223303213
02202323230
03322022123
00003321222
20300231223
00222222032
03232203003
02031222003
00132211303
20232020120
22223223023
23122322233
13202302332
31123203333
31332332323
03332332130
03023031300
22012333133
22200321133
12230332303
