--- Global Parameters ---
Code Length:			11
Min Codebook Edit Distance:	5

Max Run:			0
Min GC Content:			0
Max GC Content:			0

--- Generation Configuration ---
Generation Method:		Random Candidates
Number of Random Candidates:	25000

--- Results Summary ---
Number of Candidates:		25000
Number of Ones in Matrix:	10690974
Number of Code Words:		396

--- Performance Metrics ---
Number of Threads:		32
Candidate Generation Time:	0.02	seconds
Fill Adjacency List Time:	7.22	seconds
Process Matrix Time:		29.10	seconds
Overall Execution Time:		36.36	seconds
=========================================== 
31333322222
33333211112
33333313331
11333333112
01133311111
20000022222
32111111112
00011111101
10033311122
22000331111
01111130111
33311331113
33203131111
33331131021
13311110011
33001111002
31111113000
11110111103
11111122122
11111013333
11331111323
03111111223
32211110033
23311112202
03031112112
33012111311
33122111130
01011113322
01313111002
20331110000
10331101110
22233111101
11133211000
03333310100
13333001101
00333100011
13333112030
23331221100
13100011112
13121311101
21322211111
03213011113
32200211110
22011131000
22000111333
22112211133
33031113230
33311003300
33311022211
31133112210
22101112211
33313332001
32231311300
32223111222
33010000110
00000112311
03330301311
01121221112
21001211132
12001112130
21022111200
31222221100
33222112001
33320101210
33300321120
21301131120
23333323210
33133033221
33032222111
03321122131
33223332220
11112222011
00211122011
10300022111
33000122133
33000333210
32003322112
31100233111
21113231101
32133231311
21100021211
31103221133
03002311133
30000031132
00332211310
02000010113
22033021113
23320011123
03301001122
30330110133
30310011200
31330212100
03331212301
02332111033
33102210101
30103311001
33113120103
33023321000
20003121010
21000000101
31000110030
30001301103
31113010131
33121002112
31331001012
33303000212
30030201211
30033102120
00023002111
30012001001
30011212310
23000110221
20032113113
00130122110
00102201113
03131102200
00033131300
00223211120
10202111123
12201011011
02311011231
20201103111
10022120111
10003010012
11001101021
00011100213
01301120001
11200001120
31011021222
10112110221
31112002221
23111031132
01122012101
03110312120
00120331211
13130210211
12330312011
03012102121
00210011021
30011130331
33200020001
32100121301
23001001313
03001013201
32212200111
30112030113
33003103013
30110103212
30213302211
00011330120
01113322213
00131313221
00131133103
11223112113
10211313112
13032121013
01130011233
03001332222
33103312232
13303132122
10310301221
11012112233
03310131330
33322033101
13113122331
11123332121
11110331022
13112321312
11100132220
10001222102
01201010100
00110100020
20312131012
21131212123
12013312220
13000212020
13033202210
03000002002
13320002222
23113222220
33021200220
23113001000
13110003201
11312301010
11023031100
11102100312
31100000333
31121110332
31111330233
13311300232
31313103123
11010020123
11211231200
23331000223
20330001003
12300000023
12113310013
11310130213
23312003011
01101302301
03103202011
01010221031
10303300000
13321030000
10111032300
11333020031
13231000130
13100103330
00021021003
10012130003
12031102003
10031233011
11031331331
10103021313
11302313001
01100133002
03103330310
00303233101
21100332103
20000330002
00003013333
00310030303
00301033213
20330033121
32030300131
00320311030
00302312200
20010222000
00030321202
13030032313
31023033311
30130301320
30133322030
12010311302
21021100033
22001303001
32131033010
01213311330
21212013110
10232012000
10123003210
02130200103
22302010010
03332200002
00331230033
00202000031
31212133131
03033201023
01002020220
01120020030
22100030130
11120303303
31331323303
32112331330
21130213330
21111230320
20113210303
21032322100
21333032133
03313233312
03013023230
00122302010
30122133300
30312222203
30122210020
31122320301
31213132202
32110320021
02113012202
11032033020
02022310000
30311223321
33021333132
01002231212
31102031322
31012220132
33132020032
33302231033
00013200332
03230231102
33201323012
20131100322
10130132032
21033302012
23033020301
02323320111
01321330212
12303331032
11323300223
01023310321
02033330022
01221131023
03323103303
20033330230
33323022302
23132331003
23231312020
32033233200
02231303110
11232102102
12312200200
23012301022
31301233222
21332330332
12100333231
31220130221
22113303121
02213333323
12331333223
20123333222
20303123132
00333022323
02330033202
22133120002
21223000021
12223300102
10223333031
22032333310
13003223032
23120323102
22210320100
21221210012
13221113321
23230121031
12332012132
11320123231
30320013332
32203033122
23220000300
30232201122
13020230331
21200223010
22300303332
30230020310
20202021102
22320002311
22213101332
00200302322
30220322002
12213220310
20022003122
12030200222
02221000222
03223001231
30023323123
12220033310
13220313133
32322130013
30212313023
02332230120
22323210130
32303032203
23332123323
23002233131
22210332331
02123300333
12301120333
11230233233
23103020233
33022203333
33212321233
23320122003
22302101223
22312313203
20022332203
22221302200
22221021121
12321222113
31202022123
32220023203
32201203230
32211202022
12121012322
11221202330
03222210230
12222030123
22021323213
02022131331
00022102232
00102123222
20201322333
20322022330
10023220233
13210232221
02300222230
02233122233
02121223300
21122233313
23212203223
23122202321
22222123032
22130221322
10322323322
21223222232
32022223222
01232223221
