--- Global Parameters ---
Code Length:			11
Min Codebook Edit Distance:	5

Max Run:			0
Min GC Content:			0
Max GC Content:			0

--- Generation Configuration ---
Generation Method:		Random Candidates
Number of Random Candidates:	10000

--- Results Summary ---
Number of Candidates:		10000
Number of Ones in Matrix:	1704980
Number of Code Words:		351

--- Performance Metrics ---
Number of Threads:		32
Candidate Generation Time:	0.01	seconds
Fill Adjacency List Time:	1.07	seconds
Process Matrix Time:		4.02	seconds
Overall Execution Time:		5.12	seconds
=========================================== 
22333333333
33333302222
13333332301
31111222222
02222111111
13222222111
01122221112
30022222212
33332222332
33111223333
33331333312
33000023332
33333111101
33333000300
33310223111
33223233311
03002223311
33332331033
33033322113
32022233322
30203333323
30012333330
03013332333
31313003333
13233122333
32233211333
12200313333
13000222133
11022023333
00003233033
00000020030
10000003113
33000001223
20000011331
20001300333
03003303300
02330003330
10333030332
30222001333
13222303330
32233330032
30302203303
00021033323
00330033013
00110013333
00300022322
00331113332
00302333222
00000301312
00033323012
00102222300
33000232200
11033233300
00032123131
00333220201
20322221313
02102231333
20020223233
02000322232
12222232033
01332203133
03033203232
11301233323
03323300203
03330321303
03300201033
23330030233
03330133121
02333321131
11133232133
11110331333
21331322233
13133313223
11233310303
11203332232
00233312230
13332002230
23302202223
10103022331
13030322221
01101332223
03103212233
01133102330
10333300110
00303310031
31333210312
31133331120
32013331222
00133231111
30331312323
33302121231
13331231130
33010313133
03030111113
10001322111
30033010111
30330231310
31002331303
32000133123
33030330102
22003311113
33200311322
33133103013
23203323111
21201333133
01322133312
31233123322
23322111332
33210133302
30310121332
10312211331
10011233311
10133011313
10003111223
32330110132
31003021133
10032212322
30121331132
30220022113
11003031321
21000330222
00233103221
30001232022
30002111102
33000100031
31101003322
10113012222
10310332202
00301232103
00113103312
03113330002
33011302032
33012103222
13301003311
03030000211
30320200222
30330012002
10132332032
33222210221
32330330211
33113031231
01230131331
00122032231
30100230231
33023002121
20013301321
13220011311
33222302103
20313133211
33312000023
13312322122
01112323320
31332221100
03332312000
33313100112
13310111222
13103110321
10321313122
13300213300
21333013202
33132011022
32130021232
30210000312
00312000132
01033121102
03313213210
21000123300
32210023320
30321003210
11332023221
31102113232
00032210100
30112231103
33122112033
31100122103
30011022003
03012113003
32011033213
31111102313
31132001113
31021111311
31031011203
31111111030
11111311212
11022331211
13302210113
33102200130
32122211310
01311201312
01113011110
13130010120
03102021121
11210231111
11030301013
11100232012
11101201331
11011000033
21110000111
31110210102
20011121112
22101111323
33211131120
32112013111
03201003032
11200100330
01010103230
01323111230
13002310230
11022111022
30311110220
03111131301
10031131002
01001100213
32023212132
02131300222
11131130220
00101110202
13201101112
00201311211
23011101330
13211330131
13111020211
01031021011
10111100101
10021101120
10120023220
11120213023
13201302220
10312121210
12200212222
03020120223
02012121120
01203221023
00120233102
10022030122
13032122012
10223000223
10013202023
31121303203
10112230212
03211222302
11120322110
23100122230
31231032230
32103321201
32031132310
12121333310
23120022312
12001032120
03210120110
02023122210
02202232211
32001210211
32201122130
20112200323
31221322211
31012203101
13120132101
11321122121
23311210121
11230220210
31123220003
21130320023
31230102012
23123301110
02311021023
02111022200
21132121203
12010221031
12003023003
11020002301
21003202100
10100312000
31211200200
21121122002
32322322002
02320102321
21310312313
30202123013
22112012332
21210123221
22113232112
02113202031
23123200331
01212030313
02213301213
21023100232
22310011211
23313022100
22330222012
20301102301
00221121031
20023220011
01223212010
11222101200
21301011101
12310001103
12013203110
21222023212
21223110113
12122120011
22021201131
02210010122
22220001112
22303001332
23310010302
20311203202
33212023001
23111230013
22213103331
12213112320
20211033100
20222122330
22201002313
22202020032
20123102203
22122002120
32212300011
22110302301
22310233003
22131321030
22213122013
22221321322
23222133021
12021213030
22232331221
12302130221
22030201220
12232011302
02231101300
00231130010
12020100102
20332001021
21212100022
32321110003
22001130012
12321331001
33223313200
32103100000
20220111010
23023031203
30020010300
31022202020
23103211000
13012200000
31320300100
22122133200
20222010003
21232313020
23022320300
02020320001
