--- Global Parameters ---
Code Length:			11
Min Codebook Edit Distance:	5

Max Run:			0
Min GC Content:			0
Max GC Content:			0

--- Generation Configuration ---
Generation Method:		Linear Code
Min Candidate Hamming Distance:	3

--- Results Summary ---
Number of Candidates:		65536
Number of Ones in Matrix:	72482652
Number of Code Words:		461

--- Performance Metrics ---
Number of Threads:		32
Candidate Generation Time:	0.05	seconds
Fill Adjacency List Time:	51.25	seconds
Process Matrix Time:		222.25	seconds
Overall Execution Time:		273.55	seconds
=========================================== 
11110000000
22222222000
33333333000
33000000003
00001111000
00000001133
00022111111
00000220001
00220000002
22000330000
10001000010
32011100000
22330000001
11222200001
33332200002
03333000030
33222310000
33113300001
00112200003
11331100003
03333111100
22111111003
33111221000
23100011000
21000002100
01111111120
11111133002
11011110011
21003000031
11003322000
21032020000
11121120100
12111200031
13111211111
22110220002
11112220211
31111002111
31222221111
13100000311
32110010011
11000111131
22200021111
11200020021
10100033001
11133011110
12013000111
20210100011
10333200011
31330300111
30020000121
00003100211
30100200020
31203003000
11220001130
00123001100
22211003100
22122100030
22020000233
10000200332
10013030002
00110132000
00310010300
31013010100
13002300300
11012200120
12000010220
11020130020
12011011300
13132103000
11100313010
11300102030
33101002200
00211000220
11121000222
11100201202
13303000202
21312300010
11333012001
11330003320
11010002333
01011000132
01131100310
10111030330
11133233300
23110200330
03111002033
13210000123
11110103213
01100030322
03010100301
23012002001
23200003032
20133003002
33310030110
10033330110
00033003310
00000333320
03300200210
20010031101
10003011201
03200030201
02000120110
00311020111
20020101003
22001200320
22001122001
01100112211
03310111011
11310211020
33300012031
13110110231
23111033011
21202001201
01002021011
01020020103
20100022310
30022201010
00022002230
00001020323
22002202211
33212001030
23032100110
21112101102
21300010132
32220021200
22111012210
02111202300
21110023221
21101102023
22113000323
12110301103
23310001222
21301030211
22230020330
12220100221
20223010020
21002300222
11121310033
10132001033
10123300230
13311101133
03103010023
30003110033
31010210032
13100112103
30303102001
30000212221
20031002203
30001222030
03000111223
32000111012
30010102113
30111110222
01001031203
00002332003
00013301013
00321110013
00102221200
01223110200
01102012130
31110212301
02203120003
11202030303
11223021003
01210031023
12222110103
13300023013
11303300313
00302023030
33202111110
32330011120
33311120023
31023120002
20030210202
23302110021
23331130200
12303131000
22201113020
21113130220
02211330010
31201120210
12022230200
10101112320
31031211200
31211112203
13311113210
11031101221
01301123300
33030113030
00033112220
00031232100
00200121022
02102102220
01303032020
12133022200
12000222102
32231110130
10013211130
20220311110
22100312120
30200103330
31201011133
10200032223
31000332022
31103320103
01133200223
31130023130
32112131010
30212121001
10211222110
11020322111
11302222310
13332021300
32301112111
11130122302
10021301031
10120221301
00131201021
01201202221
01120222022
00130022232
02211211201
03312212200
23130122220
20011321220
02301332200
30013332300
10111321012
12121021211
13211121202
10213101112
11101331122
13001232021
33010311202
30021103202
30210320130
01031113022
33001121322
33011300333
33100031333
00011133121
20311313001
11012313201
10103103131
00120113032
00113112133
00212002311
11211203311
21211132130
11231022012
12013122022
10310320222
30113202032
30301300212
33031202222
33110222212
31300202123
33132011022
33002201132
30302001322
30330121102
03201320120
03131310202
33023302020
31213300122
32202012222
12210021322
02311112322
02200103212
32300023302
30201023122
13320011312
31320013101
32230132002
13203311002
30203031011
33003313210
30113313102
31103311311
30331033220
32100113321
33101203121
13221130111
11321231011
11220113322
13312332002
30023131122
00203131230
00233202202
10232110212
11230132121
12323001021
21103221021
11122130312
11233330202
10130331221
31121332201
31120301332
33110333322
30111133313
03212011212
30312211121
02302030012
30122233002
01112323122
01313221101
01122033021
31022032320
13122012013
32212202021
03220222101
03121013320
31132303210
33122300223
02221012023
02222200232
10022223222
00323222010
30202322012
33203222300
33322103120
12332201220
32232100322
21021221122
02102213102
12213223001
01330231122
03103321112
01230302132
31313321320
01013212213
10033023023
11322031123
20322200312
30130223203
31323222221
31321122312
13221212230
32310312310
33331012213
13031012332
20002031232
12012103232
11032331032
12113233222
21331031030
13221033302
00321003332
01322102131
01231310321
00132133112
20133011321
22133110111
22232201012
32333103012
12133111332
13131130323
10332133201
20103213030
22302321100
03303130132
02313013130
02133330320
21220331222
03223301221
22312213022
22212312102
22011131332
21131213013
13332331111
00330323211
02332203111
01123303113
02113231113
01033311231
03333332223
03220303310
02223133022
12223331101
21133333121
13202303211
32333231201
22032113221
22303003311
22033133102
20300330123
22330332212
32232330211
32220230013
23003222013
21012023113
22122301311
20123323011
22223203210
23033203021
20203320213
02213322123
22333202322
02320023223
23133022031
21213232003
21323332302
21313023332
13231322103
22321303013
22123112223
31333030233
30231330303
32133220033
31332113303
31033122330
12233102233
23213112301
21122122321
20232121310
12030211213
32032321023
10321211323
22003332131
30333021313
33032332312
30232013231
02030121331
23302201303
30221313311
03002013313
03202022332
03322320113
33233203332
23320032133
23203131313
33223332132
33021233113
22320211331
32211331233
13303313331
23321323321
23112233123
13333223233
03331233031
03102333301
03232323230
03123223003
02232222313
02312232132
13122231330
12322332231
32302222233
11002232133
22231232331
02012233310
00221220133
20121021333
20112323233
23212130233
22102330332
20022133323
01003133333
12203221333
12312033333
10222303333
